03195	1	0.000	0.000	0.000	69.294	201.077	2645.849	88.689	135.365	2715.123	132.577	-77.180	2864.769	141.778	-233.516	2831.116	99.773	81.689	2752.914	210.457	77.637	2637.165	-2.741	20.048	2628.142	118.581	52.206	2786.162	142.845	58.638	2817.765	0.000	0.000	0.000	99.773	81.689	2752.914	23.450	54.011	2830.720	23.450	-167.012	2830.720	23.450	-368.812	2830.720	23.450	-451.315	2830.720	0.000	0.000	0.000	224.839	-271.358	2791.596	224.839	-601.637	2791.596	224.839	-912.314	2791.596	0.000	0.000	0.000	114.405	-329.866	2842.965	114.405	-660.145	2842.965	114.405	-970.823	2842.965	0.000	0.000	0.000	
03196	3	0.000	0.000	0.000	77.492	198.433	2637.079	88.233	131.994	2705.064	133.172	-79.947	2855.781	141.677	-234.027	2812.182	99.567	78.541	2743.076	215.924	56.739	2743.802	49.880	9.178	2605.961	70.504	40.555	2804.192	74.628	46.831	2843.839	0.000	0.000	0.000	99.567	78.541	2743.076	22.132	50.894	2816.967	22.132	-170.087	2816.967	22.132	-371.844	2816.967	22.132	-454.330	2816.967	0.000	0.000	0.000	224.051	-260.690	2768.434	224.051	-590.907	2768.434	224.051	-901.526	2768.434	0.000	0.000	0.000	114.030	-322.641	2837.890	114.030	-652.858	2837.890	114.030	-963.476	2837.890	0.000	0.000	0.000	
03197	3	0.000	0.000	0.000	86.348	188.404	2625.874	88.120	125.824	2697.434	115.968	-101.014	2829.908	125.897	-247.274	2764.576	95.136	68.674	2730.809	195.261	48.216	2775.612	99.716	-0.093	2582.337	71.795	30.577	2779.749	66.211	36.710	2819.231	0.000	0.000	0.000	95.136	68.674	2730.809	22.155	28.260	2796.146	22.155	-192.688	2796.146	22.155	-394.409	2796.146	22.155	-476.882	2796.146	0.000	0.000	0.000	216.469	-267.765	2751.853	216.469	-597.932	2751.853	216.469	-908.504	2751.853	0.000	0.000	0.000	111.008	-320.067	2818.865	111.008	-650.234	2818.865	111.008	-960.806	2818.865	0.000	0.000	0.000	
03198	3	0.000	0.000	0.000	74.675	180.959	2585.050	86.313	119.535	2655.512	24.600	-136.591	2679.041	61.247	-255.520	2577.373	70.788	55.105	2661.431	172.497	50.239	2759.407	172.497	-170.661	2759.407	172.497	-375.549	2759.407	172.497	-458.001	2759.407	0.000	0.000	0.000	70.788	55.105	2661.431	33.515	4.777	2739.578	33.515	-216.122	2739.578	33.515	-421.011	2739.578	33.515	-503.465	2739.578	0.000	0.000	0.000	115.625	-279.348	2653.875	115.625	-609.443	2653.875	115.625	-919.948	2653.875	0.000	0.000	0.000	65.449	-296.329	2669.120	65.449	-626.424	2669.120	65.449	-936.928	2669.120	0.000	0.000	0.000	
03199	3	0.000	0.000	0.000	73.656	172.460	2564.715	86.083	117.083	2641.832	28.949	-138.007	2682.967	58.476	-268.557	2593.908	71.719	52.948	2652.174	178.187	51.602	2744.016	178.187	-169.280	2744.016	178.187	-373.507	2744.016	178.187	-455.952	2744.016	0.000	0.000	0.000	71.719	52.948	2652.174	40.925	-2.256	2725.087	40.925	-223.138	2725.087	40.925	-427.365	2725.087	40.925	-509.812	2725.087	0.000	0.000	0.000	99.778	-313.218	2661.358	99.778	-643.288	2661.358	99.778	-953.768	2661.358	0.000	0.000	0.000	56.166	-324.844	2665.546	56.166	-654.914	2665.546	56.166	-965.394	2665.546	0.000	0.000	0.000	
03200	3	0.000	0.000	0.000	76.951	157.327	2536.749	85.915	115.321	2622.836	81.443	-140.760	2690.093	89.328	-282.256	2613.958	84.791	50.987	2639.733	183.184	50.442	2722.162	183.184	-170.415	2722.162	183.184	-373.690	2722.162	183.184	-456.126	2722.162	0.000	0.000	0.000	84.791	50.987	2639.733	-2.046	29.154	2531.325	-2.046	-191.704	2531.325	-2.046	-394.979	2531.325	-2.046	-477.416	2531.325	0.000	0.000	0.000	128.833	-341.154	2651.835	128.833	-671.188	2651.835	128.833	-981.633	2651.835	0.000	0.000	0.000	73.516	-349.342	2651.839	73.516	-679.375	2651.839	73.516	-989.821	2651.839	0.000	0.000	0.000	
03201	3	0.000	0.000	0.000	80.108	160.789	2526.602	85.888	115.089	2611.249	94.663	-145.565	2657.471	91.850	-279.605	2568.493	88.091	49.624	2622.858	189.853	47.232	2696.962	189.853	-173.616	2696.962	189.853	-376.552	2696.962	189.853	-458.985	2696.962	0.000	0.000	0.000	88.091	49.624	2622.858	33.567	121.211	2469.881	33.567	-99.637	2469.881	33.567	-302.574	2469.881	33.567	-385.007	2469.881	0.000	0.000	0.000	131.068	-324.599	2631.863	131.068	-654.619	2631.863	131.068	-965.052	2631.863	0.000	0.000	0.000	85.870	-334.559	2627.937	85.870	-664.579	2627.937	85.870	-975.012	2627.937	0.000	0.000	0.000	
03202	3	0.000	0.000	0.000	86.440	163.888	2513.978	85.874	114.984	2597.166	111.648	-142.056	2655.866	101.568	-251.008	2537.846	92.346	50.441	2611.905	190.779	49.750	2681.069	190.779	-171.091	2681.069	190.779	-373.756	2681.069	190.779	-456.186	2681.069	0.000	0.000	0.000	92.346	50.441	2611.905	44.723	141.524	2456.090	44.723	-79.317	2456.090	44.723	-281.982	2456.090	44.723	-364.412	2456.090	0.000	0.000	0.000	138.687	-310.241	2602.375	138.687	-640.249	2602.375	138.687	-950.672	2602.375	0.000	0.000	0.000	98.504	-299.894	2629.621	98.504	-629.902	2629.621	98.504	-940.325	2629.621	0.000	0.000	0.000	
03203	3	0.000	0.000	0.000	93.021	181.390	2503.606	85.865	114.910	2573.443	144.227	-121.329	2678.324	130.240	-222.847	2554.180	100.515	55.609	2599.770	206.460	80.762	2653.199	206.460	-140.064	2653.199	206.460	-342.335	2653.199	206.460	-424.759	2653.199	0.000	0.000	0.000	100.515	55.609	2599.770	-21.515	149.456	2476.765	73.249	-42.111	2532.314	73.249	-244.382	2532.314	73.249	-326.807	2532.314	0.000	0.000	0.000	214.797	-248.585	2543.099	214.797	-578.571	2543.099	214.797	-888.973	2543.099	0.000	0.000	0.000	104.722	-299.170	2575.259	104.722	-629.156	2575.259	104.722	-939.558	2575.259	0.000	0.000	0.000	
03204	3	0.000	0.000	0.000	94.290	188.231	2503.268	85.863	114.898	2565.812	160.821	-109.857	2684.522	149.563	-221.948	2569.519	104.677	58.487	2595.607	207.134	95.604	2651.076	207.134	-125.214	2651.076	207.134	-327.342	2651.076	207.134	-409.763	2651.076	0.000	0.000	0.000	104.677	58.487	2595.607	-59.303	109.503	2530.503	112.114	-13.034	2464.464	112.114	-215.162	2464.464	112.114	-297.584	2464.464	0.000	0.000	0.000	227.321	-255.138	2580.210	227.321	-585.111	2580.210	227.321	-895.502	2580.210	0.000	0.000	0.000	94.996	-266.248	2633.287	94.996	-596.222	2633.287	94.996	-906.612	2633.287	0.000	0.000	0.000	
03205	3	0.000	0.000	0.000	97.815	194.814	2500.183	85.875	114.890	2553.539	170.241	-101.743	2675.848	166.010	-229.375	2577.811	107.234	60.045	2584.503	215.895	104.627	2629.810	215.895	-116.164	2629.810	215.895	-318.073	2629.810	215.895	-400.485	2629.810	0.000	0.000	0.000	107.234	60.045	2584.503	-45.205	110.763	2478.513	147.254	84.215	2373.617	147.254	-117.694	2373.617	147.254	-200.105	2373.617	0.000	0.000	0.000	232.268	-257.731	2599.865	232.268	-587.665	2599.865	232.268	-898.019	2599.865	0.000	0.000	0.000	108.280	-260.481	2631.824	108.280	-590.416	2631.824	108.280	-900.769	2631.824	0.000	0.000	0.000	
03206	3	0.000	0.000	0.000	99.548	202.098	2493.738	90.904	119.574	2543.710	160.500	-99.161	2670.776	155.809	-234.717	2584.060	108.544	64.132	2575.916	227.523	104.926	2608.154	227.523	-115.844	2608.154	227.523	-317.665	2608.154	227.523	-400.069	2608.154	0.000	0.000	0.000	108.544	64.132	2575.916	-52.168	125.716	2593.958	59.494	151.663	2405.284	59.494	-50.158	2405.284	59.494	-132.561	2405.284	0.000	0.000	0.000	234.240	-245.444	2581.697	234.240	-575.348	2581.697	234.240	-885.672	2581.697	0.000	0.000	0.000	95.658	-268.573	2609.198	95.658	-598.476	2609.198	95.658	-908.801	2609.198	0.000	0.000	0.000	
03207	3	0.000	0.000	0.000	109.039	226.064	2478.146	108.967	141.534	2525.491	151.024	-71.402	2671.848	139.720	-211.561	2605.010	119.648	87.458	2562.659	252.558	88.984	2524.546	252.558	-131.729	2524.546	252.558	-333.397	2524.546	252.558	-415.778	2524.546	0.000	0.000	0.000	119.648	87.458	2562.659	-34.777	184.878	2554.471	32.948	297.448	2377.114	32.948	95.780	2377.114	32.948	13.398	2377.114	0.000	0.000	0.000	203.763	-251.205	2626.487	203.763	-581.022	2626.487	203.763	-891.264	2626.487	0.000	0.000	0.000	101.546	-262.306	2606.718	101.546	-592.122	2606.718	101.546	-902.365	2606.718	0.000	0.000	0.000	
03208	3	0.000	0.000	0.000	107.503	243.654	2470.127	112.106	158.830	2516.718	143.709	-56.256	2663.630	130.385	-190.018	2589.399	120.112	104.341	2553.936	255.462	104.308	2518.891	255.462	-116.366	2518.891	255.462	-317.963	2518.891	255.462	-400.330	2518.891	0.000	0.000	0.000	120.112	104.341	2553.936	-38.095	179.694	2539.795	51.594	-21.866	2534.661	51.594	-223.463	2534.661	51.594	-305.831	2534.661	0.000	0.000	0.000	192.557	-224.433	2619.472	192.557	-554.192	2619.472	192.557	-864.380	2619.472	0.000	0.000	0.000	93.717	-234.308	2619.139	93.717	-564.067	2619.139	93.717	-874.255	2619.139	0.000	0.000	0.000	
03209	3	0.000	0.000	0.000	101.307	260.030	2459.811	109.987	175.521	2506.383	90.271	-12.518	2688.968	87.251	-153.503	2631.034	105.002	127.977	2552.548	257.074	131.934	2517.577	257.074	-88.694	2517.577	257.074	-290.222	2517.577	257.074	-372.572	2517.577	0.000	0.000	0.000	105.002	127.977	2552.548	-40.360	154.723	2531.338	-89.780	-50.936	2594.100	-89.780	-252.464	2594.100	-89.780	-334.814	2594.100	0.000	0.000	0.000	90.164	-156.950	2735.267	90.164	-486.641	2735.267	90.164	-796.766	2735.267	0.000	0.000	0.000	-4.065	-121.041	2679.202	-4.065	-450.733	2679.202	-4.065	-760.857	2679.202	0.000	0.000	0.000	
03210	3	0.000	0.000	0.000	85.928	299.168	2443.461	94.011	218.039	2495.758	39.085	62.824	2696.644	23.484	-92.128	2721.585	79.964	178.343	2547.135	233.509	157.248	2514.426	233.509	-64.967	2514.426	233.509	-266.369	2514.426	233.509	-348.685	2514.426	0.000	0.000	0.000	79.964	178.343	2547.135	-46.209	163.492	2525.194	-134.904	-25.549	2601.197	-134.904	-226.951	2601.197	-134.904	-309.267	2601.197	0.000	0.000	0.000	116.700	-108.274	2699.257	116.700	-437.827	2699.257	116.700	-747.821	2699.257	0.000	0.000	0.000	-63.066	-113.527	2675.668	-63.066	-443.080	2675.668	-63.066	-753.074	2675.668	0.000	0.000	0.000	
03211	3	0.000	0.000	0.000	85.091	316.607	2436.207	90.824	237.234	2491.473	58.818	73.761	2693.911	47.543	-82.260	2728.667	82.712	195.804	2542.778	231.978	173.683	2503.053	231.978	-48.240	2503.053	231.978	-249.667	2503.053	231.978	-332.000	2503.053	0.000	0.000	0.000	82.712	195.804	2542.778	-46.346	166.461	2507.998	-125.972	-27.033	2581.956	-125.972	-228.460	2581.956	-125.972	-310.792	2581.956	0.000	0.000	0.000	141.155	-132.933	2733.232	141.155	-462.551	2733.232	141.155	-772.606	2733.232	0.000	0.000	0.000	-31.607	-171.839	2725.454	-31.607	-501.457	2725.454	-31.607	-811.512	2725.454	0.000	0.000	0.000	
03212	3	0.000	0.000	0.000	88.363	326.994	2430.104	93.500	249.077	2487.555	106.867	76.431	2685.283	118.282	-83.270	2673.372	96.881	205.411	2537.565	235.693	186.234	2483.007	302.724	-22.958	2513.447	302.724	-224.478	2513.447	302.724	-306.853	2513.447	0.000	0.000	0.000	96.881	205.411	2537.565	-45.956	198.768	2534.562	-92.663	-12.691	2486.762	-92.663	-214.211	2486.762	-92.663	-296.585	2486.762	0.000	0.000	0.000	197.202	-112.442	2631.641	197.202	-442.230	2631.641	197.202	-752.446	2631.641	0.000	0.000	0.000	109.265	-123.518	2589.829	109.265	-453.306	2589.829	109.265	-763.522	2589.829	0.000	0.000	0.000	
03213	3	0.000	0.000	0.000	94.295	367.421	2401.473	101.124	291.858	2462.104	150.775	111.763	2648.735	171.423	-38.975	2595.393	113.644	246.442	2509.169	244.672	244.175	2483.721	293.451	29.563	2510.970	293.451	-172.291	2510.970	293.451	-254.809	2510.970	0.000	0.000	0.000	113.644	246.442	2509.169	-36.534	235.698	2497.365	-112.452	42.485	2575.374	-112.452	-159.370	2575.374	-112.452	-241.888	2575.374	0.000	0.000	0.000	203.059	-80.980	2668.505	203.059	-411.343	2668.505	203.059	-722.100	2668.505	0.000	0.000	0.000	87.439	-58.738	2639.215	87.439	-389.101	2639.215	87.439	-699.858	2639.215	0.000	0.000	0.000	
03214	3	0.000	0.000	0.000	97.900	387.209	2394.488	101.973	311.503	2455.385	126.260	122.241	2638.791	132.239	-40.464	2629.465	108.091	263.825	2501.588	242.705	260.249	2483.693	292.764	46.780	2517.824	292.764	-155.317	2517.824	292.764	-237.936	2517.824	0.000	0.000	0.000	108.091	263.825	2501.588	-31.399	239.543	2471.744	-109.489	54.548	2566.182	-109.489	-147.548	2566.182	-109.489	-230.168	2566.182	0.000	0.000	0.000	188.550	-97.762	2675.834	188.550	-428.531	2675.834	188.550	-739.670	2675.834	0.000	0.000	0.000	49.062	-73.836	2660.733	49.062	-404.605	2660.733	49.062	-715.744	2660.733	0.000	0.000	0.000	
03215	3	0.000	0.000	0.000	105.267	424.271	2385.157	102.515	345.108	2442.442	94.975	152.876	2625.179	80.270	-8.924	2656.694	100.610	296.552	2488.599	240.059	285.845	2469.001	301.795	72.969	2508.070	301.795	-130.170	2508.070	301.795	-213.219	2508.070	0.000	0.000	0.000	100.610	296.552	2488.599	-28.250	269.917	2462.000	-110.525	80.553	2551.589	-110.525	-122.586	2551.589	-110.525	-205.636	2551.589	0.000	0.000	0.000	172.932	-60.201	2656.264	172.932	-392.691	2656.264	172.932	-705.448	2656.264	0.000	0.000	0.000	-12.512	-67.931	2635.200	-12.512	-400.420	2635.200	-12.512	-713.177	2635.200	0.000	0.000	0.000	
03216	3	0.000	0.000	0.000	109.518	455.861	2376.044	103.208	376.561	2434.435	94.158	170.404	2612.217	81.189	5.800	2649.188	100.960	325.355	2478.593	238.598	311.630	2463.257	315.621	104.467	2511.708	349.430	-94.343	2548.833	363.253	-175.625	2564.012	0.000	0.000	0.000	100.960	325.355	2478.593	-24.357	292.955	2445.122	-99.230	90.421	2512.730	-123.980	-109.746	2549.708	-134.099	-191.583	2564.827	0.000	0.000	0.000	167.072	-74.706	2663.741	167.072	-410.338	2663.741	167.072	-726.051	2663.741	0.000	0.000	0.000	-9.430	-80.012	2669.175	-9.430	-415.644	2669.175	-9.430	-731.357	2669.175	0.000	0.000	0.000	
03217	3	0.000	0.000	0.000	111.579	469.086	2374.085	104.058	389.146	2432.491	97.664	175.389	2608.784	88.375	7.880	2647.423	102.487	336.645	2475.790	240.781	324.030	2456.281	322.613	115.340	2494.023	355.181	-81.365	2547.044	368.496	-161.788	2568.722	0.000	0.000	0.000	102.487	336.645	2475.790	-30.765	318.634	2451.209	-93.231	105.251	2498.518	-106.541	-96.059	2541.669	-111.983	-178.364	2559.312	0.000	0.000	0.000	170.934	-83.091	2674.719	170.934	-420.788	2674.719	170.934	-738.443	2674.719	0.000	0.000	0.000	-1.245	-82.061	2666.252	-1.245	-419.759	2666.252	-1.245	-737.414	2666.252	0.000	0.000	0.000	
03218	3	0.000	0.000	0.000	112.887	495.295	2363.547	106.267	414.869	2423.938	105.345	185.298	2592.982	97.139	9.976	2622.653	106.044	359.226	2464.910	245.754	352.439	2453.436	324.049	143.201	2482.607	361.279	-61.288	2539.385	376.075	-142.552	2561.949	0.000	0.000	0.000	106.044	359.226	2464.910	-24.173	332.687	2445.281	-90.831	125.929	2505.026	-110.046	-85.142	2543.823	-117.682	-169.023	2559.241	0.000	0.000	0.000	183.594	-62.120	2648.253	183.594	-404.928	2648.253	183.594	-727.391	2648.253	0.000	0.000	0.000	4.214	-57.144	2641.533	4.214	-399.953	2641.533	4.214	-722.416	2641.533	0.000	0.000	0.000	
03219	3	0.000	0.000	0.000	114.573	505.242	2359.223	109.143	424.343	2420.612	108.597	188.053	2585.804	99.445	10.267	2612.280	109.011	367.202	2460.560	246.962	356.818	2453.514	325.312	141.993	2470.253	360.248	-67.827	2511.745	374.176	-151.472	2528.287	0.000	0.000	0.000	109.011	367.202	2460.560	-21.500	339.368	2439.269	-87.397	139.319	2529.860	-107.618	-76.010	2543.672	-115.679	-161.853	2549.178	0.000	0.000	0.000	181.518	-64.511	2642.271	181.518	-410.396	2642.271	181.518	-735.754	2642.271	0.000	0.000	0.000	9.861	-58.856	2636.183	9.861	-404.741	2636.183	9.861	-730.099	2636.183	0.000	0.000	0.000	
03220	3	0.000	0.000	0.000	116.801	512.916	2355.917	113.801	431.234	2418.103	113.910	190.626	2582.579	103.200	11.544	2608.655	113.828	373.108	2457.837	251.873	361.576	2452.820	325.201	143.439	2484.093	364.015	-69.877	2503.901	379.569	-155.360	2511.839	0.000	0.000	0.000	113.828	373.108	2457.837	-18.053	346.910	2443.106	-89.169	138.615	2517.231	-102.327	-77.879	2536.202	-107.599	-164.636	2543.804	0.000	0.000	0.000	181.986	-63.915	2645.988	181.986	-413.215	2645.988	181.986	-741.785	2645.988	0.000	0.000	0.000	12.680	-55.858	2632.403	12.680	-405.158	2632.403	12.680	-733.728	2632.403	0.000	0.000	0.000	
03221	2	0.000	0.000	0.000	173.693	535.973	2348.257	177.315	445.752	2412.896	154.751	164.587	2573.388	147.718	-14.497	2602.825	171.872	377.925	2451.613	317.857	348.540	2452.550	375.620	97.118	2492.620	398.757	-142.208	2533.034	407.963	-237.435	2549.115	0.000	0.000	0.000	171.872	377.925	2451.613	32.917	359.029	2461.912	-56.018	125.850	2538.551	-97.677	-114.329	2543.457	-106.009	-162.365	2544.438	0.000	0.000	0.000	243.006	-96.244	2633.521	243.006	-484.637	2633.521	243.006	-849.980	2633.521	0.000	0.000	0.000	45.116	-90.054	2624.769	45.116	-478.447	2624.769	45.116	-843.789	2624.769	0.000	0.000	0.000	
03222	2	0.000	0.000	0.000	173.693	535.973	2348.257	177.315	445.752	2412.896	154.751	164.587	2573.388	147.718	-14.497	2602.825	171.872	377.925	2451.613	317.857	348.540	2452.550	375.620	97.118	2492.620	398.757	-142.208	2533.034	407.963	-237.435	2549.115	0.000	0.000	0.000	171.872	377.925	2451.613	32.917	359.029	2461.912	-56.018	125.850	2538.551	-97.677	-114.329	2543.457	-106.009	-162.365	2544.438	0.000	0.000	0.000	243.006	-96.244	2633.521	243.006	-484.637	2633.521	243.006	-849.980	2633.521	0.000	0.000	0.000	45.116	-90.054	2624.769	45.116	-478.447	2624.769	45.116	-843.789	2624.769	0.000	0.000	0.000	
03223	2	0.000	0.000	0.000	177.373	521.211	2338.477	186.171	433.328	2415.529	197.643	151.623	2563.744	203.927	-34.992	2538.362	189.048	362.693	2452.693	333.645	334.222	2418.185	377.590	72.974	2472.200	390.088	-178.137	2438.808	394.965	-276.122	2425.778	0.000	0.000	0.000	189.048	362.693	2452.693	34.027	353.534	2460.947	-46.909	107.604	2538.840	-128.420	-128.108	2584.921	-160.227	-220.084	2602.902	0.000	0.000	0.000	304.029	-31.649	2576.182	304.029	-427.868	2576.182	304.029	-800.572	2576.182	0.000	0.000	0.000	95.937	-12.473	2559.703	95.937	-408.692	2559.703	95.937	-781.396	2559.703	0.000	0.000	0.000	
03224	2	0.000	0.000	0.000	176.831	512.852	2330.270	183.150	427.275	2410.085	191.240	146.338	2560.618	197.364	-41.643	2536.388	185.179	356.825	2447.834	331.891	330.383	2407.037	378.316	68.992	2454.029	389.851	-186.565	2449.651	394.318	-285.524	2447.956	0.000	0.000	0.000	185.179	356.825	2447.834	30.232	350.059	2456.723	-55.375	104.034	2526.233	17.628	306.768	2388.280	45.897	385.272	2334.861	0.000	0.000	0.000	299.375	-46.859	2562.774	299.375	-443.501	2562.774	299.375	-816.604	2562.774	0.000	0.000	0.000	99.447	-61.769	2563.103	99.447	-458.412	2563.103	99.447	-831.514	2563.103	0.000	0.000	0.000	
03225	2	0.000	0.000	0.000	172.348	506.007	2321.223	178.909	422.669	2403.336	190.328	145.037	2560.169	199.410	-44.079	2538.294	181.773	353.042	2442.668	330.980	331.382	2408.863	376.244	68.099	2440.396	392.088	-188.022	2447.160	398.209	-286.957	2449.773	0.000	0.000	0.000	181.773	353.042	2442.668	27.480	347.572	2457.367	-62.777	97.074	2495.646	47.131	297.622	2379.044	89.586	375.089	2334.003	0.000	0.000	0.000	306.761	-22.039	2562.905	306.761	-419.021	2562.905	306.761	-792.442	2562.905	0.000	0.000	0.000	90.232	-38.154	2557.247	90.232	-435.135	2557.247	90.232	-808.556	2557.247	0.000	0.000	0.000	
03226	2	0.000	0.000	0.000	153.961	502.685	2297.287	165.915	418.996	2381.084	196.260	156.808	2547.417	211.468	-27.641	2541.227	173.708	351.664	2423.800	315.207	326.047	2387.434	349.223	62.831	2425.512	396.070	-190.647	2451.044	414.025	-287.798	2460.830	0.000	0.000	0.000	173.708	351.664	2423.800	20.999	344.365	2447.399	-63.596	93.311	2488.692	52.605	293.081	2371.700	97.142	369.647	2326.861	0.000	0.000	0.000	322.413	-32.546	2539.400	322.413	-430.014	2539.400	322.413	-803.893	2539.400	0.000	0.000	0.000	101.713	-40.190	2534.780	101.713	-437.658	2534.780	101.713	-811.537	2534.780	0.000	0.000	0.000	
03227	2	0.000	0.000	0.000	142.156	504.435	2289.036	156.783	417.807	2370.567	195.479	158.755	2539.172	212.397	-27.499	2540.788	166.740	351.150	2413.951	304.021	324.512	2385.166	352.069	69.382	2450.908	392.201	-186.996	2442.117	407.553	-285.067	2438.754	0.000	0.000	0.000	166.740	351.150	2413.951	12.787	341.205	2433.762	-64.082	91.695	2493.409	3.961	311.073	2372.329	29.990	394.991	2326.012	0.000	0.000	0.000	319.983	-50.658	2522.367	319.983	-448.298	2522.367	319.983	-822.338	2522.367	0.000	0.000	0.000	104.394	-42.791	2533.855	104.394	-440.431	2533.855	104.394	-814.471	2533.855	0.000	0.000	0.000	
03228	2	0.000	0.000	0.000	117.004	506.022	2282.032	133.834	412.344	2354.478	187.829	151.610	2516.042	203.765	-37.314	2521.918	147.738	345.203	2396.082	278.404	317.490	2355.042	333.651	61.947	2410.941	395.920	-188.411	2433.985	419.813	-284.473	2442.827	0.000	0.000	0.000	147.738	345.203	2396.082	-0.532	330.159	2425.821	-77.980	80.048	2479.909	-25.256	305.844	2364.477	-5.026	392.481	2320.186	0.000	0.000	0.000	307.384	-72.313	2493.085	281.496	-456.384	2392.446	281.496	-830.651	2392.446	0.000	0.000	0.000	95.409	-63.481	2513.139	95.409	-461.362	2513.139	95.409	-835.629	2513.139	0.000	0.000	0.000	
03229	2	0.000	0.000	0.000	104.633	503.818	2279.714	122.602	407.056	2346.019	181.174	146.080	2501.388	195.996	-43.962	2503.313	137.792	339.376	2386.311	266.291	310.999	2349.392	320.459	56.825	2411.456	391.477	-188.654	2398.510	419.067	-284.019	2393.480	0.000	0.000	0.000	137.792	339.376	2386.311	-7.947	324.737	2423.898	-94.432	77.789	2478.005	-37.758	300.043	2364.591	-15.741	386.385	2320.531	0.000	0.000	0.000	298.500	-87.116	2496.577	298.500	-485.077	2496.577	298.500	-859.420	2496.577	0.000	0.000	0.000	96.582	-91.748	2486.805	96.582	-489.709	2486.805	96.582	-864.052	2486.805	0.000	0.000	0.000	
03230	2	0.000	0.000	0.000	86.537	488.868	2267.913	102.103	391.685	2330.303	155.675	129.165	2492.402	175.099	-61.503	2481.291	115.830	324.421	2371.837	252.587	303.252	2341.429	315.350	54.653	2415.698	379.326	-183.985	2369.530	404.634	-278.386	2351.266	0.000	0.000	0.000	115.830	324.421	2371.837	-32.017	309.825	2407.116	-122.201	70.179	2482.568	-27.268	272.313	2367.235	10.287	352.274	2321.610	0.000	0.000	0.000	279.457	-82.242	2481.645	279.457	-480.298	2481.645	279.457	-854.731	2481.645	0.000	0.000	0.000	74.762	-90.308	2452.393	74.762	-488.365	2452.393	74.762	-862.797	2452.393	0.000	0.000	0.000	
03231	2	0.000	0.000	0.000	86.537	488.868	2267.913	102.103	391.685	2330.303	155.675	129.165	2492.402	175.099	-61.503	2481.291	115.830	324.421	2371.837	252.587	303.252	2341.429	315.350	54.653	2415.698	379.326	-183.985	2369.530	404.634	-278.386	2351.266	0.000	0.000	0.000	115.830	324.421	2371.837	-32.017	309.825	2407.116	-122.201	70.179	2482.568	-27.268	272.313	2367.235	10.287	352.274	2321.610	0.000	0.000	0.000	279.457	-82.242	2481.645	279.457	-480.298	2481.645	279.457	-854.731	2481.645	0.000	0.000	0.000	74.762	-90.308	2452.393	74.762	-488.365	2452.393	74.762	-862.797	2452.393	0.000	0.000	0.000	
03232	2	0.000	0.000	0.000	64.794	477.271	2253.848	79.698	380.866	2314.809	114.174	113.448	2478.767	135.097	-76.244	2451.229	88.464	312.869	2356.499	230.169	290.368	2322.913	310.041	44.978	2390.439	310.041	-202.445	2390.439	310.041	-301.877	2390.439	0.000	0.000	0.000	88.464	312.869	2356.499	-55.701	299.378	2391.776	-128.029	57.341	2477.463	-54.668	255.960	2349.452	-25.186	335.779	2298.009	0.000	0.000	0.000	239.337	-80.354	2456.812	239.337	-478.430	2456.812	239.337	-852.881	2456.812	0.000	0.000	0.000	33.347	-101.468	2457.624	33.347	-499.544	2457.624	33.347	-873.995	2457.624	0.000	0.000	0.000	
03233	2	0.000	0.000	0.000	36.578	475.716	2241.589	55.739	378.667	2301.190	72.295	108.661	2466.577	90.119	-81.430	2436.191	59.928	310.344	2343.040	208.417	292.098	2316.169	265.967	32.668	2337.448	265.967	-216.104	2337.448	265.967	-315.523	2337.448	0.000	0.000	0.000	59.928	310.344	2343.040	-85.313	299.454	2370.897	-158.527	63.054	2470.010	-71.953	243.226	2321.921	-37.354	315.230	2262.739	0.000	0.000	0.000	197.718	-70.456	2447.088	197.718	-468.482	2447.088	197.718	-842.886	2447.088	0.000	0.000	0.000	-9.664	-97.140	2473.139	-9.664	-495.166	2473.139	-9.664	-869.570	2473.139	0.000	0.000	0.000	
03234	2	0.000	0.000	0.000	23.921	476.094	2236.770	45.841	378.006	2296.006	63.083	105.154	2457.581	76.672	-85.200	2425.644	50.196	309.082	2336.821	198.623	291.085	2309.028	246.229	33.298	2357.049	246.229	-217.773	2357.049	246.229	-317.180	2357.049	0.000	0.000	0.000	50.196	309.082	2336.821	-96.544	299.674	2364.254	-162.805	57.015	2452.303	-80.258	245.647	2308.632	-47.576	320.331	2251.748	0.000	0.000	0.000	183.310	-74.550	2442.577	183.310	-472.526	2442.577	183.310	-846.883	2442.577	0.000	0.000	0.000	-23.233	-93.429	2467.139	-23.233	-491.405	2467.139	-23.233	-865.761	2467.139	0.000	0.000	0.000	
03235	2	0.000	0.000	0.000	-1.424	480.243	2226.297	16.648	377.298	2283.293	60.059	103.275	2439.186	61.363	-86.847	2402.198	27.587	308.249	2322.576	169.639	290.405	2286.685	248.995	45.127	2353.607	248.995	-202.994	2353.607	248.995	-302.363	2353.607	0.000	0.000	0.000	27.587	308.249	2322.576	-119.793	297.627	2360.784	-181.845	46.546	2424.385	-97.246	230.102	2280.461	-63.365	303.613	2222.822	0.000	0.000	0.000	169.278	-77.336	2403.871	169.278	-475.161	2403.871	169.278	-849.376	2403.871	0.000	0.000	0.000	-29.487	-109.218	2421.741	-29.487	-507.044	2421.741	-29.487	-881.258	2421.741	0.000	0.000	0.000	
03236	2	0.000	0.000	0.000	-13.200	481.820	2220.901	0.868	376.907	2276.532	53.417	102.840	2429.919	53.568	-86.138	2387.238	14.098	307.908	2315.149	154.873	291.644	2285.341	230.717	39.860	2327.071	230.717	-207.182	2327.071	230.717	-306.526	2327.071	0.000	0.000	0.000	14.098	307.908	2315.149	-133.563	294.062	2354.825	-199.867	43.353	2415.139	-108.022	221.900	2271.211	-71.089	293.699	2213.332	0.000	0.000	0.000	160.305	-82.291	2402.793	160.305	-480.015	2402.793	160.305	-854.134	2402.793	0.000	0.000	0.000	-33.195	-104.555	2436.123	-33.195	-502.279	2436.123	-33.195	-876.398	2436.123	0.000	0.000	0.000	
03237	2	0.000	0.000	0.000	-24.962	481.264	2214.909	-10.870	376.351	2272.107	34.616	96.853	2418.036	31.153	-92.253	2375.975	0.574	306.034	2308.821	143.415	291.621	2285.636	214.492	38.601	2327.644	214.492	-207.555	2327.644	214.492	-306.869	2327.644	0.000	0.000	0.000	0.574	306.034	2308.821	-150.085	292.336	2340.856	-228.359	46.905	2407.736	-122.580	217.261	2264.968	-79.903	285.992	2207.367	0.000	0.000	0.000	67.779	-144.834	2401.786	67.779	-542.438	2401.786	67.779	-916.445	2401.786	0.000	0.000	0.000	-37.431	-122.961	2420.453	-37.431	-520.565	2420.453	-37.431	-894.572	2420.453	0.000	0.000	0.000	
03238	2	0.000	0.000	0.000	-53.088	481.018	2205.457	-35.546	375.567	2263.891	-39.023	86.330	2397.556	-39.642	-103.345	2358.157	-36.420	302.873	2297.485	117.248	291.196	2285.565	181.364	34.496	2312.212	181.364	-210.332	2312.212	181.364	-309.571	2312.212	0.000	0.000	0.000	-36.420	302.873	2297.485	-172.827	281.676	2321.098	-259.373	43.375	2401.336	-162.127	219.893	2262.322	-122.708	291.444	2205.973	0.000	0.000	0.000	46.515	-91.323	2387.792	46.515	-488.630	2387.792	46.515	-862.358	2387.792	0.000	0.000	0.000	-99.164	-110.442	2398.814	-99.164	-507.749	2398.814	-99.164	-881.477	2398.814	0.000	0.000	0.000	
03239	2	0.000	0.000	0.000	-68.481	476.855	2189.042	-48.842	373.569	2253.875	-89.888	81.651	2374.588	-101.405	-105.264	2325.450	-59.151	300.249	2284.194	98.150	274.529	2266.238	168.445	18.648	2278.676	168.445	-225.188	2278.676	168.445	-324.332	2278.676	0.000	0.000	0.000	-59.151	300.249	2284.194	-183.382	272.860	2311.537	-253.866	18.375	2282.547	-259.869	262.134	2281.283	-262.310	361.247	2280.770	0.000	0.000	0.000	-24.730	-93.531	2373.155	-24.730	-490.456	2373.155	-24.730	-863.824	2373.155	0.000	0.000	0.000	-161.954	-89.508	2392.739	-161.954	-486.434	2392.739	-161.954	-859.802	2392.739	0.000	0.000	0.000	
03240	2	0.000	0.000	0.000	-76.856	463.124	2175.875	-59.166	363.532	2242.778	-115.945	80.955	2377.822	-127.017	-108.436	2340.136	-73.421	292.587	2276.682	86.632	258.190	2249.512	168.699	10.391	2297.000	168.699	-232.666	2297.000	168.699	-331.690	2297.000	0.000	0.000	0.000	-73.421	292.587	2276.682	-197.559	259.814	2292.672	-258.695	3.731	2325.507	-258.695	-239.326	2325.507	-258.695	-338.350	2325.507	0.000	0.000	0.000	-24.082	-69.492	2362.901	-24.082	-465.937	2362.901	-24.082	-838.852	2362.901	0.000	0.000	0.000	-201.753	-77.944	2400.210	-201.753	-474.388	2400.210	-201.753	-847.304	2400.210	0.000	0.000	0.000	
03241	2	0.000	0.000	0.000	-76.856	463.124	2175.875	-59.166	363.532	2242.778	-115.945	80.955	2377.822	-127.017	-108.436	2340.136	-73.421	292.587	2276.682	86.632	258.190	2249.512	168.699	10.391	2297.000	168.699	-232.666	2297.000	168.699	-331.690	2297.000	0.000	0.000	0.000	-73.421	292.587	2276.682	-197.559	259.814	2292.672	-258.695	3.731	2325.507	-258.695	-239.326	2325.507	-258.695	-338.350	2325.507	0.000	0.000	0.000	-24.082	-69.492	2362.901	-24.082	-465.937	2362.901	-24.082	-838.852	2362.901	0.000	0.000	0.000	-201.753	-77.944	2400.210	-201.753	-474.388	2400.210	-201.753	-847.304	2400.210	0.000	0.000	0.000	
03242	2	0.000	0.000	0.000	-78.909	456.781	2170.399	-63.427	359.056	2238.791	-122.659	80.650	2380.842	-134.474	-108.837	2344.508	-78.296	289.169	2274.450	88.044	261.637	2249.456	162.760	10.915	2292.452	162.760	-231.798	2292.452	162.760	-330.752	2292.452	0.000	0.000	0.000	-78.296	289.169	2274.450	-204.417	259.340	2291.002	-272.496	3.752	2272.768	-272.496	-238.961	2272.768	-272.496	-337.915	2272.768	0.000	0.000	0.000	-25.410	-58.183	2344.734	-25.410	-454.347	2344.734	-25.410	-826.999	2344.734	0.000	0.000	0.000	-223.772	-65.343	2393.943	-452.933	-323.954	2200.160	-452.933	-696.606	2200.160	0.000	0.000	0.000	
03243	2	0.000	0.000	0.000	-89.804	448.966	2166.142	-74.265	351.334	2236.847	-103.738	74.386	2389.624	-113.511	-115.632	2383.999	-81.662	281.827	2275.190	83.201	266.264	2256.230	160.066	14.678	2285.490	160.066	-227.391	2285.490	160.066	-326.184	2285.490	0.000	0.000	0.000	-81.662	281.827	2275.190	-219.170	259.090	2290.716	-283.933	25.268	2184.919	-283.933	-216.801	2184.919	-283.933	-315.594	2184.919	0.000	0.000	0.000	-31.263	-155.810	2423.127	-31.263	-554.302	2423.127	-31.263	-926.345	2423.127	0.000	0.000	0.000	-167.790	-168.524	2436.915	-113.108	-549.322	2540.833	-56.456	-843.261	2761.755	0.000	0.000	0.000	
03244	2	0.000	0.000	0.000	-96.498	443.892	2160.469	-78.208	348.514	2231.612	-87.203	65.310	2374.623	-96.313	-125.878	2374.130	-80.466	277.442	2267.501	80.855	264.679	2241.764	162.407	17.373	2287.787	162.407	-224.384	2287.787	162.407	-323.085	2287.787	0.000	0.000	0.000	-80.466	277.442	2267.501	-226.895	258.578	2278.900	-282.019	13.731	2195.590	-282.019	-228.026	2195.590	-282.019	-326.727	2195.590	0.000	0.000	0.000	-68.525	-204.061	2440.115	-68.525	-601.592	2440.115	-68.525	-973.290	2440.115	0.000	0.000	0.000	-165.163	-188.855	2427.383	-453.682	41.081	2279.339	-240.505	-254.904	2350.813	0.000	0.000	0.000	
03245	2	0.000	0.000	0.000	-98.526	443.882	2145.357	-80.743	349.878	2216.845	-91.193	66.177	2358.102	-98.399	-125.869	2350.069	-83.365	278.686	2252.292	75.049	258.866	2221.284	160.270	16.858	2284.200	160.270	-224.588	2284.200	160.270	-323.191	2284.200	0.000	0.000	0.000	-83.365	278.686	2252.292	-224.657	252.664	2265.960	-279.036	-3.087	2228.228	-279.036	-244.532	2228.228	-279.036	-343.135	2228.228	0.000	0.000	0.000	-43.497	-204.010	2327.230	-43.497	-600.670	2327.230	-43.497	-971.998	2327.230	0.000	0.000	0.000	-186.969	-177.393	2344.851	-546.568	-316.897	2252.295	-304.442	-522.271	2444.860	0.000	0.000	0.000	
03246	2	0.000	0.000	0.000	-99.909	447.597	2120.762	-85.925	350.147	2192.381	-123.631	70.172	2334.927	-140.335	-116.285	2323.783	-95.386	279.897	2228.148	62.511	249.901	2217.545	158.838	4.573	2221.796	158.838	-236.244	2221.796	158.838	-334.631	2221.796	0.000	0.000	0.000	-95.386	279.897	2228.148	-223.455	245.713	2246.187	-279.707	-11.799	2248.655	-279.707	-252.616	2248.655	-279.707	-351.003	2248.655	0.000	0.000	0.000	-55.893	-147.799	2303.459	-55.893	-546.419	2303.459	-55.893	-916.935	2303.459	0.000	0.000	0.000	-223.081	-143.887	2331.899	-512.542	-292.541	2101.656	-379.799	-537.786	2345.615	0.000	0.000	0.000	
03247	2	0.000	0.000	0.000	-100.194	447.248	2108.042	-87.392	349.691	2180.281	-129.708	73.023	2327.117	-137.914	-114.843	2320.660	-98.009	280.272	2217.124	60.077	248.880	2205.695	151.419	2.037	2199.119	151.419	-238.459	2199.119	151.419	-336.730	2199.119	0.000	0.000	0.000	-98.009	280.272	2217.124	-221.401	243.794	2238.447	-284.191	-11.862	2234.494	-284.191	-252.358	2234.494	-284.191	-350.628	2234.494	0.000	0.000	0.000	-48.894	-138.076	2293.277	-48.894	-535.285	2293.277	-48.894	-905.363	2293.277	0.000	0.000	0.000	-149.142	-168.162	2379.910	-451.906	-191.787	2123.881	-451.906	-561.865	2123.881	0.000	0.000	0.000	
03248	2	0.000	0.000	0.000	-101.126	435.711	2087.365	-87.770	343.241	2161.283	-128.283	60.474	2294.721	-136.123	-129.532	2301.591	-97.935	272.296	2194.762	55.316	233.370	2177.474	156.470	-8.051	2198.765	156.470	-247.891	2198.765	156.470	-345.915	2198.765	0.000	0.000	0.000	-97.935	272.296	2194.762	-216.494	229.631	2218.990	-298.100	-18.908	2195.776	-298.100	-258.748	2195.776	-298.100	-356.772	2195.776	0.000	0.000	0.000	-24.950	-133.470	2299.744	-24.950	-528.329	2299.744	-24.950	-897.477	2299.744	0.000	0.000	0.000	-161.551	-196.245	2361.724	-421.382	-117.421	2075.039	-421.382	-486.569	2075.039	0.000	0.000	0.000	
03249	2	0.000	0.000	0.000	-101.367	426.566	2081.049	-87.803	334.855	2151.590	-126.353	49.326	2278.604	-134.549	-140.583	2293.771	-97.475	263.218	2183.458	55.442	223.234	2161.958	159.756	-16.595	2181.662	159.756	-256.100	2181.662	159.756	-353.994	2181.662	0.000	0.000	0.000	-97.475	263.218	2183.458	-218.708	223.890	2211.893	-297.292	-22.653	2169.133	-297.292	-262.159	2169.133	-297.292	-360.053	2169.133	0.000	0.000	0.000	-85.584	-218.082	2346.412	-85.584	-611.940	2346.412	-85.584	-980.601	2346.412	0.000	0.000	0.000	-159.329	-223.499	2352.785	-418.061	-97.397	2083.936	-418.061	-466.058	2083.936	0.000	0.000	0.000	
03250	2	0.000	0.000	0.000	-96.462	405.673	2060.105	-87.816	318.751	2132.805	-118.932	34.864	2263.372	-125.758	-152.625	2295.738	-95.623	247.527	2165.563	60.986	213.708	2140.697	162.709	-27.163	2147.406	162.709	-265.987	2147.406	162.709	-363.613	2147.406	0.000	0.000	0.000	-95.623	247.527	2165.563	-225.873	212.610	2186.774	-291.961	-40.354	2194.074	-291.961	-279.177	2194.074	-291.961	-376.803	2194.074	0.000	0.000	0.000	-56.245	-260.788	2349.458	-56.245	-652.876	2349.458	-56.245	-1020.528	2349.458	0.000	0.000	0.000	-159.945	-276.777	2360.637	-149.785	-650.371	2479.198	-149.785	-1018.023	2479.198	0.000	0.000	0.000	
03251	2	0.000	0.000	0.000	-88.801	397.714	2050.916	-83.280	311.256	2125.270	-98.238	33.866	2261.180	-99.660	-151.921	2301.855	-87.085	240.690	2159.844	68.269	210.896	2131.563	163.122	-32.385	2137.558	163.122	-270.862	2137.558	163.122	-368.351	2137.558	0.000	0.000	0.000	-87.085	240.690	2159.844	-223.975	208.887	2178.225	-280.677	-46.055	2175.408	-280.677	-284.533	2175.408	-280.677	-382.021	2175.408	0.000	0.000	0.000	-29.308	-298.177	2364.144	-29.308	-689.466	2364.144	-29.308	-1056.600	2364.144	0.000	0.000	0.000	-156.280	-307.960	2366.963	-332.392	-51.902	2129.211	-332.392	-419.036	2129.211	0.000	0.000	0.000	
03252	2	0.000	0.000	0.000	-78.358	384.831	2041.481	-76.474	300.863	2118.741	-98.681	25.324	2256.467	-97.306	-159.370	2300.959	-82.123	230.774	2153.775	74.717	201.305	2114.433	167.262	-42.403	2122.497	167.262	-280.531	2122.497	167.262	-377.880	2122.497	0.000	0.000	0.000	-82.123	230.774	2153.775	-223.436	205.720	2164.995	-262.784	-51.773	2178.127	-262.784	-289.901	2178.127	-262.784	-387.250	2178.127	0.000	0.000	0.000	-31.519	-333.492	2359.965	-31.519	-724.024	2359.965	-31.519	-1090.632	2359.965	0.000	0.000	0.000	-176.932	-322.610	2354.393	-341.134	-99.477	2079.140	-341.134	-466.086	2079.140	0.000	0.000	0.000	
03253	2	0.000	0.000	0.000	-63.003	365.738	2019.697	-67.271	281.711	2096.556	-64.658	4.946	2241.320	-59.129	-184.542	2278.575	-66.616	212.304	2132.860	89.725	193.703	2092.246	161.434	-51.325	2141.704	161.434	-288.748	2141.704	161.434	-385.813	2141.704	0.000	0.000	0.000	-66.616	212.304	2132.860	-219.057	194.386	2138.360	-316.428	-27.203	2233.460	-316.428	-264.626	2233.460	-316.428	-361.691	2233.460	0.000	0.000	0.000	47.081	-290.444	2309.962	47.081	-679.554	2309.962	47.081	-1045.093	2309.962	0.000	0.000	0.000	-159.499	-293.338	2314.642	-134.397	-670.724	2406.050	-134.397	-1036.263	2406.050	0.000	0.000	0.000	
03254	2	0.000	0.000	0.000	-57.662	360.868	2008.240	-59.997	274.998	2082.955	-66.983	-1.124	2229.712	-64.752	-191.372	2257.012	-61.744	205.949	2119.654	92.253	182.190	2074.682	182.491	-60.932	2061.428	182.491	-297.999	2061.428	182.491	-394.920	2061.428	0.000	0.000	0.000	-61.744	205.949	2119.654	-209.794	178.514	2093.605	-321.135	-19.996	2218.600	-321.135	-257.063	2218.600	-321.135	-353.984	2218.600	0.000	0.000	0.000	-9.005	-330.520	2300.315	-9.005	-718.952	2300.315	-9.005	-1083.949	2300.315	0.000	0.000	0.000	-133.759	-317.271	2307.013	-335.754	-60.432	2096.986	-335.754	-425.429	2096.986	0.000	0.000	0.000	
