03225	2	0.000	0.000	0.000	172.348	506.007	2321.223	178.909	422.669	2403.336	190.328	145.037	2560.169	199.410	-44.079	2538.294	181.773	353.042	2442.668	330.980	331.382	2408.863	376.244	68.099	2440.396	392.088	-188.022	2447.160	398.209	-286.957	2449.773	0.000	0.000	0.000	181.773	353.042	2442.668	27.480	347.572	2457.367	-62.777	97.074	2495.646	47.131	297.622	2379.044	89.586	375.089	2334.003	0.000	0.000	0.000	306.761	-22.039	2562.905	306.761	-419.021	2562.905	306.761	-792.442	2562.905	0.000	0.000	0.000	90.232	-38.154	2557.247	90.232	-435.135	2557.247	90.232	-808.556	2557.247	0.000	0.000	0.000	
03226	2	0.000	0.000	0.000	153.961	502.685	2297.287	165.915	418.996	2381.084	196.260	156.808	2547.417	211.468	-27.641	2541.227	173.708	351.664	2423.800	315.207	326.047	2387.434	349.223	62.831	2425.512	396.070	-190.647	2451.044	414.025	-287.798	2460.830	0.000	0.000	0.000	173.708	351.664	2423.800	20.999	344.365	2447.399	-63.596	93.311	2488.692	52.605	293.081	2371.700	97.142	369.647	2326.861	0.000	0.000	0.000	322.413	-32.546	2539.400	322.413	-430.014	2539.400	322.413	-803.893	2539.400	0.000	0.000	0.000	101.713	-40.190	2534.780	101.713	-437.658	2534.780	101.713	-811.537	2534.780	0.000	0.000	0.000	
03227	2	0.000	0.000	0.000	142.156	504.435	2289.036	156.783	417.807	2370.567	195.479	158.755	2539.172	212.397	-27.499	2540.788	166.740	351.150	2413.951	304.021	324.512	2385.166	352.069	69.382	2450.908	392.201	-186.996	2442.117	407.553	-285.067	2438.754	0.000	0.000	0.000	166.740	351.150	2413.951	12.787	341.205	2433.762	-64.082	91.695	2493.409	3.961	311.073	2372.329	29.990	394.991	2326.012	0.000	0.000	0.000	319.983	-50.658	2522.367	319.983	-448.298	2522.367	319.983	-822.338	2522.367	0.000	0.000	0.000	104.394	-42.791	2533.855	104.394	-440.431	2533.855	104.394	-814.471	2533.855	0.000	0.000	0.000	
03228	2	0.000	0.000	0.000	117.004	506.022	2282.032	133.834	412.344	2354.478	187.829	151.610	2516.042	203.765	-37.314	2521.918	147.738	345.203	2396.082	278.404	317.490	2355.042	333.651	61.947	2410.941	395.920	-188.411	2433.985	419.813	-284.473	2442.827	0.000	0.000	0.000	147.738	345.203	2396.082	-0.532	330.159	2425.821	-77.980	80.048	2479.909	-25.256	305.844	2364.477	-5.026	392.481	2320.186	0.000	0.000	0.000	307.384	-72.313	2493.085	281.496	-456.384	2392.446	281.496	-830.651	2392.446	0.000	0.000	0.000	95.409	-63.481	2513.139	95.409	-461.362	2513.139	95.409	-835.629	2513.139	0.000	0.000	0.000	
03229	2	0.000	0.000	0.000	104.633	503.818	2279.714	122.602	407.056	2346.019	181.174	146.080	2501.388	195.996	-43.962	2503.313	137.792	339.376	2386.311	266.291	310.999	2349.392	320.459	56.825	2411.456	391.477	-188.654	2398.510	419.067	-284.019	2393.480	0.000	0.000	0.000	137.792	339.376	2386.311	-7.947	324.737	2423.898	-94.432	77.789	2478.005	-37.758	300.043	2364.591	-15.741	386.385	2320.531	0.000	0.000	0.000	298.500	-87.116	2496.577	298.500	-485.077	2496.577	298.500	-859.420	2496.577	0.000	0.000	0.000	96.582	-91.748	2486.805	96.582	-489.709	2486.805	96.582	-864.052	2486.805	0.000	0.000	0.000	
03230	2	0.000	0.000	0.000	86.537	488.868	2267.913	102.103	391.685	2330.303	155.675	129.165	2492.402	175.099	-61.503	2481.291	115.830	324.421	2371.837	252.587	303.252	2341.429	315.350	54.653	2415.698	379.326	-183.985	2369.530	404.634	-278.386	2351.266	0.000	0.000	0.000	115.830	324.421	2371.837	-32.017	309.825	2407.116	-122.201	70.179	2482.568	-27.268	272.313	2367.235	10.287	352.274	2321.610	0.000	0.000	0.000	279.457	-82.242	2481.645	279.457	-480.298	2481.645	279.457	-854.731	2481.645	0.000	0.000	0.000	74.762	-90.308	2452.393	74.762	-488.365	2452.393	74.762	-862.797	2452.393	0.000	0.000	0.000	
03231	2	0.000	0.000	0.000	86.537	488.868	2267.913	102.103	391.685	2330.303	155.675	129.165	2492.402	175.099	-61.503	2481.291	115.830	324.421	2371.837	252.587	303.252	2341.429	315.350	54.653	2415.698	379.326	-183.985	2369.530	404.634	-278.386	2351.266	0.000	0.000	0.000	115.830	324.421	2371.837	-32.017	309.825	2407.116	-122.201	70.179	2482.568	-27.268	272.313	2367.235	10.287	352.274	2321.610	0.000	0.000	0.000	279.457	-82.242	2481.645	279.457	-480.298	2481.645	279.457	-854.731	2481.645	0.000	0.000	0.000	74.762	-90.308	2452.393	74.762	-488.365	2452.393	74.762	-862.797	2452.393	0.000	0.000	0.000	
03232	2	0.000	0.000	0.000	64.794	477.271	2253.848	79.698	380.866	2314.809	114.174	113.448	2478.767	135.097	-76.244	2451.229	88.464	312.869	2356.499	230.169	290.368	2322.913	310.041	44.978	2390.439	310.041	-202.445	2390.439	310.041	-301.877	2390.439	0.000	0.000	0.000	88.464	312.869	2356.499	-55.701	299.378	2391.776	-128.029	57.341	2477.463	-54.668	255.960	2349.452	-25.186	335.779	2298.009	0.000	0.000	0.000	239.337	-80.354	2456.812	239.337	-478.430	2456.812	239.337	-852.881	2456.812	0.000	0.000	0.000	33.347	-101.468	2457.624	33.347	-499.544	2457.624	33.347	-873.995	2457.624	0.000	0.000	0.000	
03233	2	0.000	0.000	0.000	36.578	475.716	2241.589	55.739	378.667	2301.190	72.295	108.661	2466.577	90.119	-81.430	2436.191	59.928	310.344	2343.040	208.417	292.098	2316.169	265.967	32.668	2337.448	265.967	-216.104	2337.448	265.967	-315.523	2337.448	0.000	0.000	0.000	59.928	310.344	2343.040	-85.313	299.454	2370.897	-158.527	63.054	2470.010	-71.953	243.226	2321.921	-37.354	315.230	2262.739	0.000	0.000	0.000	197.718	-70.456	2447.088	197.718	-468.482	2447.088	197.718	-842.886	2447.088	0.000	0.000	0.000	-9.664	-97.140	2473.139	-9.664	-495.166	2473.139	-9.664	-869.570	2473.139	0.000	0.000	0.000	
03234	2	0.000	0.000	0.000	23.921	476.094	2236.770	45.841	378.006	2296.006	63.083	105.154	2457.581	76.672	-85.200	2425.644	50.196	309.082	2336.821	198.623	291.085	2309.028	246.229	33.298	2357.049	246.229	-217.773	2357.049	246.229	-317.180	2357.049	0.000	0.000	0.000	50.196	309.082	2336.821	-96.544	299.674	2364.254	-162.805	57.015	2452.303	-80.258	245.647	2308.632	-47.576	320.331	2251.748	0.000	0.000	0.000	183.310	-74.550	2442.577	183.310	-472.526	2442.577	183.310	-846.883	2442.577	0.000	0.000	0.000	-23.233	-93.429	2467.139	-23.233	-491.405	2467.139	-23.233	-865.761	2467.139	0.000	0.000	0.000	
03235	2	0.000	0.000	0.000	-1.424	480.243	2226.297	16.648	377.298	2283.293	60.059	103.275	2439.186	61.363	-86.847	2402.198	27.587	308.249	2322.576	169.639	290.405	2286.685	248.995	45.127	2353.607	248.995	-202.994	2353.607	248.995	-302.363	2353.607	0.000	0.000	0.000	27.587	308.249	2322.576	-119.793	297.627	2360.784	-181.845	46.546	2424.385	-97.246	230.102	2280.461	-63.365	303.613	2222.822	0.000	0.000	0.000	169.278	-77.336	2403.871	169.278	-475.161	2403.871	169.278	-849.376	2403.871	0.000	0.000	0.000	-29.487	-109.218	2421.741	-29.487	-507.044	2421.741	-29.487	-881.258	2421.741	0.000	0.000	0.000	
03236	2	0.000	0.000	0.000	-13.200	481.820	2220.901	0.868	376.907	2276.532	53.417	102.840	2429.919	53.568	-86.138	2387.238	14.098	307.908	2315.149	154.873	291.644	2285.341	230.717	39.860	2327.071	230.717	-207.182	2327.071	230.717	-306.526	2327.071	0.000	0.000	0.000	14.098	307.908	2315.149	-133.563	294.062	2354.825	-199.867	43.353	2415.139	-108.022	221.900	2271.211	-71.089	293.699	2213.332	0.000	0.000	0.000	160.305	-82.291	2402.793	160.305	-480.015	2402.793	160.305	-854.134	2402.793	0.000	0.000	0.000	-33.195	-104.555	2436.123	-33.195	-502.279	2436.123	-33.195	-876.398	2436.123	0.000	0.000	0.000	
03237	2	0.000	0.000	0.000	-24.962	481.264	2214.909	-10.870	376.351	2272.107	34.616	96.853	2418.036	31.153	-92.253	2375.975	0.574	306.034	2308.821	143.415	291.621	2285.636	214.492	38.601	2327.644	214.492	-207.555	2327.644	214.492	-306.869	2327.644	0.000	0.000	0.000	0.574	306.034	2308.821	-150.085	292.336	2340.856	-228.359	46.905	2407.736	-122.580	217.261	2264.968	-79.903	285.992	2207.367	0.000	0.000	0.000	67.779	-144.834	2401.786	67.779	-542.438	2401.786	67.779	-916.445	2401.786	0.000	0.000	0.000	-37.431	-122.961	2420.453	-37.431	-520.565	2420.453	-37.431	-894.572	2420.453	0.000	0.000	0.000	
03238	2	0.000	0.000	0.000	-53.088	481.018	2205.457	-35.546	375.567	2263.891	-39.023	86.330	2397.556	-39.642	-103.345	2358.157	-36.420	302.873	2297.485	117.248	291.196	2285.565	181.364	34.496	2312.212	181.364	-210.332	2312.212	181.364	-309.571	2312.212	0.000	0.000	0.000	-36.420	302.873	2297.485	-172.827	281.676	2321.098	-259.373	43.375	2401.336	-162.127	219.893	2262.322	-122.708	291.444	2205.973	0.000	0.000	0.000	46.515	-91.323	2387.792	46.515	-488.630	2387.792	46.515	-862.358	2387.792	0.000	0.000	0.000	-99.164	-110.442	2398.814	-99.164	-507.749	2398.814	-99.164	-881.477	2398.814	0.000	0.000	0.000	
03239	2	0.000	0.000	0.000	-68.481	476.855	2189.042	-48.842	373.569	2253.875	-89.888	81.651	2374.588	-101.405	-105.264	2325.450	-59.151	300.249	2284.194	98.150	274.529	2266.238	168.445	18.648	2278.676	168.445	-225.188	2278.676	168.445	-324.332	2278.676	0.000	0.000	0.000	-59.151	300.249	2284.194	-183.382	272.860	2311.537	-253.866	18.375	2282.547	-259.869	262.134	2281.283	-262.310	361.247	2280.770	0.000	0.000	0.000	-24.730	-93.531	2373.155	-24.730	-490.456	2373.155	-24.730	-863.824	2373.155	0.000	0.000	0.000	-161.954	-89.508	2392.739	-161.954	-486.434	2392.739	-161.954	-859.802	2392.739	0.000	0.000	0.000	
03240	2	0.000	0.000	0.000	-76.856	463.124	2175.875	-59.166	363.532	2242.778	-115.945	80.955	2377.822	-127.017	-108.436	2340.136	-73.421	292.587	2276.682	86.632	258.190	2249.512	168.699	10.391	2297.000	168.699	-232.666	2297.000	168.699	-331.690	2297.000	0.000	0.000	0.000	-73.421	292.587	2276.682	-197.559	259.814	2292.672	-258.695	3.731	2325.507	-258.695	-239.326	2325.507	-258.695	-338.350	2325.507	0.000	0.000	0.000	-24.082	-69.492	2362.901	-24.082	-465.937	2362.901	-24.082	-838.852	2362.901	0.000	0.000	0.000	-201.753	-77.944	2400.210	-201.753	-474.388	2400.210	-201.753	-847.304	2400.210	0.000	0.000	0.000	
03241	2	0.000	0.000	0.000	-76.856	463.124	2175.875	-59.166	363.532	2242.778	-115.945	80.955	2377.822	-127.017	-108.436	2340.136	-73.421	292.587	2276.682	86.632	258.190	2249.512	168.699	10.391	2297.000	168.699	-232.666	2297.000	168.699	-331.690	2297.000	0.000	0.000	0.000	-73.421	292.587	2276.682	-197.559	259.814	2292.672	-258.695	3.731	2325.507	-258.695	-239.326	2325.507	-258.695	-338.350	2325.507	0.000	0.000	0.000	-24.082	-69.492	2362.901	-24.082	-465.937	2362.901	-24.082	-838.852	2362.901	0.000	0.000	0.000	-201.753	-77.944	2400.210	-201.753	-474.388	2400.210	-201.753	-847.304	2400.210	0.000	0.000	0.000	
03242	2	0.000	0.000	0.000	-78.909	456.781	2170.399	-63.427	359.056	2238.791	-122.659	80.650	2380.842	-134.474	-108.837	2344.508	-78.296	289.169	2274.450	88.044	261.637	2249.456	162.760	10.915	2292.452	162.760	-231.798	2292.452	162.760	-330.752	2292.452	0.000	0.000	0.000	-78.296	289.169	2274.450	-204.417	259.340	2291.002	-272.496	3.752	2272.768	-272.496	-238.961	2272.768	-272.496	-337.915	2272.768	0.000	0.000	0.000	-25.410	-58.183	2344.734	-25.410	-454.347	2344.734	-25.410	-826.999	2344.734	0.000	0.000	0.000	-223.772	-65.343	2393.943	-452.933	-323.954	2200.160	-452.933	-696.606	2200.160	0.000	0.000	0.000	
03243	2	0.000	0.000	0.000	-89.804	448.966	2166.142	-74.265	351.334	2236.847	-103.738	74.386	2389.624	-113.511	-115.632	2383.999	-81.662	281.827	2275.190	83.201	266.264	2256.230	160.066	14.678	2285.490	160.066	-227.391	2285.490	160.066	-326.184	2285.490	0.000	0.000	0.000	-81.662	281.827	2275.190	-219.170	259.090	2290.716	-283.933	25.268	2184.919	-283.933	-216.801	2184.919	-283.933	-315.594	2184.919	0.000	0.000	0.000	-31.263	-155.810	2423.127	-31.263	-554.302	2423.127	-31.263	-926.345	2423.127	0.000	0.000	0.000	-167.790	-168.524	2436.915	-113.108	-549.322	2540.833	-56.456	-843.261	2761.755	0.000	0.000	0.000	
03244	2	0.000	0.000	0.000	-96.498	443.892	2160.469	-78.208	348.514	2231.612	-87.203	65.310	2374.623	-96.313	-125.878	2374.130	-80.466	277.442	2267.501	80.855	264.679	2241.764	162.407	17.373	2287.787	162.407	-224.384	2287.787	162.407	-323.085	2287.787	0.000	0.000	0.000	-80.466	277.442	2267.501	-226.895	258.578	2278.900	-282.019	13.731	2195.590	-282.019	-228.026	2195.590	-282.019	-326.727	2195.590	0.000	0.000	0.000	-68.525	-204.061	2440.115	-68.525	-601.592	2440.115	-68.525	-973.290	2440.115	0.000	0.000	0.000	-165.163	-188.855	2427.383	-453.682	41.081	2279.339	-240.505	-254.904	2350.813	0.000	0.000	0.000	
03245	2	0.000	0.000	0.000	-98.526	443.882	2145.357	-80.743	349.878	2216.845	-91.193	66.177	2358.102	-98.399	-125.869	2350.069	-83.365	278.686	2252.292	75.049	258.866	2221.284	160.270	16.858	2284.200	160.270	-224.588	2284.200	160.270	-323.191	2284.200	0.000	0.000	0.000	-83.365	278.686	2252.292	-224.657	252.664	2265.960	-279.036	-3.087	2228.228	-279.036	-244.532	2228.228	-279.036	-343.135	2228.228	0.000	0.000	0.000	-43.497	-204.010	2327.230	-43.497	-600.670	2327.230	-43.497	-971.998	2327.230	0.000	0.000	0.000	-186.969	-177.393	2344.851	-546.568	-316.897	2252.295	-304.442	-522.271	2444.860	0.000	0.000	0.000	
03246	2	0.000	0.000	0.000	-99.909	447.597	2120.762	-85.925	350.147	2192.381	-123.631	70.172	2334.927	-140.335	-116.285	2323.783	-95.386	279.897	2228.148	62.511	249.901	2217.545	158.838	4.573	2221.796	158.838	-236.244	2221.796	158.838	-334.631	2221.796	0.000	0.000	0.000	-95.386	279.897	2228.148	-223.455	245.713	2246.187	-279.707	-11.799	2248.655	-279.707	-252.616	2248.655	-279.707	-351.003	2248.655	0.000	0.000	0.000	-55.893	-147.799	2303.459	-55.893	-546.419	2303.459	-55.893	-916.935	2303.459	0.000	0.000	0.000	-223.081	-143.887	2331.899	-512.542	-292.541	2101.656	-379.799	-537.786	2345.615	0.000	0.000	0.000	
03247	2	0.000	0.000	0.000	-100.194	447.248	2108.042	-87.392	349.691	2180.281	-129.708	73.023	2327.117	-137.914	-114.843	2320.660	-98.009	280.272	2217.124	60.077	248.880	2205.695	151.419	2.037	2199.119	151.419	-238.459	2199.119	151.419	-336.730	2199.119	0.000	0.000	0.000	-98.009	280.272	2217.124	-221.401	243.794	2238.447	-284.191	-11.862	2234.494	-284.191	-252.358	2234.494	-284.191	-350.628	2234.494	0.000	0.000	0.000	-48.894	-138.076	2293.277	-48.894	-535.285	2293.277	-48.894	-905.363	2293.277	0.000	0.000	0.000	-149.142	-168.162	2379.910	-451.906	-191.787	2123.881	-451.906	-561.865	2123.881	0.000	0.000	0.000	
03248	2	0.000	0.000	0.000	-101.126	435.711	2087.365	-87.770	343.241	2161.283	-128.283	60.474	2294.721	-136.123	-129.532	2301.591	-97.935	272.296	2194.762	55.316	233.370	2177.474	156.470	-8.051	2198.765	156.470	-247.891	2198.765	156.470	-345.915	2198.765	0.000	0.000	0.000	-97.935	272.296	2194.762	-216.494	229.631	2218.990	-298.100	-18.908	2195.776	-298.100	-258.748	2195.776	-298.100	-356.772	2195.776	0.000	0.000	0.000	-24.950	-133.470	2299.744	-24.950	-528.329	2299.744	-24.950	-897.477	2299.744	0.000	0.000	0.000	-161.551	-196.245	2361.724	-421.382	-117.421	2075.039	-421.382	-486.569	2075.039	0.000	0.000	0.000	
03249	2	0.000	0.000	0.000	-101.367	426.566	2081.049	-87.803	334.855	2151.590	-126.353	49.326	2278.604	-134.549	-140.583	2293.771	-97.475	263.218	2183.458	55.442	223.234	2161.958	159.756	-16.595	2181.662	159.756	-256.100	2181.662	159.756	-353.994	2181.662	0.000	0.000	0.000	-97.475	263.218	2183.458	-218.708	223.890	2211.893	-297.292	-22.653	2169.133	-297.292	-262.159	2169.133	-297.292	-360.053	2169.133	0.000	0.000	0.000	-85.584	-218.082	2346.412	-85.584	-611.940	2346.412	-85.584	-980.601	2346.412	0.000	0.000	0.000	-159.329	-223.499	2352.785	-418.061	-97.397	2083.936	-418.061	-466.058	2083.936	0.000	0.000	0.000	
03250	2	0.000	0.000	0.000	-96.462	405.673	2060.105	-87.816	318.751	2132.805	-118.932	34.864	2263.372	-125.758	-152.625	2295.738	-95.623	247.527	2165.563	60.986	213.708	2140.697	162.709	-27.163	2147.406	162.709	-265.987	2147.406	162.709	-363.613	2147.406	0.000	0.000	0.000	-95.623	247.527	2165.563	-225.873	212.610	2186.774	-291.961	-40.354	2194.074	-291.961	-279.177	2194.074	-291.961	-376.803	2194.074	0.000	0.000	0.000	-56.245	-260.788	2349.458	-56.245	-652.876	2349.458	-56.245	-1020.528	2349.458	0.000	0.000	0.000	-159.945	-276.777	2360.637	-149.785	-650.371	2479.198	-149.785	-1018.023	2479.198	0.000	0.000	0.000	
03251	2	0.000	0.000	0.000	-88.801	397.714	2050.916	-83.280	311.256	2125.270	-98.238	33.866	2261.180	-99.660	-151.921	2301.855	-87.085	240.690	2159.844	68.269	210.896	2131.563	163.122	-32.385	2137.558	163.122	-270.862	2137.558	163.122	-368.351	2137.558	0.000	0.000	0.000	-87.085	240.690	2159.844	-223.975	208.887	2178.225	-280.677	-46.055	2175.408	-280.677	-284.533	2175.408	-280.677	-382.021	2175.408	0.000	0.000	0.000	-29.308	-298.177	2364.144	-29.308	-689.466	2364.144	-29.308	-1056.600	2364.144	0.000	0.000	0.000	-156.280	-307.960	2366.963	-332.392	-51.902	2129.211	-332.392	-419.036	2129.211	0.000	0.000	0.000	
03252	2	0.000	0.000	0.000	-78.358	384.831	2041.481	-76.474	300.863	2118.741	-98.681	25.324	2256.467	-97.306	-159.370	2300.959	-82.123	230.774	2153.775	74.717	201.305	2114.433	167.262	-42.403	2122.497	167.262	-280.531	2122.497	167.262	-377.880	2122.497	0.000	0.000	0.000	-82.123	230.774	2153.775	-223.436	205.720	2164.995	-262.784	-51.773	2178.127	-262.784	-289.901	2178.127	-262.784	-387.250	2178.127	0.000	0.000	0.000	-31.519	-333.492	2359.965	-31.519	-724.024	2359.965	-31.519	-1090.632	2359.965	0.000	0.000	0.000	-176.932	-322.610	2354.393	-341.134	-99.477	2079.140	-341.134	-466.086	2079.140	0.000	0.000	0.000	
03253	2	0.000	0.000	0.000	-63.003	365.738	2019.697	-67.271	281.711	2096.556	-64.658	4.946	2241.320	-59.129	-184.542	2278.575	-66.616	212.304	2132.860	89.725	193.703	2092.246	161.434	-51.325	2141.704	161.434	-288.748	2141.704	161.434	-385.813	2141.704	0.000	0.000	0.000	-66.616	212.304	2132.860	-219.057	194.386	2138.360	-316.428	-27.203	2233.460	-316.428	-264.626	2233.460	-316.428	-361.691	2233.460	0.000	0.000	0.000	47.081	-290.444	2309.962	47.081	-679.554	2309.962	47.081	-1045.093	2309.962	0.000	0.000	0.000	-159.499	-293.338	2314.642	-134.397	-670.724	2406.050	-134.397	-1036.263	2406.050	0.000	0.000	0.000	
03254	2	0.000	0.000	0.000	-57.662	360.868	2008.240	-59.997	274.998	2082.955	-66.983	-1.124	2229.712	-64.752	-191.372	2257.012	-61.744	205.949	2119.654	92.253	182.190	2074.682	182.491	-60.932	2061.428	182.491	-297.999	2061.428	182.491	-394.920	2061.428	0.000	0.000	0.000	-61.744	205.949	2119.654	-209.794	178.514	2093.605	-321.135	-19.996	2218.600	-321.135	-257.063	2218.600	-321.135	-353.984	2218.600	0.000	0.000	0.000	-9.005	-330.520	2300.315	-9.005	-718.952	2300.315	-9.005	-1083.949	2300.315	0.000	0.000	0.000	-133.759	-317.271	2307.013	-335.754	-60.432	2096.986	-335.754	-425.429	2096.986	0.000	0.000	0.000	
03255	2	0.000	0.000	0.000	-45.850	364.630	1973.470	-50.114	273.711	2041.435	-60.239	0.519	2190.708	-56.597	-186.262	2228.640	-52.649	205.316	2078.806	98.937	181.078	2042.585	160.043	-65.466	2092.637	160.043	-301.818	2092.637	160.043	-398.449	2092.637	0.000	0.000	0.000	-52.649	205.316	2078.806	-192.100	178.020	2079.927	-261.342	-47.499	2186.554	-261.342	-283.851	2186.554	-261.342	-380.482	2186.554	0.000	0.000	0.000	50.842	-302.646	2267.400	50.842	-689.770	2267.400	50.842	-1053.674	2267.400	0.000	0.000	0.000	-155.636	-311.604	2274.174	-97.529	-692.393	2312.752	-97.529	-1056.297	2312.752	0.000	0.000	0.000	
03256	2	0.000	0.000	0.000	-37.895	364.464	1951.536	-43.247	273.493	2019.176	-64.236	1.204	2167.917	-60.402	-186.521	2213.867	-48.504	205.296	2056.430	101.213	175.245	2029.278	183.691	-69.191	2046.900	183.691	-305.255	2046.900	183.691	-401.770	2046.900	0.000	0.000	0.000	-48.504	205.296	2056.430	-180.172	169.857	2052.861	-180.172	-88.719	2052.861	-180.172	-324.784	2052.861	-180.172	-421.299	2052.861	0.000	0.000	0.000	21.968	-368.601	2260.115	21.968	-755.207	2260.115	21.968	-1118.672	2260.115	0.000	0.000	0.000	-140.551	-363.485	2269.590	-228.521	-674.823	2057.945	-228.521	-1038.289	2057.945	0.000	0.000	0.000	
03257	2	0.000	0.000	0.000	-33.100	361.770	1937.574	-42.922	269.821	2003.246	-67.087	-5.797	2144.426	-63.000	-190.680	2196.823	-48.977	200.767	2038.617	101.825	177.373	2032.960	199.874	-58.175	1992.279	199.874	-294.042	1992.279	199.874	-390.477	1992.279	0.000	0.000	0.000	-48.977	200.767	2038.617	-175.470	164.741	2045.324	-175.470	-93.622	2045.324	-175.470	-329.489	2045.324	-175.470	-425.924	2045.324	0.000	0.000	0.000	15.332	-404.267	2260.098	15.332	-790.511	2260.098	15.332	-1153.675	2260.098	0.000	0.000	0.000	-148.943	-387.596	2266.242	-215.918	-529.440	1913.285	-215.918	-892.605	1913.285	0.000	0.000	0.000	
03258	2	0.000	0.000	0.000	-22.027	360.303	1912.219	-33.888	264.684	1978.650	-54.961	-11.865	2118.584	-55.108	-195.944	2169.408	-39.170	195.363	2013.726	103.908	164.136	2017.622	198.818	-75.908	2003.377	198.818	-311.916	2003.377	198.818	-408.409	2003.377	0.000	0.000	0.000	-39.170	195.363	2013.726	-171.045	166.343	2024.838	-171.045	-92.175	2024.838	-171.045	-328.183	2024.838	-171.045	-424.676	2024.838	0.000	0.000	0.000	22.487	-382.329	2230.924	22.487	-768.747	2230.924	22.487	-1132.131	2230.924	0.000	0.000	0.000	-140.643	-369.816	2239.253	-285.649	-39.649	2100.394	-285.649	-403.034	2100.394	0.000	0.000	0.000	
03259	2	0.000	0.000	0.000	-16.680	355.661	1905.727	-27.890	259.780	1972.037	-45.681	-18.465	2119.538	-48.874	-204.463	2161.917	-32.289	190.978	2008.510	111.983	156.033	1998.371	181.678	-93.260	2005.107	181.678	-329.652	2005.107	181.678	-426.302	2005.107	0.000	0.000	0.000	-32.289	190.978	2008.510	-166.598	167.067	2028.477	-166.598	-91.873	2028.477	-166.598	-328.265	2028.477	-166.598	-424.915	2028.477	0.000	0.000	0.000	58.675	-320.237	2199.983	58.675	-707.263	2199.983	58.675	-1071.239	2199.983	0.000	0.000	0.000	-146.483	-327.289	2228.028	-187.514	-712.031	2219.140	-187.514	-1076.007	2219.140	0.000	0.000	0.000	
03260	2	0.000	0.000	0.000	-14.308	339.721	1899.828	-16.699	242.717	1968.141	-41.505	-36.652	2120.762	-50.756	-224.035	2157.647	-22.793	174.077	2005.640	126.404	140.684	1986.279	180.584	-114.039	1990.427	180.584	-351.813	1990.427	180.584	-449.029	1990.427	0.000	0.000	0.000	-22.793	174.077	2005.640	-164.521	158.498	2015.827	-164.521	-101.956	2015.827	-164.521	-339.730	2015.827	-164.521	-436.946	2015.827	0.000	0.000	0.000	58.837	-330.195	2182.789	58.837	-719.454	2182.789	58.837	-1085.559	2182.789	0.000	0.000	0.000	-158.398	-340.861	2206.656	-209.666	-726.578	2195.863	-209.666	-1092.683	2195.863	0.000	0.000	0.000	
03261	2	0.000	0.000	0.000	-13.903	334.419	1896.226	-13.619	235.587	1964.230	-37.481	-41.285	2121.462	-46.451	-232.609	2153.253	-19.507	167.273	2003.025	133.107	136.303	1972.201	182.569	-118.375	2005.340	182.569	-357.143	2005.340	182.569	-454.765	2005.340	0.000	0.000	0.000	-19.507	167.273	2003.025	-160.803	150.395	2014.517	-160.803	-111.149	2014.517	-160.803	-349.917	2014.517	-160.803	-447.540	2014.517	0.000	0.000	0.000	64.727	-323.841	2172.251	64.727	-717.230	2172.251	64.727	-1084.867	2172.251	0.000	0.000	0.000	-153.194	-336.893	2198.346	-216.628	-724.997	2208.648	-216.628	-1092.634	2208.648	0.000	0.000	0.000	
03262	2	0.000	0.000	0.000	-13.689	330.993	1889.610	-12.100	230.957	1958.813	-43.056	-44.565	2118.181	-50.784	-236.121	2154.617	-19.764	162.746	1998.268	131.682	130.839	1983.106	177.928	-122.247	1929.315	130.372	111.412	1902.520	120.860	158.144	1897.161	0.000	0.000	0.000	-19.764	162.746	1998.268	-160.438	148.980	2009.434	-160.438	-113.859	2009.434	-160.438	-353.809	2009.434	-160.438	-451.915	2009.434	0.000	0.000	0.000	31.335	-390.074	2199.700	31.335	-784.887	2199.700	31.335	-1154.345	2199.700	0.000	0.000	0.000	-144.018	-379.634	2208.930	-235.574	-763.674	2206.131	-235.574	-1133.132	2206.131	0.000	0.000	0.000	
03263	2	0.000	0.000	0.000	-14.418	314.252	1885.652	-18.016	213.494	1952.155	-68.458	-60.473	2113.575	-75.077	-254.213	2155.312	-30.565	145.338	1992.312	119.393	119.069	2010.880	120.793	356.932	1892.024	108.936	587.203	1816.108	104.088	681.351	1785.069	0.000	0.000	0.000	-30.565	145.338	1992.312	-175.920	139.773	1981.775	-175.920	-126.136	1981.775	-175.920	-368.888	1981.775	-175.920	-468.139	1981.775	0.000	0.000	0.000	25.328	-417.874	2194.601	25.328	-816.538	2194.601	25.328	-1190.311	2194.601	0.000	0.000	0.000	-182.268	-413.300	2207.573	-323.490	-62.377	2081.705	-323.490	-436.150	2081.705	0.000	0.000	0.000	
03264	2	0.000	0.000	0.000	-15.354	312.793	1882.234	-21.114	210.592	1946.142	-65.314	-66.760	2106.263	-71.721	-262.335	2145.250	-32.129	141.475	1986.045	132.999	128.336	1965.354	176.586	-135.530	1968.918	164.525	-379.884	1935.325	159.649	-478.668	1921.744	0.000	0.000	0.000	-32.129	141.475	1986.045	-173.894	134.621	1988.246	-173.894	-132.845	1988.246	-173.894	-379.791	1988.246	-173.894	-479.624	1988.246	0.000	0.000	0.000	44.151	-352.504	2162.270	44.151	-753.234	2162.270	44.151	-1129.195	2162.270	0.000	0.000	0.000	-185.061	-380.437	2186.274	-233.825	-777.549	2208.815	-233.825	-1153.511	2208.815	0.000	0.000	0.000	
03265	2	0.000	0.000	0.000	-29.936	313.833	1865.633	-33.165	207.661	1929.536	-49.801	-85.562	2080.057	-56.949	-277.297	2100.299	-37.291	134.944	1966.864	115.913	114.795	1948.746	159.960	-150.880	1984.844	163.756	-403.960	1946.218	165.260	-504.205	1930.918	0.000	0.000	0.000	-37.291	134.944	1966.864	-184.739	138.418	1988.254	-184.739	-133.292	1988.254	-184.739	-389.331	1988.254	-184.739	-490.748	1988.254	0.000	0.000	0.000	42.544	-356.128	2136.269	42.544	-762.688	2136.269	42.544	-1144.615	2136.269	0.000	0.000	0.000	-157.732	-351.418	2144.147	-227.652	-746.562	2209.442	-227.652	-1128.489	2209.442	0.000	0.000	0.000	
03266	2	0.000	0.000	0.000	-103.401	316.481	1836.604	-100.655	211.077	1886.678	-112.046	-89.145	2042.153	-114.722	-275.755	2074.223	-103.465	137.025	1925.027	46.935	111.673	1915.340	46.935	-168.485	1915.340	46.935	-425.841	1915.340	46.935	-529.237	1915.340	0.000	0.000	0.000	-103.465	137.025	1925.027	-246.141	124.442	1948.436	-328.630	-132.610	2023.323	-328.630	-389.966	2023.323	-328.630	-493.362	2023.323	0.000	0.000	0.000	-12.751	-372.312	2122.692	-12.751	-786.318	2122.692	-12.751	-1175.700	2122.692	0.000	0.000	0.000	-223.429	-371.584	2105.910	-210.408	-780.915	2166.574	-210.408	-1170.297	2166.574	0.000	0.000	0.000	
03267	2	0.000	0.000	0.000	-116.571	318.604	1835.905	-119.657	211.133	1878.578	-182.240	-86.614	2035.089	-187.937	-272.151	2062.114	-134.955	138.351	1916.836	35.278	130.996	1929.199	35.278	-148.277	1929.199	35.278	-404.046	1929.199	35.278	-507.685	1929.199	0.000	0.000	0.000	-134.955	138.351	1916.836	-263.451	125.261	1948.851	-356.669	-128.045	2020.544	-356.669	-383.814	2020.544	-356.669	-487.453	2020.544	0.000	0.000	0.000	-87.784	-372.350	2103.269	-87.784	-787.300	2103.269	-87.784	-1177.596	2103.269	0.000	0.000	0.000	-293.505	-374.710	2090.793	96.576	-359.604	1950.107	96.576	-749.900	1950.107	0.000	0.000	0.000	
03268	2	0.000	0.000	0.000	-117.207	315.113	1836.773	-123.640	211.139	1884.209	-166.674	-94.727	2042.025	-171.078	-283.414	2063.993	-134.030	137.290	1922.313	28.404	115.119	1926.893	28.404	-164.862	1926.893	28.404	-420.143	1926.893	28.404	-523.919	1926.893	0.000	0.000	0.000	-134.030	137.290	1922.313	-273.112	121.695	1945.987	-368.462	-129.184	2025.718	-368.462	-384.465	2025.718	-368.462	-488.242	2025.718	0.000	0.000	0.000	-72.103	-372.369	2107.444	-72.103	-787.857	2107.444	-72.103	-1178.669	2107.444	0.000	0.000	0.000	-279.636	-366.634	2089.716	-272.820	-764.180	2210.303	-272.820	-1154.992	2210.303	0.000	0.000	0.000	
03269	2	0.000	0.000	0.000	-117.310	314.219	1836.824	-127.941	211.140	1884.975	-166.298	-96.522	2043.370	-170.337	-288.001	2064.583	-137.173	137.090	1923.099	27.475	124.907	1925.811	27.475	-159.706	1925.811	27.475	-414.851	1925.811	27.475	-518.691	1925.811	0.000	0.000	0.000	-137.173	137.090	1923.099	-272.743	122.162	1951.104	-392.242	-114.491	2054.641	-392.242	-369.636	2054.641	-392.242	-473.476	2054.641	0.000	0.000	0.000	-69.967	-372.210	2105.587	-69.967	-787.950	2105.587	-69.967	-1179.003	2105.587	0.000	0.000	0.000	-279.629	-365.753	2089.217	-275.948	-765.120	2204.686	-275.948	-1156.172	2204.686	0.000	0.000	0.000	
03270	2	0.000	0.000	0.000	-117.467	313.501	1836.452	-130.044	211.107	1885.586	-155.475	-98.524	2044.542	-158.436	-292.261	2065.200	-136.154	136.712	1923.778	19.276	111.130	1919.902	19.276	-173.761	1919.902	19.276	-428.822	1919.902	19.276	-532.724	1919.902	0.000	0.000	0.000	-136.154	136.712	1923.778	-276.440	119.930	1946.614	-377.933	-133.864	2026.935	-377.933	-388.925	2026.935	-377.933	-492.826	2026.935	0.000	0.000	0.000	-54.355	-367.217	2103.316	-54.355	-783.201	2103.316	-54.355	-1174.486	2103.316	0.000	0.000	0.000	-266.795	-367.200	2090.722	-270.207	-770.863	2191.161	-270.207	-1162.147	2191.161	0.000	0.000	0.000	
03271	2	0.000	0.000	0.000	-117.644	312.850	1836.025	-130.849	211.068	1886.671	-140.608	-100.134	2045.439	-142.458	-295.690	2065.680	-133.192	136.365	1924.782	20.256	110.442	1918.763	20.256	-173.305	1918.763	20.256	-428.325	1918.763	20.256	-532.286	1918.763	0.000	0.000	0.000	-133.192	136.365	1924.782	-277.175	119.605	1951.564	-357.035	-146.485	2009.277	-357.035	-401.505	2009.277	-357.035	-505.467	2009.277	0.000	0.000	0.000	-39.318	-368.857	2106.404	-39.318	-785.078	2106.404	-39.318	-1176.588	2106.404	0.000	0.000	0.000	-251.212	-367.239	2091.080	-255.796	-770.070	2195.704	-273.105	-1080.925	2433.085	0.000	0.000	0.000	
03272	2	0.000	0.000	0.000	-117.963	311.799	1834.586	-131.301	210.980	1888.828	-124.644	-101.830	2046.357	-125.000	-300.022	2066.278	-129.705	135.979	1926.598	22.568	108.719	1919.276	84.728	-148.832	2013.671	107.599	-402.592	2002.515	116.933	-506.150	1997.962	0.000	0.000	0.000	-129.705	135.979	1926.598	-280.905	116.892	1950.683	-358.016	-148.352	2003.653	-326.559	-396.224	1952.547	-313.722	-497.379	1931.691	0.000	0.000	0.000	-25.703	-372.980	2114.701	-25.703	-789.661	2114.701	-25.703	-1181.606	2114.701	0.000	0.000	0.000	-236.927	-362.518	2090.817	-261.463	-766.052	2191.722	-285.679	-1079.348	2425.987	0.000	0.000	0.000	
03273	2	0.000	0.000	0.000	-118.133	311.396	1833.799	-131.360	210.924	1889.967	-124.940	-102.574	2046.779	-124.176	-301.733	2066.523	-129.821	135.779	1927.554	22.540	106.021	1921.314	84.906	-149.727	2013.344	108.681	-405.252	2003.473	118.321	-508.861	1999.470	0.000	0.000	0.000	-129.821	135.779	1927.554	-281.383	113.299	1950.260	-358.497	-149.824	2001.109	-330.396	-401.970	1961.257	-319.001	-504.210	1945.097	0.000	0.000	0.000	-23.253	-371.961	2113.532	-23.253	-788.866	2113.532	-23.253	-1181.024	2113.532	0.000	0.000	0.000	-236.400	-362.496	2090.822	-266.845	-766.817	2187.814	-301.946	-1075.351	2427.318	0.000	0.000	0.000	
03274	2	0.000	0.000	0.000	-118.477	310.776	1830.161	-131.403	210.816	1890.254	-127.157	-103.093	2047.000	-125.070	-303.672	2066.746	-130.385	135.559	1927.833	24.946	104.566	1922.622	86.872	-146.509	2012.074	109.745	-410.665	2005.555	118.734	-514.489	2002.992	0.000	0.000	0.000	-130.385	135.559	1927.833	-282.040	106.971	1947.760	-360.916	-149.383	2001.945	-330.701	-411.094	1971.308	-318.826	-513.957	1959.266	0.000	0.000	0.000	-20.975	-367.356	2111.547	-20.975	-784.702	2111.547	-20.975	-1177.277	2111.547	0.000	0.000	0.000	-237.434	-361.865	2090.696	-266.261	-766.273	2189.698	-285.526	-1084.604	2418.628	0.000	0.000	0.000	
03275	2	0.000	0.000	0.000	-118.762	309.781	1826.550	-131.410	210.709	1890.244	-128.375	-103.247	2047.034	-125.813	-304.355	2066.818	-130.682	135.411	1927.848	25.715	103.538	1922.833	87.677	-145.247	2011.387	110.083	-411.879	2005.458	118.814	-515.786	2003.148	0.000	0.000	0.000	-130.682	135.411	1927.848	-282.043	104.079	1946.599	-363.850	-148.535	2001.996	-330.833	-412.222	1970.235	-317.966	-514.981	1957.858	0.000	0.000	0.000	-19.985	-364.197	2110.203	-19.985	-781.761	2110.203	-19.985	-1174.541	2110.203	0.000	0.000	0.000	-238.198	-361.163	2090.667	-267.724	-765.974	2188.732	-280.025	-873.346	2566.351	0.000	0.000	0.000	
03276	2	0.000	0.000	0.000	-119.706	309.749	1824.528	-131.414	210.517	1890.232	-129.494	-103.401	2047.090	-126.515	-304.953	2066.882	-130.953	135.187	1927.873	26.751	102.972	1922.901	88.757	-144.611	2011.035	110.444	-412.822	2005.402	118.853	-516.813	2003.217	0.000	0.000	0.000	-130.953	135.187	1927.873	-284.294	106.169	1948.442	-362.775	-146.470	2002.519	-330.396	-411.260	1966.785	-317.842	-513.924	1952.929	0.000	0.000	0.000	-19.372	-360.988	2109.408	-19.372	-778.769	2109.408	-19.372	-1171.752	2109.408	0.000	0.000	0.000	-238.909	-360.230	2090.734	-273.971	-766.856	2179.990	-163.632	-969.613	2498.033	0.000	0.000	0.000	
03277	2	0.000	0.000	0.000	-121.870	311.168	1821.917	-131.418	209.991	1888.226	-131.068	-102.938	2046.606	-127.781	-305.146	2066.873	-131.334	134.777	1926.294	28.451	102.081	1922.415	89.831	-143.696	2010.117	110.337	-409.967	2005.541	118.357	-514.104	2003.751	0.000	0.000	0.000	-131.334	134.777	1926.294	-285.734	106.146	1949.661	-362.916	-144.167	2006.689	-330.282	-406.247	1966.811	-317.519	-508.745	1951.215	0.000	0.000	0.000	-20.061	-360.681	2107.059	-20.061	-778.892	2107.059	-20.061	-1172.281	2107.059	0.000	0.000	0.000	-240.633	-357.589	2090.890	-283.925	-769.697	2147.396	-283.925	-1163.086	2147.396	0.000	0.000	0.000	
03278	2	0.000	0.000	0.000	-122.816	313.087	1820.454	-131.418	209.640	1883.533	-131.296	-101.356	2045.263	-128.406	-303.737	2066.646	-131.389	134.811	1922.447	29.734	101.389	1914.842	89.205	-142.303	2007.682	109.939	-407.584	2005.495	118.083	-511.777	2004.636	0.000	0.000	0.000	-131.389	134.811	1922.447	-285.142	106.050	1949.158	-362.569	-143.490	2006.405	-330.927	-404.985	1968.615	-318.499	-507.691	1953.772	0.000	0.000	0.000	-19.928	-360.498	2104.472	-19.928	-778.923	2104.472	-19.928	-1172.514	2104.472	0.000	0.000	0.000	-241.186	-357.277	2090.854	-280.695	-771.250	2137.167	-280.695	-1164.840	2137.167	0.000	0.000	0.000	
03279	2	0.000	0.000	0.000	-126.057	315.499	1818.137	-131.421	209.047	1874.647	-149.283	-97.908	2042.229	-150.945	-300.531	2065.562	-135.727	135.047	1915.047	33.701	114.018	1911.611	87.522	-140.181	1996.205	108.946	-406.569	2006.021	117.326	-510.772	2009.861	0.000	0.000	0.000	-135.727	135.047	1915.047	-281.078	108.904	1947.008	-362.310	-145.327	2005.643	-323.777	-407.300	1968.188	-308.704	-509.777	1953.537	0.000	0.000	0.000	-44.119	-360.127	2102.994	-44.119	-778.936	2102.994	-44.119	-1172.888	2102.994	0.000	0.000	0.000	-262.889	-357.457	2088.126	118.215	-373.193	1915.172	118.215	-767.145	1915.172	0.000	0.000	0.000	
03280	2	0.000	0.000	0.000	-127.968	316.069	1817.504	-131.425	208.875	1871.191	-149.968	-96.638	2040.971	-152.411	-299.354	2064.786	-135.899	135.163	1912.154	31.029	108.260	1903.589	88.840	-144.965	1988.702	108.121	-413.171	2004.583	115.611	-517.364	2010.753	0.000	0.000	0.000	-135.899	135.163	1912.154	-281.275	108.912	1942.724	-361.626	-145.055	2003.988	-320.514	-409.169	1970.640	-304.542	-511.772	1957.685	0.000	0.000	0.000	-42.516	-351.884	2096.500	-42.516	-770.829	2096.500	-42.516	-1164.910	2096.500	0.000	0.000	0.000	-261.869	-358.574	2089.637	-232.484	-771.620	2153.229	-232.484	-1165.701	2153.229	0.000	0.000	0.000	
03281	2	0.000	0.000	0.000	-130.630	315.716	1817.329	-131.363	208.646	1870.022	-142.681	-96.450	2040.658	-144.627	-299.286	2064.575	-134.096	134.962	1911.233	30.768	105.127	1899.783	89.904	-148.093	1982.139	110.339	-417.263	2003.891	118.237	-521.297	2012.299	0.000	0.000	0.000	-134.096	134.962	1911.233	-280.956	111.328	1947.736	-360.701	-143.604	2002.958	-320.196	-409.484	1971.157	-304.541	-512.246	1958.865	0.000	0.000	0.000	-35.455	-351.901	2096.933	-35.455	-770.956	2096.933	-35.455	-1165.140	2096.933	0.000	0.000	0.000	-253.254	-359.190	2089.248	-297.264	-771.161	2152.091	-297.264	-1165.345	2152.091	0.000	0.000	0.000	
03282	2	0.000	0.000	0.000	-135.515	316.220	1816.190	-136.551	208.382	1864.396	-168.159	-96.185	2034.438	-166.405	-299.008	2059.967	-144.177	134.902	1905.420	14.431	93.218	1896.499	62.881	-169.211	1965.453	98.544	-430.349	2014.233	112.476	-532.364	2033.289	0.000	0.000	0.000	-144.177	134.902	1905.420	-277.258	117.089	1959.032	-367.874	-136.796	2016.495	-318.052	-395.665	1968.029	-298.589	-496.794	1949.096	0.000	0.000	0.000	-64.219	-362.916	2099.603	-64.219	-782.128	2099.603	-64.219	-1176.460	2099.603	0.000	0.000	0.000	-274.541	-357.768	2086.023	120.779	-384.979	1949.202	120.779	-779.311	1949.202	0.000	0.000	0.000	
03283	2	0.000	0.000	0.000	-136.150	316.967	1815.035	-139.404	208.386	1859.077	-181.378	-96.890	2027.565	-177.601	-299.582	2054.397	-149.505	134.926	1899.622	23.793	118.006	1895.139	146.834	-129.831	1935.241	76.628	-380.731	2000.164	49.245	-478.590	2025.485	0.000	0.000	0.000	-149.505	134.926	1899.622	-283.854	124.343	1949.483	-385.948	-121.729	2034.312	-322.712	-374.948	1971.257	-298.047	-473.711	1946.663	0.000	0.000	0.000	-72.451	-358.781	2089.815	-72.451	-778.049	2089.815	-72.451	-1172.433	2089.815	0.000	0.000	0.000	-280.853	-363.722	2086.972	115.570	-367.904	1950.529	115.570	-762.289	1950.529	0.000	0.000	0.000	
03284	2	0.000	0.000	0.000	-136.701	315.417	1813.851	-133.396	208.240	1858.092	-134.359	-99.344	2028.550	-132.449	-302.177	2055.217	-133.628	134.306	1899.065	26.895	104.893	1888.177	92.655	-151.072	1976.369	110.635	-420.495	2002.366	117.577	-524.527	2012.404	0.000	0.000	0.000	-133.628	134.306	1899.065	-275.891	115.078	1949.169	-367.350	-137.051	2024.581	-321.559	-398.965	1970.805	-303.878	-500.097	1950.040	0.000	0.000	0.000	-27.170	-357.321	2092.230	-27.170	-776.670	2092.230	-27.170	-1171.130	2092.230	0.000	0.000	0.000	-238.420	-360.602	2084.514	-238.420	-779.950	2084.514	-238.420	-1174.411	2084.514	0.000	0.000	0.000	
