03049	2	0.000	0.000	0.000	112.371	441.055	2033.243	181.232	386.727	2059.028	148.076	174.667	2196.598	183.860	38.340	2157.492	172.914	333.526	2093.541	216.406	280.227	2165.494	216.406	66.683	2165.494	216.406	-127.163	2165.494	216.406	-206.419	2165.494	0.000	0.000	0.000	172.914	333.526	2093.541	85.448	277.604	2112.245	85.448	64.060	2112.245	85.448	-129.786	2112.245	85.448	-209.042	2112.245	0.000	0.000	0.000	264.313	1.912	2177.877	264.313	-315.391	2177.877	264.313	-613.862	2177.877	0.000	0.000	0.000	124.020	14.156	2229.380	124.020	-303.147	2229.380	124.020	-601.618	2229.380	0.000	0.000	0.000	
03050	2	0.000	0.000	0.000	106.347	441.557	2024.665	169.301	376.668	2039.828	145.518	167.360	2183.525	175.985	26.842	2148.341	163.334	324.157	2075.879	213.243	256.199	2125.795	213.243	42.847	2125.795	213.243	-151.043	2125.795	213.243	-230.317	2125.795	0.000	0.000	0.000	163.334	324.157	2075.879	72.081	270.705	2095.991	72.081	57.354	2095.991	72.081	-136.537	2095.991	72.081	-215.811	2095.991	0.000	0.000	0.000	246.133	-20.504	2168.269	246.133	-337.879	2168.269	246.133	-636.418	2168.269	0.000	0.000	0.000	139.997	-25.324	2213.847	139.997	-342.699	2213.847	139.997	-641.239	2213.847	0.000	0.000	0.000	
03051	2	0.000	0.000	0.000	97.705	443.503	2011.812	154.754	370.557	2018.343	126.827	173.402	2177.675	159.998	38.331	2131.586	147.748	321.095	2058.316	203.002	255.959	2106.086	203.002	42.781	2106.086	203.002	-151.128	2106.086	203.002	-230.409	2106.086	0.000	0.000	0.000	147.748	321.095	2058.316	60.294	275.698	2090.721	60.294	62.520	2090.721	60.294	-131.388	2090.721	60.294	-210.670	2090.721	0.000	0.000	0.000	232.098	0.600	2156.889	232.098	-316.805	2156.889	232.098	-615.372	2156.889	0.000	0.000	0.000	144.366	9.936	2220.970	144.366	-307.469	2220.970	144.366	-606.036	2220.970	0.000	0.000	0.000	
03052	2	0.000	0.000	0.000	63.109	454.567	1985.383	116.162	378.161	1987.396	81.131	208.614	2174.580	84.634	60.880	2192.027	107.374	335.625	2034.356	92.645	319.548	2123.207	92.645	106.689	2123.207	92.645	-87.181	2123.207	92.645	-166.447	2123.207	0.000	0.000	0.000	107.374	335.625	2034.356	91.733	260.180	2076.373	91.733	47.321	2076.373	91.733	-146.549	2076.373	91.733	-225.815	2076.373	0.000	0.000	0.000	126.190	-284.594	2202.790	126.190	-601.937	2202.790	126.190	-900.445	2202.790	0.000	0.000	0.000	54.444	-280.898	2253.440	54.444	-598.241	2253.440	54.444	-896.749	2253.440	0.000	0.000	0.000	
03053	2	0.000	0.000	0.000	49.970	453.686	1974.874	105.300	378.664	1980.854	66.399	170.204	2122.292	60.277	27.764	2168.829	95.541	326.366	2016.338	36.746	284.434	2072.095	36.746	71.735	2072.095	36.746	-122.078	2072.095	36.746	-201.321	2072.095	0.000	0.000	0.000	95.541	326.366	2016.338	81.350	260.796	2067.095	81.350	48.098	2067.095	81.350	-145.716	2067.095	81.350	-224.959	2067.095	0.000	0.000	0.000	77.981	-514.467	2280.856	77.981	-831.718	2280.856	77.981	-1130.140	2280.856	0.000	0.000	0.000	-25.151	-504.904	2311.799	-25.151	-822.154	2311.799	-25.151	-1120.576	2311.799	0.000	0.000	0.000	
03054	2	0.000	0.000	0.000	35.659	447.214	1963.648	85.516	369.731	1963.797	57.745	148.461	2087.036	44.436	10.218	2147.979	78.549	314.219	1994.715	71.267	237.237	2031.895	71.267	24.769	2031.895	71.267	-168.964	2031.895	71.267	-248.174	2031.895	0.000	0.000	0.000	78.549	314.219	1994.715	14.831	255.298	2029.400	14.831	42.830	2029.400	14.831	-150.903	2029.400	14.831	-230.113	2029.400	0.000	0.000	0.000	52.015	-547.700	2320.033	52.015	-864.819	2320.033	52.015	-1163.117	2320.033	0.000	0.000	0.000	-36.706	-566.550	2332.179	-36.706	-883.669	2332.179	-36.706	-1181.966	2332.179	0.000	0.000	0.000	
03055	2	0.000	0.000	0.000	32.159	439.641	1954.823	80.304	362.227	1954.590	39.438	149.990	2089.447	20.432	14.148	2155.560	70.052	308.981	1988.423	73.895	228.168	2021.244	73.895	15.781	2021.244	73.895	-177.925	2021.244	73.895	-257.124	2021.244	0.000	0.000	0.000	70.052	308.981	1988.423	9.647	248.400	2021.721	9.647	36.013	2021.721	9.647	-157.693	2021.721	9.647	-236.892	2021.721	0.000	0.000	0.000	34.657	-394.887	2278.283	34.657	-711.961	2278.283	34.657	-1010.216	2278.283	0.000	0.000	0.000	-92.260	-408.108	2290.485	-92.260	-725.182	2290.485	-92.260	-1023.437	2290.485	0.000	0.000	0.000	
03056	2	0.000	0.000	0.000	28.800	433.644	1943.979	76.010	356.173	1942.254	40.215	145.498	2080.899	25.303	8.440	2146.665	67.030	303.319	1977.037	52.289	224.752	2010.637	52.289	12.428	2010.637	52.289	-181.258	2010.637	52.289	-260.448	2010.637	0.000	0.000	0.000	67.030	303.319	1977.037	11.404	247.538	2023.093	11.404	35.214	2023.093	11.404	-158.472	2023.093	11.404	-237.662	2023.093	0.000	0.000	0.000	75.353	-347.216	2276.335	75.353	-664.256	2276.335	75.353	-962.481	2276.335	0.000	0.000	0.000	-65.083	-375.885	2263.510	-65.083	-692.925	2263.510	-65.083	-991.150	2263.510	0.000	0.000	0.000	
03057	2	0.000	0.000	0.000	6.488	438.206	1926.304	61.164	350.853	1917.063	12.262	121.428	2084.792	4.596	-38.219	2153.333	48.896	293.296	1959.142	46.857	213.000	2005.327	46.857	-27.289	2005.327	46.857	-246.557	2005.327	46.857	-336.208	2005.327	0.000	0.000	0.000	48.896	293.296	1959.142	-30.424	249.647	2008.538	-30.424	9.358	2008.538	-30.424	-209.910	2008.538	-30.424	-299.560	2008.538	0.000	0.000	0.000	84.671	-317.407	2232.926	84.671	-676.323	2232.926	84.671	-1013.938	2232.926	0.000	0.000	0.000	-103.652	-312.408	2247.094	-103.652	-671.324	2247.094	-103.652	-1008.939	2247.094	0.000	0.000	0.000	
03058	2	0.000	0.000	0.000	-19.105	415.070	1936.339	58.057	335.461	1910.958	10.609	81.935	2092.320	2.266	-95.646	2160.835	46.153	271.857	1956.457	76.486	195.032	2010.444	76.486	-67.667	2010.444	76.486	-307.413	2010.444	76.486	-405.436	2010.444	0.000	0.000	0.000	46.153	271.857	1956.457	-36.605	230.859	2011.231	-36.605	-31.840	2011.231	-36.605	-271.586	2011.231	-36.605	-369.609	2011.231	0.000	0.000	0.000	92.776	-327.340	2261.965	92.776	-719.776	2261.965	92.776	-1088.920	2261.965	0.000	0.000	0.000	-112.913	-298.919	2253.507	-112.913	-691.355	2253.507	-112.913	-1060.500	2253.507	0.000	0.000	0.000	
03059	2	0.000	0.000	0.000	-46.538	379.459	1946.738	47.499	309.746	1912.547	-1.500	39.091	2102.303	-8.164	-153.264	2169.358	35.107	241.297	1960.536	48.092	146.492	1990.644	48.092	-134.136	1990.644	48.092	-390.263	1990.644	48.092	-494.984	1990.644	0.000	0.000	0.000	35.107	241.297	1960.536	-25.185	178.621	2013.911	-25.185	-102.007	2013.911	-25.185	-358.134	2013.911	-25.185	-462.855	2013.911	0.000	0.000	0.000	73.618	-330.641	2298.061	169.675	-538.943	1947.127	120.345	-751.630	2275.544	0.000	0.000	0.000	-114.757	-370.180	2245.934	-114.757	-789.431	2245.934	-114.757	-1183.800	2245.934	0.000	0.000	0.000	
03060	2	0.000	0.000	0.000	-37.222	359.622	1924.188	-3.806	247.129	1932.661	-0.147	-37.879	2087.718	-6.936	-223.074	2152.126	-2.890	175.772	1971.482	4.819	89.461	2020.346	4.819	-180.287	2020.346	4.819	-426.503	2020.346	4.819	-527.172	2020.346	0.000	0.000	0.000	-2.890	175.772	1971.482	-67.769	108.014	2028.463	-67.769	-161.734	2028.463	-67.769	-407.951	2028.463	-67.769	-508.619	2028.463	0.000	0.000	0.000	70.491	-507.146	2214.669	191.442	-887.316	2157.461	191.442	-1266.425	2157.461	0.000	0.000	0.000	-78.669	-527.109	2218.593	-78.669	-930.137	2218.593	-78.669	-1309.246	2218.593	0.000	0.000	0.000	
03061	2	0.000	0.000	0.000	-27.461	337.479	1911.238	-32.558	225.352	1936.740	-16.896	-47.294	2097.518	-14.165	-228.221	2161.055	-28.635	157.065	1977.009	10.779	68.926	2013.679	10.779	-194.618	2013.679	10.779	-435.179	2013.679	10.779	-533.536	2013.679	0.000	0.000	0.000	-28.635	157.065	1977.009	-137.679	128.583	2045.608	-137.679	-134.961	2045.608	-137.679	-375.522	2045.608	-137.679	-473.878	2045.608	0.000	0.000	0.000	89.615	-465.183	2223.472	137.957	-852.618	2172.357	137.957	-1223.019	2172.357	0.000	0.000	0.000	-101.192	-482.681	2236.427	-101.192	-876.452	2236.427	-101.192	-1246.853	2236.427	0.000	0.000	0.000	
03063	2	0.000	0.000	0.000	-56.906	34.502	2036.961	-76.856	-66.694	2092.909	54.267	-248.592	2322.109	-23.444	-326.679	2161.467	-43.960	-112.329	2150.410	73.166	10.209	2003.113	73.166	-256.853	2003.113	73.166	-500.657	2003.113	73.166	-600.339	2003.113	0.000	0.000	0.000	-43.960	-112.329	2150.410	-243.532	25.210	2108.929	-243.532	-241.852	2108.929	-243.532	-485.656	2108.929	-243.532	-585.338	2108.929	0.000	0.000	0.000	89.259	-315.282	2198.437	84.479	-713.658	2175.255	75.889	-1053.530	2334.422	0.000	0.000	0.000	-109.681	-315.667	2205.576	-109.681	-714.745	2205.576	-109.681	-1090.139	2205.576	0.000	0.000	0.000	
03064	2	0.000	0.000	0.000	-103.196	54.545	2068.370	-72.721	-55.616	2082.725	35.968	-289.923	2272.692	-27.968	-359.744	2102.471	-45.453	-114.399	2130.383	87.542	-157.316	2061.402	87.542	-424.362	2061.402	87.542	-668.151	2061.402	87.542	-767.828	2061.402	0.000	0.000	0.000	-45.453	-114.399	2130.383	-239.827	34.970	2101.474	-239.827	-232.076	2101.474	-239.827	-475.865	2101.474	-239.827	-575.542	2101.474	0.000	0.000	0.000	95.809	-357.175	2164.593	96.394	-756.209	2160.517	66.103	-1082.400	2343.780	0.000	0.000	0.000	-89.442	-368.201	2188.286	-89.442	-767.256	2188.286	-89.442	-1142.627	2188.286	0.000	0.000	0.000	
03066	2	0.000	0.000	0.000	-64.910	51.204	1980.336	-80.842	-52.672	2037.645	36.252	-262.468	2259.604	-17.555	-357.397	2093.539	-51.466	-105.305	2093.330	84.181	-101.590	1946.316	84.181	-374.025	1946.316	84.181	-622.733	1946.316	84.181	-724.421	1946.316	0.000	0.000	0.000	-51.466	-105.305	2093.330	-243.851	53.679	2046.818	-243.851	-218.756	2046.818	-243.851	-467.464	2046.818	-243.851	-569.151	2046.818	0.000	0.000	0.000	100.566	-339.371	2133.580	94.090	-745.940	2153.480	4.840	-1013.164	2412.851	0.000	0.000	0.000	-103.109	-357.378	2161.643	-103.109	-764.485	2161.643	-103.109	-1147.430	2161.643	0.000	0.000	0.000	
03067	2	0.000	0.000	0.000	-143.028	-40.052	1934.849	-72.043	-63.950	2028.507	56.782	-274.318	2243.310	-18.536	-322.582	2065.878	-39.724	-116.727	2082.397	90.372	-166.006	1994.267	90.372	-438.440	1994.267	90.372	-687.148	1994.267	90.372	-788.835	1994.267	0.000	0.000	0.000	-39.724	-116.727	2082.397	-226.381	44.834	1980.420	-226.381	-227.600	1980.420	-226.381	-476.308	1980.420	-226.381	-577.995	1980.420	0.000	0.000	0.000	108.662	-317.096	2117.505	98.310	-726.713	2144.272	75.011	-1069.218	2313.960	0.000	0.000	0.000	-91.253	-349.756	2117.670	-91.253	-760.377	2117.670	-91.253	-1143.322	2117.670	0.000	0.000	0.000	
03070	2	0.000	0.000	0.000	-99.411	19.299	1999.977	-81.166	-58.139	1997.311	-50.413	-135.132	2210.674	-49.334	-233.918	2122.914	-73.834	-76.494	2048.177	-15.837	-41.714	1909.368	-15.837	-222.886	1909.368	-15.837	-388.280	1909.368	-15.837	-455.903	1909.368	0.000	0.000	0.000	-73.834	-76.494	2048.177	-107.717	37.544	1948.203	-107.717	-143.628	1948.203	-107.717	-309.022	1948.203	-107.717	-376.645	1948.203	0.000	0.000	0.000	22.193	-268.371	2061.033	64.738	-534.955	2081.477	79.525	-775.745	2164.462	0.000	0.000	0.000	-126.051	-275.273	2079.738	-126.051	-546.003	2079.738	-126.051	-801.121	2079.738	0.000	0.000	0.000	
03072	2	0.000	0.000	0.000	-79.395	-3.930	1906.371	-96.285	-67.410	1947.977	-46.207	-198.878	2107.208	-47.312	-321.280	2066.250	-83.722	-100.393	1987.924	19.918	-81.013	1899.683	42.873	63.169	1799.669	17.077	-85.590	1857.168	11.917	-115.342	1868.668	0.000	0.000	0.000	-83.722	-100.393	1987.924	-203.709	-0.649	1952.828	-203.709	-177.618	1952.828	-203.709	-339.176	1952.828	-203.709	-405.230	1952.828	0.000	0.000	0.000	18.303	-370.416	2070.848	148.038	-575.074	1964.932	108.385	-780.656	2099.257	0.000	0.000	0.000	-119.456	-359.168	2061.074	-119.456	-623.619	2061.074	-119.456	-872.374	2061.074	0.000	0.000	0.000	
03073	2	0.000	0.000	0.000	-105.095	61.452	1936.049	-84.530	-12.527	1923.229	-75.755	-109.932	2112.136	-66.643	-234.383	2078.542	-82.328	-36.964	1970.622	20.487	-77.987	1905.480	20.487	-255.162	1905.480	20.487	-416.907	1905.480	20.487	-483.038	1905.480	0.000	0.000	0.000	-82.328	-36.964	1970.622	-143.660	87.232	1876.533	-143.660	-89.943	1876.533	-143.660	-251.688	1876.533	-143.660	-317.819	1876.533	0.000	0.000	0.000	5.555	-264.386	2038.697	76.384	-517.975	2010.909	99.077	-751.848	2093.440	0.000	0.000	0.000	-142.294	-254.009	2052.632	-142.294	-518.767	2052.632	-142.294	-767.811	2052.632	0.000	0.000	0.000	
03074	2	0.000	0.000	0.000	-116.206	54.719	1988.055	-83.876	33.983	1920.140	-91.475	-71.625	2105.196	-78.582	-197.820	2079.047	-85.783	7.488	1966.566	-17.537	-65.128	1881.625	-17.537	-242.704	1881.625	-17.537	-404.816	1881.625	-17.537	-471.097	1881.625	0.000	0.000	0.000	-85.783	7.488	1966.566	-169.759	107.215	1865.656	-169.759	-70.362	1865.656	-169.759	-232.473	1865.656	-169.759	-298.754	1865.656	0.000	0.000	0.000	-12.690	-250.990	2042.841	57.142	-505.288	2013.334	75.910	-738.287	2100.877	0.000	0.000	0.000	-142.750	-255.087	2053.164	-142.750	-520.445	2053.164	-142.750	-770.054	2053.164	0.000	0.000	0.000	
03075	2	0.000	0.000	0.000	-132.124	83.682	1986.945	-89.257	72.964	1919.729	-93.523	-108.530	2037.596	-93.275	-237.990	2060.617	-90.327	27.431	1949.300	-42.295	-44.839	1898.973	-42.295	-225.119	1898.973	-42.295	-389.698	1898.973	-42.295	-456.988	1898.973	0.000	0.000	0.000	-90.327	27.431	1949.300	-198.711	17.216	1957.489	-198.711	-163.064	1957.489	-198.711	-327.643	1957.489	-198.711	-394.934	1957.489	0.000	0.000	0.000	-21.302	-270.484	2026.244	75.218	-518.454	1958.041	40.936	-728.630	2096.636	0.000	0.000	0.000	-168.206	-300.636	2056.435	-168.206	-575.330	2056.435	-168.206	-829.412	2056.435	0.000	0.000	0.000	
03076	2	0.000	0.000	0.000	-82.207	160.922	1893.012	-92.997	82.147	1919.556	-84.941	-116.099	2029.656	-80.498	-252.082	2051.801	-90.976	32.411	1947.178	11.842	48.434	1851.002	11.842	-140.558	1851.002	11.842	-313.091	1851.002	11.842	-383.633	1851.002	0.000	0.000	0.000	-90.976	32.411	1947.178	-179.949	102.299	1825.425	-179.949	-86.692	1825.425	-179.949	-259.225	1825.425	-179.949	-329.767	1825.425	0.000	0.000	0.000	-2.062	-379.248	2046.286	57.356	-662.993	2030.943	70.503	-895.412	2165.835	0.000	0.000	0.000	-160.293	-361.106	2065.265	-160.293	-651.411	2065.265	-160.293	-920.460	2065.265	0.000	0.000	0.000	
03077	2	0.000	0.000	0.000	-69.028	145.339	1862.773	-93.708	83.990	1919.461	-68.843	-114.974	2044.472	-64.143	-257.943	2056.416	-87.470	34.074	1950.824	16.269	86.854	1844.618	16.269	-109.950	1844.618	16.269	-289.614	1844.618	16.269	-363.072	1844.618	0.000	0.000	0.000	-87.470	34.074	1950.824	-141.601	127.989	1803.379	-141.601	-68.815	1803.379	-141.601	-248.479	1803.379	-141.601	-321.937	1803.379	0.000	0.000	0.000	18.391	-323.659	2034.371	53.349	-627.026	2013.190	68.374	-874.084	2151.773	0.000	0.000	0.000	-146.188	-333.648	2059.029	-146.188	-639.757	2059.029	-146.188	-923.427	2059.029	0.000	0.000	0.000	
03078	2	0.000	0.000	0.000	-68.350	150.662	1847.269	-91.144	91.500	1913.000	-72.184	-116.490	2041.526	-63.590	-266.860	2055.033	-86.330	38.692	1945.633	-51.887	-15.100	1835.760	-51.887	-221.808	1835.760	-51.887	-410.514	1835.760	-51.887	-487.668	1835.760	0.000	0.000	0.000	-86.330	38.692	1945.633	-222.621	57.540	1933.771	-222.621	-149.167	1933.771	-222.621	-337.873	1933.771	-222.621	-415.028	1933.771	0.000	0.000	0.000	0.299	-392.528	2054.830	56.463	-703.905	2018.292	74.104	-942.463	2192.947	0.000	0.000	0.000	-127.303	-383.766	2073.357	-127.303	-702.271	2073.357	-127.303	-998.456	2073.357	0.000	0.000	0.000	
03079	2	0.000	0.000	0.000	-66.154	159.457	1831.506	-86.736	99.829	1902.536	-71.731	-116.397	2037.948	-63.615	-273.199	2053.384	-82.928	44.962	1936.896	35.784	67.911	1839.377	35.784	-147.382	1839.377	35.784	-343.926	1839.377	35.784	-424.285	1839.377	0.000	0.000	0.000	-82.928	44.962	1936.896	-216.494	64.878	1858.265	-216.494	-150.416	1858.265	-216.494	-346.959	1858.265	-216.494	-427.318	1858.265	0.000	0.000	0.000	18.079	-377.515	2055.457	56.158	-701.582	2010.266	72.867	-956.740	2183.537	0.000	0.000	0.000	-131.914	-380.420	2087.912	-131.914	-709.832	2087.912	-131.914	-1018.713	2087.912	0.000	0.000	0.000	
03080	2	0.000	0.000	0.000	-59.746	191.556	1787.785	-70.484	130.414	1867.052	-72.949	-101.685	2014.643	-72.283	-267.695	2043.743	-71.101	72.321	1903.993	51.895	70.043	1815.887	51.895	-158.520	1815.887	51.895	-367.177	1815.887	51.895	-452.490	1815.887	0.000	0.000	0.000	-71.101	72.321	1903.993	-203.993	72.194	1862.082	-203.993	-156.369	1862.082	-203.993	-365.027	1862.082	-203.993	-450.339	1862.082	0.000	0.000	0.000	6.992	-388.932	2057.404	59.112	-721.505	1975.421	74.280	-969.538	2197.105	0.000	0.000	0.000	-145.269	-385.833	2090.744	-145.269	-732.305	2090.744	-145.269	-1065.313	2090.744	0.000	0.000	0.000	
03081	2	0.000	0.000	0.000	-68.086	201.814	1767.960	-70.275	138.785	1849.280	-81.037	-96.132	2003.387	-85.514	-265.009	2039.080	-72.970	79.957	1887.872	50.300	65.271	1806.293	50.300	-168.478	1806.293	50.300	-381.869	1806.293	50.300	-469.117	1806.293	0.000	0.000	0.000	-72.970	79.957	1887.872	-203.249	75.686	1860.542	-203.249	-158.063	1860.542	-203.249	-371.454	1860.542	-203.249	-458.702	1860.542	0.000	0.000	0.000	-4.187	-383.088	2057.007	54.640	-724.706	1989.098	75.078	-978.564	2211.482	0.000	0.000	0.000	-161.025	-387.889	2090.285	-161.025	-741.125	2090.285	-161.025	-1079.231	2090.285	0.000	0.000	0.000	
03082	2	0.000	0.000	0.000	-96.771	214.192	1742.372	-81.393	142.672	1819.793	-106.041	-94.898	1986.084	-112.740	-266.979	2032.006	-87.569	83.138	1861.464	30.287	45.519	1802.482	111.261	-190.037	1830.476	111.261	-411.076	1830.476	111.261	-501.450	1830.476	0.000	0.000	0.000	-87.569	83.138	1861.464	-212.527	79.223	1851.240	-312.128	-110.266	1981.626	-505.269	-7.556	2013.325	-543.898	12.986	2019.665	0.000	0.000	0.000	-27.343	-391.656	2055.931	39.393	-743.637	1989.638	76.325	-998.590	2222.804	0.000	0.000	0.000	-189.890	-401.731	2094.362	-189.890	-766.066	2094.362	-189.890	-1113.530	2094.362	0.000	0.000	0.000	
03083	2	0.000	0.000	0.000	-114.719	217.287	1734.836	-93.702	141.403	1808.762	-121.165	-97.556	1979.735	-124.651	-270.850	2028.928	-100.586	81.507	1851.617	15.195	34.405	1806.780	91.613	-204.882	1831.389	71.453	-424.740	1870.313	63.210	-514.632	1886.228	0.000	0.000	0.000	-100.586	81.507	1851.617	-229.008	83.272	1849.064	-328.390	-109.972	1977.452	-518.402	-11.888	2044.790	-556.404	7.728	2058.257	0.000	0.000	0.000	-33.062	-396.009	2055.335	25.020	-755.655	1996.770	77.744	-1008.094	2234.711	0.000	0.000	0.000	-203.195	-410.128	2094.901	-203.195	-779.111	2094.901	-203.195	-1129.997	2094.901	0.000	0.000	0.000	
03084	2	0.000	0.000	0.000	-137.409	218.227	1728.591	-107.879	140.370	1799.450	-152.337	-97.403	1980.388	-156.448	-272.678	2027.773	-118.902	81.416	1844.313	-11.215	18.866	1815.366	63.507	-222.882	1838.792	88.978	-447.727	1820.756	99.392	-539.658	1813.382	0.000	0.000	0.000	-118.902	81.416	1844.313	-246.857	84.361	1843.137	-377.968	-77.385	1988.817	-589.387	-14.663	2042.644	-631.671	-2.118	2053.409	0.000	0.000	0.000	-63.448	-367.357	2026.488	-129.246	-729.914	1967.394	46.884	-951.964	2179.632	0.000	0.000	0.000	-245.760	-372.000	2085.532	-245.760	-745.188	2085.532	-245.760	-1099.269	2085.532	0.000	0.000	0.000	
03085	2	0.000	0.000	0.000	-179.094	217.578	1718.885	-144.219	136.893	1787.436	-175.184	-107.923	1973.222	-174.464	-285.371	2022.605	-151.876	76.355	1833.377	-28.049	24.077	1794.093	26.276	-224.165	1832.950	54.614	-443.642	1900.893	66.200	-533.378	1928.672	0.000	0.000	0.000	-151.876	76.355	1833.377	-281.489	78.145	1850.464	-368.614	-126.341	1979.616	-567.487	-19.498	2030.833	-648.718	24.142	2051.753	0.000	0.000	0.000	-84.135	-417.812	2060.088	2.803	-786.222	2027.144	77.884	-1056.181	2252.138	0.000	0.000	0.000	-244.103	-433.837	2083.144	-244.103	-813.798	2083.144	-244.103	-1173.155	2083.144	0.000	0.000	0.000	
03086	2	0.000	0.000	0.000	-195.838	210.811	1718.425	-158.565	129.498	1786.206	-189.808	-118.465	1969.781	-189.401	-295.489	2020.009	-166.314	68.001	1831.734	-47.501	20.525	1831.282	3.903	-232.419	1833.137	132.376	-140.068	1661.972	184.903	-102.308	1591.990	0.000	0.000	0.000	-166.314	68.001	1831.734	-299.326	79.192	1848.640	-385.814	-124.616	1981.337	-584.477	-27.311	2054.796	-665.638	12.442	2084.807	0.000	0.000	0.000	-98.672	-435.457	2052.763	-28.810	-811.387	2051.460	49.958	-1101.790	2251.337	0.000	0.000	0.000	-271.036	-437.770	2080.988	-271.036	-820.138	2080.988	-271.036	-1181.371	2080.988	0.000	0.000	0.000	
03087	2	0.000	0.000	0.000	-229.120	209.275	1713.821	-196.615	125.249	1782.555	-217.231	-120.803	1973.036	-212.177	-300.690	2021.501	-201.750	63.969	1829.995	-68.707	18.217	1777.359	-33.459	-235.894	1817.301	2.245	-453.683	1899.167	16.843	-542.729	1932.639	0.000	0.000	0.000	-201.750	63.969	1829.995	-339.136	69.638	1849.179	-420.843	-124.336	2001.194	-625.239	-8.003	1991.314	-708.767	39.537	1987.277	0.000	0.000	0.000	-111.186	-424.701	2056.752	-80.790	-808.592	2032.801	32.365	-1097.012	2223.741	0.000	0.000	0.000	-297.652	-435.754	2078.869	-297.652	-821.590	2078.869	-297.652	-1185.524	2078.869	0.000	0.000	0.000	
03088	2	0.000	0.000	0.000	-245.495	213.445	1709.302	-213.859	128.901	1778.445	-231.771	-114.636	1973.400	-224.563	-298.694	2022.891	-218.326	68.157	1827.071	-79.934	26.094	1784.397	-47.306	-230.439	1812.965	-12.813	-446.609	1901.709	1.291	-534.992	1937.993	0.000	0.000	0.000	-218.326	68.157	1827.071	-358.366	74.302	1846.834	-432.884	-128.053	1992.400	-488.837	-336.241	2088.949	-511.705	-421.327	2128.409	0.000	0.000	0.000	-124.577	-418.828	2051.637	-102.820	-803.271	2012.233	15.836	-1091.229	2202.363	0.000	0.000	0.000	-311.432	-425.207	2071.867	-311.432	-812.276	2071.867	-311.432	-1177.171	2071.867	0.000	0.000	0.000	
03089	2	0.000	0.000	0.000	-263.105	220.682	1701.706	-241.252	133.756	1772.178	-246.118	-112.399	1970.761	-236.281	-296.234	2021.088	-242.454	72.936	1821.244	-101.922	40.975	1783.890	-63.304	-215.092	1813.089	-24.549	-431.564	1901.077	-8.703	-520.071	1937.052	0.000	0.000	0.000	-242.454	72.936	1821.244	-379.105	71.787	1845.078	-446.396	-130.850	1994.492	-491.048	-357.885	2045.143	-509.299	-450.681	2065.845	0.000	0.000	0.000	-139.201	-422.471	2051.043	-114.453	-805.643	1994.885	4.584	-1084.095	2199.834	0.000	0.000	0.000	-316.213	-430.374	2070.276	-316.213	-818.430	2070.276	-316.213	-1184.093	2070.276	0.000	0.000	0.000	
03090	2	0.000	0.000	0.000	-293.827	225.925	1690.592	-289.288	139.294	1765.513	-276.967	-114.915	1963.805	-264.077	-299.277	2012.374	-286.288	77.384	1813.804	-144.778	52.797	1783.245	-66.076	-189.519	1841.913	-28.989	-419.420	1891.720	-13.826	-513.418	1912.084	0.000	0.000	0.000	-286.288	77.384	1813.804	-423.472	69.355	1841.555	-474.473	-146.728	1979.613	-504.613	-375.022	2040.313	-510.641	-420.680	2052.453	0.000	0.000	0.000	-162.880	-419.956	2048.680	-131.390	-799.975	1966.956	-67.631	-1091.454	2180.926	0.000	0.000	0.000	-343.189	-429.547	2068.877	-343.189	-819.528	2068.877	-343.189	-1186.691	2068.877	0.000	0.000	0.000	
03091	2	0.000	0.000	0.000	-308.326	226.892	1684.627	-308.064	143.677	1763.906	-291.857	-116.951	1960.071	-277.453	-308.313	1999.635	-304.154	80.802	1811.229	-157.595	59.149	1784.674	-76.694	-171.598	1878.430	-61.537	-412.788	1889.267	-55.420	-510.132	1893.641	0.000	0.000	0.000	-304.154	80.802	1811.229	-439.966	62.083	1842.403	-505.567	-157.549	1969.042	-532.260	-394.042	2012.378	-537.599	-441.341	2021.045	0.000	0.000	0.000	-172.199	-408.603	2035.372	-146.943	-784.862	1932.181	-141.004	-1103.334	2116.342	0.000	0.000	0.000	-361.726	-414.910	2060.340	-361.726	-805.880	2060.340	-361.726	-1173.813	2060.340	0.000	0.000	0.000	
03092	2	0.000	0.000	0.000	-311.160	227.308	1683.501	-312.895	144.581	1763.443	-294.338	-118.967	1957.879	-280.360	-311.623	1991.630	-308.433	81.214	1810.193	-158.611	61.001	1786.755	-84.628	-171.844	1881.498	-62.683	-412.381	1880.415	-58.294	-460.489	1880.198	0.000	0.000	0.000	-308.433	81.214	1810.193	-450.406	61.141	1837.340	-518.693	-166.242	1948.245	-540.317	-404.681	1980.196	-544.642	-452.368	1986.586	0.000	0.000	0.000	-173.641	-405.897	2020.317	-156.824	-785.160	1925.289	-133.552	-1130.556	2050.795	0.000	0.000	0.000	-371.946	-414.762	2034.562	-371.946	-806.110	2034.562	-371.946	-1174.338	2034.562	0.000	0.000	0.000	
03093	2	0.000	0.000	0.000	-313.942	227.072	1682.966	-316.745	144.759	1763.417	-295.310	-120.067	1957.601	-281.535	-312.716	1988.577	-311.604	81.244	1809.990	-159.597	61.794	1789.465	-103.869	-173.308	1880.672	-62.891	-410.597	1878.818	-54.696	-458.055	1878.447	0.000	0.000	0.000	-311.604	81.244	1809.990	-457.935	54.828	1828.496	-534.852	-189.941	1857.973	-555.753	-407.436	1959.203	-559.934	-450.935	1979.449	0.000	0.000	0.000	-173.606	-405.894	2019.262	-157.171	-785.127	1923.021	-118.030	-1134.643	2032.773	0.000	0.000	0.000	-376.316	-413.253	2030.992	-376.316	-804.853	2030.992	-376.316	-1173.280	2030.992	0.000	0.000	0.000	
03094	2	0.000	0.000	0.000	-321.985	222.836	1678.785	-327.366	144.840	1763.439	-304.643	-127.117	1948.627	-289.941	-318.541	1980.453	-321.923	79.699	1807.797	-167.768	64.254	1794.776	-117.202	-179.164	1873.289	-68.373	-417.110	1883.211	-58.607	-464.700	1885.196	0.000	0.000	0.000	-321.923	79.699	1807.797	-470.462	51.757	1825.136	-551.742	-195.966	1824.489	-564.183	-421.896	1913.382	-566.671	-467.083	1931.160	0.000	0.000	0.000	-179.188	-406.544	2011.295	-165.403	-789.936	1931.145	-196.106	-1133.189	2062.170	0.000	0.000	0.000	-388.353	-416.571	2017.107	-388.353	-808.493	2017.107	-388.353	-1177.183	2017.107	0.000	0.000	0.000	
03095	2	0.000	0.000	0.000	-325.314	220.922	1677.074	-331.251	144.841	1763.443	-309.007	-128.692	1946.375	-293.898	-319.823	1978.334	-325.922	79.313	1807.266	-171.310	64.475	1794.730	-118.625	-182.346	1861.531	-70.836	-418.828	1885.119	-61.278	-466.125	1889.837	0.000	0.000	0.000	-325.922	79.313	1807.266	-476.339	50.212	1818.336	-552.910	-199.360	1821.400	-564.205	-427.367	1902.944	-566.463	-472.968	1919.253	0.000	0.000	0.000	-184.306	-408.515	2011.731	-179.006	-793.322	1937.228	-232.815	-1127.393	2083.775	0.000	0.000	0.000	-392.324	-418.403	2012.814	-392.324	-810.391	2012.814	-392.324	-1179.138	2012.814	0.000	0.000	0.000	
03096	2	0.000	0.000	0.000	-330.274	218.504	1674.968	-336.425	144.812	1763.422	-312.764	-134.219	1941.193	-297.046	-324.779	1970.629	-330.787	78.322	1805.783	-175.883	63.675	1791.258	-118.314	-186.043	1852.408	-71.121	-420.339	1886.608	-61.682	-467.198	1893.448	0.000	0.000	0.000	-330.787	78.322	1805.783	-481.939	40.455	1796.086	-550.649	-211.607	1830.098	-560.396	-452.128	1848.688	-562.346	-500.232	1852.406	0.000	0.000	0.000	-189.497	-414.002	2009.695	-207.327	-802.192	1957.251	-214.578	-1150.769	2077.677	0.000	0.000	0.000	-395.506	-424.548	2000.788	-395.506	-816.670	2000.788	-395.506	-1185.534	2000.788	0.000	0.000	0.000	
03097	2	0.000	0.000	0.000	-331.061	217.598	1674.025	-337.274	144.776	1763.220	-313.380	-135.009	1933.547	-297.904	-324.202	1963.902	-331.523	77.430	1804.219	-176.547	63.104	1789.674	-118.292	-187.422	1850.569	-73.833	-421.658	1890.003	-64.941	-468.505	1897.890	0.000	0.000	0.000	-331.523	77.430	1804.219	-482.471	37.305	1787.116	-551.638	-215.502	1821.324	-551.098	-457.091	1827.026	-550.990	-505.409	1828.166	0.000	0.000	0.000	-191.643	-420.069	2007.829	-215.911	-809.758	1970.827	-217.373	-1163.247	2076.423	0.000	0.000	0.000	-396.122	-429.791	1994.123	-396.122	-821.984	1994.123	-396.122	-1190.912	1994.123	0.000	0.000	0.000	
03098	2	0.000	0.000	0.000	-331.403	217.113	1672.030	-337.692	144.598	1761.500	-313.853	-136.276	1924.904	-298.744	-323.859	1954.585	-331.907	76.437	1801.154	-176.576	62.180	1785.059	-117.349	-187.639	1846.379	-77.935	-420.503	1899.942	-70.052	-467.076	1910.655	0.000	0.000	0.000	-331.907	76.437	1801.154	-481.131	32.720	1776.153	-551.839	-220.024	1804.413	-536.797	-461.721	1806.558	-533.788	-510.060	1806.987	0.000	0.000	0.000	-193.777	-424.835	2005.110	-209.243	-813.011	1950.753	-217.544	-1162.553	2068.695	0.000	0.000	0.000	-395.631	-436.044	1987.693	-395.631	-828.313	1987.693	-395.631	-1197.310	1987.693	0.000	0.000	0.000	
03099	2	0.000	0.000	0.000	-328.572	215.256	1658.783	-337.987	142.938	1748.204	-314.495	-136.770	1906.250	-300.741	-321.702	1930.926	-332.218	74.250	1787.015	-179.441	55.380	1771.258	-112.184	-188.609	1844.575	-77.277	-417.388	1919.423	-70.296	-463.144	1934.392	0.000	0.000	0.000	-332.218	74.250	1787.015	-481.695	30.601	1756.152	-549.814	-223.247	1774.879	-518.491	-464.405	1770.180	-512.226	-512.637	1769.240	0.000	0.000	0.000	-192.682	-428.198	1978.923	-214.338	-818.197	1940.918	-222.433	-1166.001	2064.388	0.000	0.000	0.000	-402.056	-436.691	1958.215	-402.056	-829.135	1958.215	-402.056	-1198.294	1958.215	0.000	0.000	0.000	
03100	2	0.000	0.000	0.000	-321.927	213.496	1651.156	-338.034	139.472	1738.235	-314.480	-140.105	1893.879	-304.046	-324.129	1917.305	-332.225	70.525	1776.619	-183.370	46.310	1764.807	-109.039	-193.057	1845.753	-73.445	-422.812	1919.745	-66.326	-468.763	1934.543	0.000	0.000	0.000	-332.225	70.525	1776.619	-475.888	20.311	1728.079	-548.433	-230.683	1761.437	-507.054	-470.896	1750.727	-498.778	-518.939	1748.585	0.000	0.000	0.000	-197.038	-433.627	1959.342	-219.580	-824.415	1929.861	-225.250	-1169.430	2061.317	0.000	0.000	0.000	-408.245	-434.927	1942.968	-408.245	-827.473	1942.968	-408.245	-1196.726	1942.968	0.000	0.000	0.000	
03101	2	0.000	0.000	0.000	-301.801	203.720	1631.094	-332.409	127.746	1712.512	-313.115	-151.733	1865.253	-309.879	-335.210	1893.870	-327.622	58.397	1750.412	-179.929	36.581	1745.804	-102.043	-194.052	1836.109	-72.483	-424.290	1917.212	-66.571	-470.338	1933.433	0.000	0.000	0.000	-327.622	58.397	1750.412	-462.651	2.587	1718.994	-529.460	-248.298	1721.347	-488.144	-490.553	1729.538	-479.881	-539.004	1731.176	0.000	0.000	0.000	-202.038	-435.638	1936.956	-222.863	-827.354	1916.838	-225.223	-1170.922	2052.739	0.000	0.000	0.000	-416.942	-436.452	1931.938	-416.942	-829.237	1931.938	-416.942	-1198.714	1931.938	0.000	0.000	0.000	
03102	2	0.000	0.000	0.000	-293.452	198.372	1619.193	-324.606	119.696	1697.850	-310.608	-162.094	1853.835	-308.790	-346.600	1884.107	-321.167	50.468	1736.172	-171.946	31.362	1733.378	-95.127	-197.028	1832.361	-71.713	-429.160	1912.869	-67.031	-475.586	1928.970	0.000	0.000	0.000	-321.167	50.468	1736.172	-460.445	2.601	1712.222	-522.883	-250.248	1717.677	-480.402	-493.095	1729.317	-471.906	-541.665	1731.645	0.000	0.000	0.000	-201.740	-444.900	1922.388	-221.995	-837.167	1912.134	-224.509	-1179.406	2051.688	0.000	0.000	0.000	-416.634	-443.058	1918.714	-416.634	-835.982	1918.714	-416.634	-1205.589	1918.714	0.000	0.000	0.000	
03103	2	0.000	0.000	0.000	-282.019	194.809	1598.275	-304.826	103.562	1665.528	-303.708	-178.998	1832.168	-302.870	-364.737	1861.331	-304.556	35.286	1705.794	-155.114	19.455	1714.634	-89.325	-213.658	1813.433	-68.727	-442.666	1908.840	-64.608	-488.468	1927.922	0.000	0.000	0.000	-304.556	35.286	1705.794	-449.864	0.676	1682.195	-510.075	-250.843	1721.488	-472.100	-496.864	1719.784	-464.505	-546.069	1719.443	0.000	0.000	0.000	-201.151	-469.725	1893.288	-217.132	-862.472	1904.876	-221.559	-1203.166	2051.300	0.000	0.000	0.000	-405.631	-470.417	1883.956	-405.631	-863.659	1883.956	-405.631	-1234.512	1883.956	0.000	0.000	0.000	
03104	2	0.000	0.000	0.000	-269.025	189.681	1579.282	-284.235	90.346	1636.689	-291.142	-194.387	1806.408	-290.228	-379.123	1837.157	-285.888	22.208	1677.304	-139.687	2.420	1692.720	-84.294	-232.976	1794.590	-64.476	-457.077	1902.521	-60.512	-501.897	1924.107	0.000	0.000	0.000	-285.888	22.208	1677.304	-430.885	-6.439	1666.539	-507.077	-256.013	1694.182	-466.211	-502.019	1702.797	-458.037	-551.220	1704.520	0.000	0.000	0.000	-190.124	-487.382	1875.192	-217.051	-879.527	1895.958	-220.310	-1214.418	2075.129	0.000	0.000	0.000	-392.484	-487.590	1864.059	-392.484	-881.206	1864.059	-392.484	-1261.029	1864.059	0.000	0.000	0.000	
03105	2	0.000	0.000	0.000	-251.222	177.467	1556.616	-267.872	80.884	1618.407	-278.149	-200.045	1784.244	-279.776	-383.986	1818.766	-270.373	12.519	1658.764	-120.260	-2.122	1670.614	-79.063	-239.956	1776.817	-54.663	-476.145	1843.107	-49.783	-523.383	1856.365	0.000	0.000	0.000	-270.373	12.519	1658.764	-413.744	-17.383	1640.084	-502.907	-261.475	1684.920	-468.111	-505.526	1686.749	-461.152	-554.336	1687.115	0.000	0.000	0.000	-184.294	-511.104	1866.188	-247.373	-898.369	1902.482	-218.277	-1227.551	2083.469	0.000	0.000	0.000	-380.935	-508.855	1856.544	-380.935	-902.899	1856.544	-380.935	-1279.680	1856.544	0.000	0.000	0.000	
03106	2	0.000	0.000	0.000	-238.306	171.177	1547.430	-260.668	77.148	1611.446	-269.945	-203.775	1773.842	-272.796	-388.168	1810.481	-262.940	8.371	1651.204	-113.580	-4.143	1667.096	-66.695	-244.726	1762.653	-39.157	-484.520	1825.569	-33.650	-532.479	1838.153	0.000	0.000	0.000	-262.940	8.371	1651.204	-403.307	-25.942	1630.607	-494.957	-267.500	1680.199	-467.266	-515.345	1685.118	-461.728	-564.914	1686.101	0.000	0.000	0.000	-181.000	-525.491	1866.653	-194.959	-919.109	1884.681	-218.488	-1241.983	2075.726	0.000	0.000	0.000	-375.928	-518.581	1854.815	-375.928	-912.859	1854.815	-375.928	-1288.757	1854.815	0.000	0.000	0.000	
03107	2	0.000	0.000	0.000	-220.019	160.518	1534.319	-248.232	69.458	1600.544	-260.096	-211.546	1757.741	-264.818	-397.661	1797.977	-251.162	0.056	1639.368	-107.328	-16.328	1665.499	-52.087	-258.264	1738.679	-25.347	-500.492	1790.117	-19.998	-548.938	1800.405	0.000	0.000	0.000	-251.162	0.056	1639.368	-393.778	-30.393	1617.239	-473.430	-271.447	1667.122	-467.640	-520.340	1674.485	-466.482	-570.119	1675.958	0.000	0.000	0.000	-175.813	-543.274	1867.177	-178.741	-937.960	1875.289	-178.741	-1312.524	1875.289	0.000	0.000	0.000	-372.646	-533.412	1847.639	-372.646	-928.192	1847.639	-372.646	-1302.756	1847.639	0.000	0.000	0.000	
03108	2	0.000	0.000	0.000	-214.809	158.478	1530.764	-242.460	66.013	1595.401	-257.147	-213.720	1753.015	-262.691	-400.164	1794.971	-246.099	-3.290	1634.450	-104.036	-21.193	1663.508	-46.000	-265.956	1729.252	-23.406	-508.942	1771.445	-18.887	-557.540	1779.884	0.000	0.000	0.000	-246.099	-3.290	1634.450	-387.766	-34.689	1607.641	-464.820	-277.917	1657.666	-467.008	-525.340	1668.183	-467.446	-574.824	1670.286	0.000	0.000	0.000	-173.956	-548.535	1866.219	-179.254	-943.355	1878.599	-179.254	-1317.530	1878.599	0.000	0.000	0.000	-372.272	-541.157	1837.781	-372.272	-936.207	1837.781	-372.272	-1310.381	1837.781	0.000	0.000	0.000	
