02988	1	0.000	0.000	0.000	90.552	173.500	2829.925	142.526	80.269	2803.047	126.727	-186.430	2955.418	142.530	-364.700	2918.582	138.650	14.835	2840.431	268.493	18.308	2851.124	402.501	-55.986	2651.298	209.167	55.255	2701.808	130.120	100.737	2722.459	0.000	0.000	0.000	138.650	14.835	2840.431	6.338	49.438	2853.251	-72.612	-171.139	2945.559	-72.612	-399.839	2945.559	-72.612	-493.346	2945.559	0.000	0.000	0.000	246.178	-366.802	2892.424	246.178	-741.158	2892.424	246.178	-1093.296	2892.424	0.000	0.000	0.000	34.719	-380.075	2928.328	34.719	-754.431	2928.328	34.719	-1106.569	2928.328	0.000	0.000	0.000	
02989	1	0.000	0.000	0.000	39.169	176.239	2850.475	107.791	103.304	2805.028	103.480	-163.470	2952.491	122.549	-341.430	2916.531	106.725	37.329	2841.496	240.466	31.609	2779.343	403.006	-138.087	2690.778	263.630	42.920	2686.308	206.644	116.926	2684.480	0.000	0.000	0.000	106.725	37.329	2841.496	25.373	-22.142	2834.576	-65.883	-246.602	2900.531	-65.883	-475.095	2900.531	-65.883	-568.517	2900.531	0.000	0.000	0.000	227.949	-333.820	2895.902	227.949	-707.837	2895.902	227.949	-1059.656	2895.902	0.000	0.000	0.000	63.340	-397.564	2866.419	63.340	-771.580	2866.419	63.340	-1123.399	2866.419	0.000	0.000	0.000	
02990	1	0.000	0.000	0.000	22.050	151.260	2866.491	99.356	102.472	2805.624	128.153	-170.314	2925.614	146.923	-350.535	2905.486	106.597	33.874	2835.798	235.520	42.945	2766.916	379.236	-150.892	2699.228	249.233	36.176	2686.054	223.232	73.590	2683.419	0.000	0.000	0.000	106.597	33.874	2835.798	-0.596	11.868	2878.994	-52.281	-232.371	2900.997	-52.281	-460.558	2900.997	-52.281	-553.854	2900.997	0.000	0.000	0.000	253.904	-374.401	2878.945	253.904	-747.916	2878.945	253.904	-1099.263	2878.945	0.000	0.000	0.000	41.894	-374.826	2936.118	41.894	-748.341	2936.118	41.894	-1099.688	2936.118	0.000	0.000	0.000	
02991	1	0.000	0.000	0.000	54.666	96.019	2912.596	97.787	87.647	2812.983	130.459	-189.365	2904.118	138.579	-364.827	2898.107	106.097	17.191	2836.162	232.263	27.140	2758.264	419.441	-85.095	2640.240	235.570	43.835	2667.348	198.796	69.621	2672.770	0.000	0.000	0.000	106.097	17.191	2836.162	9.493	-41.827	2826.390	9.493	-289.944	2826.390	9.493	-516.143	2826.390	9.493	-608.628	2826.390	0.000	0.000	0.000	247.546	-408.156	2918.134	247.546	-778.418	2918.134	247.546	-1126.706	2918.134	0.000	0.000	0.000	33.790	-401.546	2929.297	33.790	-771.809	2929.297	33.790	-1120.097	2929.297	0.000	0.000	0.000	
02992	1	0.000	0.000	0.000	15.979	156.765	2868.641	68.637	88.704	2814.566	92.628	-163.036	2919.616	96.123	-319.616	2894.772	74.662	25.487	2840.946	220.551	52.671	2790.968	352.698	-98.436	2682.166	228.984	67.076	2655.048	204.241	100.178	2649.625	0.000	0.000	0.000	74.662	25.487	2840.946	-40.858	-6.381	2877.038	-91.300	-225.748	2915.343	-91.300	-434.158	2915.343	-91.300	-519.369	2915.343	0.000	0.000	0.000	198.102	-334.753	2888.206	198.102	-675.897	2888.206	198.102	-996.793	2888.206	0.000	0.000	0.000	26.291	-364.955	2953.760	26.291	-706.099	2953.760	26.291	-1026.995	2953.760	0.000	0.000	0.000	
02993	1	0.000	0.000	0.000	12.211	159.082	2874.765	75.326	98.623	2830.485	105.580	-150.440	2923.117	114.107	-301.963	2906.624	82.871	36.506	2853.588	215.284	42.883	2792.514	354.827	-96.942	2692.402	210.713	40.765	2658.697	181.890	68.306	2651.956	0.000	0.000	0.000	82.871	36.506	2853.588	-33.057	-12.535	2836.335	-88.153	-212.182	2914.764	-88.153	-414.340	2914.764	-88.153	-496.995	2914.764	0.000	0.000	0.000	212.760	-322.161	2885.299	212.760	-653.072	2885.299	212.760	-964.343	2885.299	0.000	0.000	0.000	15.347	-330.441	2910.537	15.347	-661.352	2910.537	15.347	-972.623	2910.537	0.000	0.000	0.000	
02994	1	0.000	0.000	0.000	55.480	159.188	2784.535	78.317	76.599	2828.979	80.546	-173.295	2912.819	81.379	-323.726	2910.856	78.874	14.145	2849.932	211.199	1.560	2850.779	211.199	-217.157	2850.779	211.199	-416.815	2850.779	211.199	-498.447	2850.779	0.000	0.000	0.000	78.874	14.145	2849.932	-50.523	-5.023	2806.580	-87.033	-196.117	2906.514	-87.033	-395.775	2906.514	-87.033	-477.408	2906.514	0.000	0.000	0.000	174.363	-396.592	2879.083	174.363	-723.410	2879.083	174.363	-1030.831	2879.083	0.000	0.000	0.000	5.825	-430.281	2879.758	5.825	-757.098	2879.758	5.825	-1064.519	2879.758	0.000	0.000	0.000	
02995	1	0.000	0.000	0.000	115.384	133.968	2757.135	84.197	70.662	2822.272	75.947	-175.741	2911.773	73.800	-325.553	2907.001	82.134	9.035	2844.657	231.740	30.344	2824.832	231.740	-187.448	2824.832	231.740	-386.263	2824.832	231.740	-467.552	2824.832	0.000	0.000	0.000	82.134	9.035	2844.657	-41.199	-16.668	2829.369	-95.496	-205.305	2923.715	-95.496	-404.121	2923.715	-95.496	-485.409	2923.715	0.000	0.000	0.000	141.073	-435.376	2895.167	141.073	-760.815	2895.167	141.073	-1066.939	2895.167	0.000	0.000	0.000	32.231	-452.704	2916.137	32.231	-778.143	2916.137	32.231	-1084.267	2916.137	0.000	0.000	0.000	
02996	1	0.000	0.000	0.000	128.634	132.573	2750.944	88.083	73.678	2814.494	89.495	-170.056	2913.283	88.043	-317.756	2885.970	88.434	13.076	2839.057	231.939	63.860	2763.308	231.939	-153.240	2763.308	231.939	-351.427	2763.308	231.939	-432.457	2763.308	0.000	0.000	0.000	88.434	13.076	2839.057	-51.705	22.689	2850.133	-51.705	-194.411	2850.133	-51.705	-392.597	2850.133	-51.705	-473.628	2850.133	0.000	0.000	0.000	177.892	-353.433	2863.074	177.892	-677.841	2863.074	177.892	-982.996	2863.074	0.000	0.000	0.000	23.794	-391.233	2887.638	23.794	-715.641	2887.638	23.794	-1020.796	2887.638	0.000	0.000	0.000	
02997	1	0.000	0.000	0.000	180.509	99.445	2729.749	113.392	80.527	2794.564	143.118	-151.975	2901.170	149.245	-302.473	2893.952	120.912	21.706	2821.535	249.449	21.111	2757.069	369.565	-137.713	2672.671	254.013	21.139	2652.793	230.902	52.909	2648.817	0.000	0.000	0.000	120.912	21.706	2821.535	-10.283	-9.657	2798.915	-10.283	-225.935	2798.915	-10.283	-423.372	2798.915	-10.283	-504.097	2798.915	0.000	0.000	0.000	240.573	-371.231	2897.360	240.573	-694.414	2897.360	240.573	-998.415	2897.360	0.000	0.000	0.000	57.435	-359.983	2908.573	57.435	-683.165	2908.573	57.435	-987.167	2908.573	0.000	0.000	0.000	
02998	1	0.000	0.000	0.000	96.693	139.325	2712.339	120.012	86.682	2787.947	154.043	-142.178	2901.112	166.579	-292.599	2894.031	128.607	28.880	2816.529	252.742	24.161	2743.947	372.666	-140.425	2672.014	244.157	8.197	2655.601	218.455	37.922	2652.319	0.000	0.000	0.000	128.607	28.880	2816.529	-2.281	8.383	2836.690	-2.281	-207.591	2836.690	-2.281	-404.752	2836.690	-2.281	-485.363	2836.690	0.000	0.000	0.000	250.328	-355.643	2845.299	250.328	-678.373	2845.299	250.328	-981.949	2845.299	0.000	0.000	0.000	72.820	-343.536	2897.424	72.820	-666.265	2897.424	72.820	-969.841	2897.424	0.000	0.000	0.000	
02999	1	0.000	0.000	0.000	133.531	162.100	2727.101	115.552	90.507	2786.713	149.216	-136.995	2902.707	165.446	-287.534	2893.726	124.043	33.124	2815.970	233.325	0.065	2749.023	392.030	-116.508	2661.018	246.120	15.617	2656.208	216.938	42.043	2655.246	0.000	0.000	0.000	124.043	33.124	2815.970	-3.602	12.636	2843.363	-3.602	-203.053	2843.363	-3.602	-399.955	2843.363	-3.602	-480.461	2843.363	0.000	0.000	0.000	255.701	-344.659	2853.343	255.701	-666.965	2853.343	255.701	-970.142	2853.343	0.000	0.000	0.000	70.991	-322.762	2892.530	70.991	-645.068	2892.530	70.991	-948.245	2892.530	0.000	0.000	0.000	
03000	1	0.000	0.000	0.000	70.302	173.974	2771.386	109.767	88.483	2780.290	129.770	-132.906	2909.991	138.438	-282.897	2892.505	114.803	32.750	2812.941	249.931	43.135	2738.313	359.845	-129.989	2673.400	237.496	22.504	2655.104	213.026	53.002	2651.445	0.000	0.000	0.000	114.803	32.750	2812.941	-0.589	-9.900	2820.373	-0.589	-224.997	2820.373	-0.589	-421.359	2820.373	-0.589	-501.644	2820.373	0.000	0.000	0.000	232.220	-313.704	2869.933	232.220	-635.126	2869.933	232.220	-937.472	2869.933	0.000	0.000	0.000	44.877	-314.615	2905.991	44.877	-636.036	2905.991	44.877	-938.382	2905.991	0.000	0.000	0.000	
03001	1	0.000	0.000	0.000	99.552	177.789	2744.637	109.622	88.159	2772.534	126.325	-131.936	2899.642	131.530	-281.718	2892.344	113.863	32.267	2804.813	253.648	37.331	2761.641	370.142	-85.266	2629.306	227.208	46.595	2654.073	198.621	72.967	2659.027	0.000	0.000	0.000	113.863	32.267	2804.813	7.847	-25.708	2783.575	7.847	-240.448	2783.575	7.847	-436.485	2783.575	7.847	-516.637	2783.575	0.000	0.000	0.000	229.292	-306.970	2883.098	229.292	-627.860	2883.098	229.292	-929.706	2883.098	0.000	0.000	0.000	39.051	-305.997	2919.058	39.051	-626.887	2919.058	39.051	-928.733	2919.058	0.000	0.000	0.000	
03002	1	0.000	0.000	0.000	123.393	170.009	2678.277	122.966	96.416	2738.099	149.916	-94.914	2901.060	145.897	-245.890	2882.371	129.833	47.661	2779.625	264.093	52.694	2698.850	354.060	-139.427	2672.011	243.510	19.183	2641.114	221.400	50.906	2634.935	0.000	0.000	0.000	129.833	47.661	2779.625	-1.495	39.548	2806.250	-1.495	-174.286	2806.250	-1.495	-370.074	2806.250	-1.495	-449.888	2806.250	0.000	0.000	0.000	203.426	-298.500	2825.836	203.426	-618.036	2825.836	203.426	-918.607	2825.836	0.000	0.000	0.000	60.347	-287.200	2868.146	60.347	-606.736	2868.146	60.347	-907.308	2868.146	0.000	0.000	0.000	
03003	1	0.000	0.000	0.000	130.846	180.907	2659.593	123.161	108.381	2719.307	138.880	-90.418	2870.832	133.861	-243.934	2874.129	127.193	57.393	2758.170	252.803	30.783	2714.201	385.712	-112.727	2629.229	242.627	19.974	2629.948	214.010	46.515	2630.092	0.000	0.000	0.000	127.193	57.393	2758.170	54.502	-10.492	2782.630	54.502	-223.752	2782.630	54.502	-418.902	2782.630	54.502	-498.502	2782.630	0.000	0.000	0.000	205.643	-320.287	2843.492	205.643	-638.967	2843.492	205.643	-938.734	2843.492	0.000	0.000	0.000	54.141	-320.183	2867.725	54.141	-638.863	2867.725	54.141	-938.630	2867.725	0.000	0.000	0.000	
03004	1	0.000	0.000	0.000	118.000	153.802	2618.528	125.740	105.891	2698.396	120.100	-109.961	2826.024	110.496	-260.289	2847.406	124.305	50.966	2730.872	244.709	19.016	2720.082	373.296	-127.300	2636.687	246.492	18.933	2628.343	221.132	48.179	2626.674	0.000	0.000	0.000	124.305	50.966	2730.872	44.246	8.529	2776.180	44.246	-203.363	2776.180	44.246	-397.097	2776.180	44.246	-476.186	2776.180	0.000	0.000	0.000	196.609	-354.989	2844.254	196.609	-671.624	2844.254	196.609	-969.466	2844.254	0.000	0.000	0.000	12.277	-359.438	2867.592	12.277	-676.072	2867.592	12.277	-973.915	2867.592	0.000	0.000	0.000	
03005	1	0.000	0.000	0.000	123.832	141.282	2619.759	127.335	93.830	2699.717	114.848	-121.422	2827.447	105.537	-272.017	2846.483	124.166	39.211	2732.128	224.140	-8.129	2747.819	372.040	-94.434	2624.343	234.045	40.444	2623.342	206.446	67.419	2623.142	0.000	0.000	0.000	124.166	39.211	2732.128	23.424	16.656	2772.706	23.424	-194.459	2772.706	23.424	-387.424	2772.706	23.424	-466.223	2772.706	0.000	0.000	0.000	176.995	-408.307	2847.155	176.995	-723.781	2847.155	176.995	-1020.532	2847.155	0.000	0.000	0.000	42.062	-428.438	2874.367	42.062	-743.912	2874.367	42.062	-1040.663	2874.367	0.000	0.000	0.000	
03006	1	0.000	0.000	0.000	132.158	119.755	2627.323	128.982	75.515	2708.639	111.835	-137.928	2844.198	104.081	-287.911	2861.191	124.696	22.167	2742.520	199.775	-33.405	2780.828	349.910	-61.361	2636.261	198.129	55.390	2620.171	167.772	78.740	2616.953	0.000	0.000	0.000	124.696	22.167	2742.520	24.978	-6.914	2775.535	24.978	-217.204	2775.535	24.978	-409.369	2775.535	24.978	-487.860	2775.535	0.000	0.000	0.000	180.913	-392.648	2849.899	180.913	-706.890	2849.899	180.913	-1002.482	2849.899	0.000	0.000	0.000	32.510	-405.239	2899.074	32.510	-719.480	2899.074	32.510	-1015.072	2899.074	0.000	0.000	0.000	
03007	1	0.000	0.000	0.000	143.317	98.125	2675.937	124.133	30.758	2735.228	92.742	-191.598	2847.308	90.428	-334.103	2803.012	116.276	-24.891	2763.278	191.604	-91.516	2767.417	272.330	-129.634	2578.963	166.301	-24.308	2697.077	145.096	-3.243	2720.700	0.000	0.000	0.000	116.276	-24.891	2763.278	4.802	-48.584	2737.388	4.802	-257.114	2737.388	4.802	-447.605	2737.388	4.802	-525.439	2737.388	0.000	0.000	0.000	143.448	-392.347	2787.149	143.448	-703.959	2787.149	143.448	-997.078	2787.149	0.000	0.000	0.000	66.864	-403.499	2777.446	66.864	-715.111	2777.446	66.864	-1008.229	2777.446	0.000	0.000	0.000	
03008	1	0.000	0.000	0.000	131.904	76.476	2694.941	117.717	-2.317	2740.615	112.227	-228.914	2845.485	108.184	-346.528	2752.531	116.342	-59.054	2766.874	229.119	32.290	2656.925	348.573	-137.330	2649.148	198.632	-31.090	2602.373	137.245	12.405	2583.223	0.000	0.000	0.000	116.342	-59.054	2766.874	13.903	-55.803	2824.126	13.903	-263.411	2824.126	13.903	-453.035	2824.126	13.903	-530.525	2824.126	0.000	0.000	0.000	151.606	-400.839	2765.853	151.606	-711.073	2765.853	151.606	-1002.894	2765.853	0.000	0.000	0.000	86.277	-408.594	2779.049	86.277	-718.828	2779.049	86.277	-1010.649	2779.049	0.000	0.000	0.000	
03009	1	0.000	0.000	0.000	115.938	58.544	2703.075	113.128	-25.538	2739.223	147.447	-247.812	2844.942	133.659	-343.671	2727.227	121.724	-81.214	2765.704	169.204	70.426	2648.104	169.204	-136.236	2648.104	169.204	-324.978	2648.104	169.204	-402.229	2648.104	0.000	0.000	0.000	121.724	-81.214	2765.704	-26.489	-42.344	2768.902	44.220	-221.012	2692.829	44.220	-409.753	2692.829	44.220	-486.890	2692.829	0.000	0.000	0.000	210.708	-378.829	2740.248	210.708	-687.650	2740.248	210.708	-978.143	2740.248	0.000	0.000	0.000	67.320	-369.012	2707.195	67.320	-677.833	2707.195	67.320	-968.326	2707.195	0.000	0.000	0.000	
03010	1	0.000	0.000	0.000	93.929	38.047	2698.815	103.745	-48.439	2723.359	150.959	-272.490	2808.397	138.331	-365.303	2690.724	115.665	-105.002	2744.827	206.585	16.071	2646.340	206.585	-188.644	2646.340	206.585	-375.580	2646.340	206.585	-452.064	2646.340	0.000	0.000	0.000	115.665	-105.002	2744.827	-35.118	-11.668	2729.205	1.872	-213.011	2730.173	1.872	-399.947	2730.173	1.872	-476.357	2730.173	0.000	0.000	0.000	146.190	-435.238	2713.697	146.190	-741.149	2713.697	146.190	-1028.905	2713.697	0.000	0.000	0.000	122.542	-382.486	2796.954	122.542	-688.397	2796.954	122.542	-976.152	2796.954	0.000	0.000	0.000	
03011	1	0.000	0.000	0.000	115.118	38.269	2696.237	101.262	-48.990	2712.843	133.171	-267.040	2811.334	113.172	-362.862	2698.395	109.373	-104.421	2737.880	234.247	-24.479	2664.295	234.247	-228.195	2664.295	234.247	-414.210	2664.295	234.247	-490.306	2664.295	0.000	0.000	0.000	109.373	-104.421	2737.880	12.428	30.832	2632.969	-17.269	-152.645	2716.362	75.943	-34.990	2606.498	114.046	13.104	2561.588	0.000	0.000	0.000	142.882	-423.528	2747.171	142.882	-727.947	2747.171	142.882	-1014.299	2747.171	0.000	0.000	0.000	87.145	-423.884	2730.491	87.145	-728.303	2730.491	87.145	-1014.656	2730.491	0.000	0.000	0.000	
03013	3	0.000	0.000	0.000	178.549	122.511	2602.819	159.409	46.246	2571.424	140.084	-152.487	2690.492	130.650	-290.091	2660.139	154.561	-3.612	2601.295	188.128	-33.164	2681.186	329.462	-40.877	2549.061	176.783	45.891	2528.899	146.247	63.244	2524.867	0.000	0.000	0.000	154.561	-3.612	2601.295	48.669	-33.426	2595.246	158.114	-125.882	2464.995	83.370	33.245	2483.375	68.422	65.070	2487.052	0.000	0.000	0.000	181.999	-379.326	2696.512	181.999	-668.670	2696.512	181.999	-940.842	2696.512	0.000	0.000	0.000	107.551	-385.844	2713.351	107.551	-675.188	2713.351	107.551	-947.360	2713.351	0.000	0.000	0.000	
03014	3	0.000	0.000	0.000	186.885	137.596	2580.712	159.709	58.440	2567.382	126.954	-131.665	2697.116	120.917	-263.949	2648.038	151.491	10.747	2599.930	297.066	53.761	2584.385	305.466	-119.638	2498.638	233.999	40.545	2520.514	219.706	72.582	2524.889	0.000	0.000	0.000	151.491	10.747	2599.930	25.569	26.386	2554.846	-80.946	168.881	2478.424	87.681	128.414	2444.188	121.406	120.321	2437.341	0.000	0.000	0.000	183.432	-316.679	2632.530	183.432	-606.017	2632.530	183.432	-878.184	2632.530	0.000	0.000	0.000	62.718	-322.996	2650.744	62.718	-612.334	2650.744	62.718	-884.501	2650.744	0.000	0.000	0.000	
03015	3	0.000	0.000	0.000	182.476	158.498	2569.829	151.801	79.910	2560.678	77.011	-109.488	2672.789	80.997	-244.043	2630.127	133.038	32.394	2588.804	271.954	27.695	2602.979	271.954	-165.913	2602.979	271.954	-342.659	2602.979	271.954	-415.600	2602.979	0.000	0.000	0.000	133.038	32.394	2588.804	56.200	55.249	2464.738	-11.215	-101.019	2557.037	31.333	49.599	2474.922	39.843	79.723	2458.499	0.000	0.000	0.000	151.161	-260.260	2617.079	151.161	-549.573	2617.079	151.161	-821.716	2617.079	0.000	0.000	0.000	30.699	-273.916	2596.400	30.699	-563.229	2596.400	30.699	-835.372	2596.400	0.000	0.000	0.000	
03016	3	0.000	0.000	0.000	196.781	150.878	2591.265	143.487	96.984	2551.559	61.612	-108.225	2623.225	37.167	-246.911	2614.350	122.946	45.501	2569.539	254.874	15.712	2552.214	254.874	-177.746	2552.214	254.874	-355.450	2552.214	254.874	-427.936	2552.214	0.000	0.000	0.000	122.946	45.501	2569.539	33.589	40.279	2490.571	-93.641	178.998	2445.898	53.338	79.286	2440.096	82.734	59.344	2438.936	0.000	0.000	0.000	99.011	-343.987	2608.610	99.011	-633.076	2608.610	99.011	-905.008	2608.610	0.000	0.000	0.000	21.386	-381.950	2618.366	21.386	-671.039	2618.366	21.386	-942.971	2618.366	0.000	0.000	0.000	
03017	3	0.000	0.000	0.000	157.451	185.564	2529.288	142.310	103.441	2547.217	49.672	-94.758	2624.888	43.581	-232.790	2596.597	119.069	53.717	2566.703	264.238	166.859	2558.531	264.238	-26.504	2558.531	264.238	-205.620	2558.531	264.238	-278.015	2558.531	0.000	0.000	0.000	119.069	53.717	2566.703	10.004	126.219	2515.711	-75.762	-38.227	2570.397	61.078	22.601	2472.124	88.446	34.767	2452.469	0.000	0.000	0.000	94.557	-298.184	2577.544	94.557	-587.131	2577.544	94.557	-858.929	2577.544	0.000	0.000	0.000	18.294	-311.715	2576.913	18.294	-600.662	2576.913	18.294	-872.460	2576.913	0.000	0.000	0.000	
03019	3	0.000	0.000	0.000	102.981	117.155	2564.988	91.340	44.260	2513.284	81.271	-186.832	2597.820	85.137	-329.003	2551.397	88.814	-13.716	2534.492	214.052	7.257	2584.663	300.166	-80.574	2420.516	212.237	84.415	2409.937	194.652	117.412	2407.821	0.000	0.000	0.000	88.814	-13.716	2534.492	-53.636	34.224	2533.376	-60.976	-170.547	2523.928	-7.515	6.140	2492.490	3.177	41.478	2486.203	0.000	0.000	0.000	57.134	-360.625	2632.558	57.134	-667.141	2632.558	57.134	-955.466	2632.558	0.000	0.000	0.000	-5.297	-349.438	2557.012	-5.297	-655.954	2557.012	-5.297	-944.279	2557.012	0.000	0.000	0.000	
03020	3	0.000	0.000	0.000	85.405	164.529	2455.384	89.879	85.000	2497.544	-2.207	-18.489	2701.164	37.495	-99.088	2581.538	66.777	59.037	2548.628	214.858	140.154	2444.058	283.122	-52.017	2466.067	163.913	76.023	2399.288	140.072	101.631	2385.932	0.000	0.000	0.000	66.777	59.037	2548.628	-38.206	153.330	2518.704	-59.380	-50.680	2516.300	-59.380	-237.936	2516.300	-59.380	-314.498	2516.300	0.000	0.000	0.000	129.498	-112.895	2567.242	129.498	-419.411	2567.242	129.498	-707.736	2567.242	0.000	0.000	0.000	-46.583	-131.083	2575.916	-46.583	-437.599	2575.916	-46.583	-725.924	2575.916	0.000	0.000	0.000	
03021	3	0.000	0.000	0.000	69.203	220.349	2433.125	21.149	211.792	2487.634	8.538	297.301	2664.554	24.192	156.978	2609.872	59.299	181.705	2526.995	109.586	243.149	2380.084	131.062	47.519	2446.130	56.735	193.054	2350.159	41.870	222.161	2330.965	0.000	0.000	0.000	59.299	181.705	2526.995	-64.013	183.179	2483.423	-15.510	-11.234	2429.150	-15.510	-200.747	2429.150	-15.510	-278.232	2429.150	0.000	0.000	0.000	92.655	23.847	2562.014	92.655	-286.364	2562.014	92.655	-578.165	2562.014	0.000	0.000	0.000	1.078	9.006	2551.073	1.078	-301.206	2551.073	1.078	-593.006	2551.073	0.000	0.000	0.000	
03022	3	0.000	0.000	0.000	62.333	256.406	2421.722	68.442	177.819	2472.275	36.181	164.266	2725.757	50.630	65.373	2606.696	60.348	174.419	2535.868	98.911	279.836	2369.181	115.747	74.973	2425.484	48.850	230.686	2329.913	35.471	261.828	2310.799	0.000	0.000	0.000	60.348	174.419	2535.868	-69.901	138.816	2508.392	-49.558	-73.244	2502.105	-49.558	-267.808	2502.105	-49.558	-347.358	2502.105	0.000	0.000	0.000	122.526	-18.541	2557.021	122.526	-337.021	2557.021	122.526	-636.599	2557.021	0.000	0.000	0.000	-0.677	-25.781	2543.439	-0.677	-344.260	2543.439	-0.677	-643.838	2543.439	0.000	0.000	0.000	
03025	3	0.000	0.000	0.000	48.888	308.018	2382.173	67.790	212.283	2412.183	132.604	-34.557	2535.724	158.613	-201.816	2544.126	83.789	151.351	2442.679	207.590	93.279	2463.028	327.731	-104.192	2439.307	114.290	-74.313	2475.222	71.602	-68.337	2482.405	0.000	0.000	0.000	83.789	151.351	2442.679	-54.373	104.470	2510.894	-69.170	-125.509	2540.591	1.239	61.653	2452.541	15.321	99.086	2434.931	0.000	0.000	0.000	277.772	-350.067	2591.110	277.772	-697.290	2591.110	277.772	-1023.906	2591.110	0.000	0.000	0.000	98.868	-391.920	2582.417	98.868	-739.143	2582.417	98.868	-1065.759	2582.417	0.000	0.000	0.000	
03026	3	0.000	0.000	0.000	72.448	351.408	2378.321	67.114	256.773	2416.228	139.622	26.747	2558.257	125.453	-133.592	2611.250	85.244	199.258	2451.740	232.504	167.564	2432.624	290.244	-56.772	2450.557	74.233	-83.758	2456.663	31.031	-89.156	2457.884	0.000	0.000	0.000	85.244	199.258	2451.740	-54.709	160.298	2523.153	-122.179	-58.512	2562.544	-104.566	130.404	2455.648	-101.044	168.188	2434.269	0.000	0.000	0.000	217.088	-150.244	2580.390	217.088	-497.437	2580.390	217.088	-824.024	2580.390	0.000	0.000	0.000	68.181	-168.235	2568.251	68.181	-515.428	2568.251	68.181	-842.015	2568.251	0.000	0.000	0.000	
03027	3	0.000	0.000	0.000	77.061	372.766	2377.313	67.989	279.169	2417.010	127.654	58.141	2577.637	111.035	-106.139	2615.660	82.918	223.867	2457.199	230.158	185.871	2426.965	284.565	-38.758	2450.386	75.234	-94.062	2443.866	-8.562	-116.200	2441.256	0.000	0.000	0.000	82.918	223.867	2457.199	-72.539	211.932	2521.093	-102.577	-4.129	2600.983	-159.396	112.055	2427.220	-170.760	135.292	2392.467	0.000	0.000	0.000	207.512	-90.286	2543.364	207.512	-437.431	2543.364	207.512	-763.972	2543.364	0.000	0.000	0.000	13.209	-92.959	2570.065	13.209	-440.103	2570.065	13.209	-766.645	2570.065	0.000	0.000	0.000	
03028	3	0.000	0.000	0.000	74.162	406.231	2367.918	68.815	315.563	2414.329	91.635	95.802	2585.015	101.797	-69.667	2597.387	74.530	260.525	2457.077	213.894	206.487	2449.596	288.744	-13.191	2444.395	288.744	-228.015	2444.395	288.744	-314.662	2444.395	0.000	0.000	0.000	74.530	260.525	2457.077	-75.822	216.164	2472.545	-113.306	13.424	2579.219	-209.774	161.621	2457.232	-248.683	221.394	2408.030	0.000	0.000	0.000	180.448	-164.830	2556.283	180.448	-511.720	2556.283	180.448	-838.023	2556.283	0.000	0.000	0.000	22.758	-160.463	2557.560	22.758	-507.354	2557.560	22.758	-833.656	2557.560	0.000	0.000	0.000	
03029	3	0.000	0.000	0.000	73.387	422.749	2357.062	68.938	334.129	2407.236	63.774	121.809	2588.057	73.729	-47.073	2593.297	67.645	280.936	2452.537	215.984	228.688	2445.969	281.492	6.130	2446.227	281.492	-207.987	2446.227	281.492	-294.581	2446.227	0.000	0.000	0.000	67.645	280.936	2452.537	-68.760	233.378	2478.855	-138.783	25.290	2553.817	-220.975	195.282	2452.858	-254.216	264.032	2412.027	0.000	0.000	0.000	156.711	-146.495	2550.848	156.711	-493.178	2550.848	156.711	-819.285	2550.848	0.000	0.000	0.000	-24.178	-129.731	2590.592	-24.178	-476.414	2590.592	-24.178	-802.521	2590.592	0.000	0.000	0.000	
03030	3	0.000	0.000	0.000	73.203	435.866	2341.477	69.055	351.159	2397.940	58.520	142.502	2582.430	62.020	-29.542	2582.697	66.415	298.869	2444.174	219.306	253.658	2442.606	278.988	29.592	2446.460	278.988	-183.958	2446.460	278.988	-270.511	2446.460	0.000	0.000	0.000	66.415	298.869	2444.174	-70.124	260.113	2478.044	-139.848	46.002	2533.517	-139.848	-167.548	2533.517	-139.848	-254.101	2533.517	0.000	0.000	0.000	164.136	-80.379	2548.781	164.136	-426.896	2548.781	164.136	-752.846	2548.781	0.000	0.000	0.000	-7.074	-128.181	2531.568	-7.074	-474.697	2531.568	-7.074	-800.648	2531.568	0.000	0.000	0.000	
03031	3	0.000	0.000	0.000	74.750	455.027	2323.751	75.219	368.582	2377.586	88.498	149.641	2544.874	90.082	-19.809	2558.875	78.579	313.171	2419.925	236.321	291.604	2415.550	290.602	68.480	2447.141	177.816	226.571	2360.175	131.960	290.848	2324.816	0.000	0.000	0.000	78.579	313.171	2419.925	-67.118	284.139	2454.595	-144.339	74.538	2516.507	-144.339	-138.246	2516.507	-144.339	-224.758	2516.507	0.000	0.000	0.000	197.252	-64.408	2550.887	197.252	-410.764	2550.887	197.252	-736.563	2550.887	0.000	0.000	0.000	-9.591	-99.507	2559.156	-9.591	-445.862	2559.156	-9.591	-771.662	2559.156	0.000	0.000	0.000	
03032	3	0.000	0.000	0.000	75.698	465.119	2323.503	78.524	375.281	2371.373	94.062	152.494	2538.295	98.224	-13.669	2558.126	82.415	319.497	2413.168	232.126	287.941	2415.086	296.712	65.411	2420.779	196.500	243.477	2362.277	155.710	315.955	2338.465	0.000	0.000	0.000	82.415	319.497	2413.168	-61.487	287.878	2448.120	-136.668	90.742	2544.081	-136.668	-121.796	2544.081	-136.668	-208.306	2544.081	0.000	0.000	0.000	203.567	-69.935	2574.068	203.567	-416.279	2574.068	203.567	-742.067	2574.068	0.000	0.000	0.000	-5.731	-65.622	2568.390	-5.731	-411.966	2568.390	-5.731	-737.754	2568.390	0.000	0.000	0.000	
03033	3	0.000	0.000	0.000	77.338	487.792	2325.702	81.855	394.485	2366.313	101.884	169.464	2537.760	115.490	6.520	2557.768	86.787	339.078	2408.529	232.427	307.798	2415.987	291.876	84.268	2400.168	175.647	258.390	2365.193	128.262	329.377	2350.934	0.000	0.000	0.000	86.787	339.078	2408.529	-58.476	310.329	2442.988	-144.863	110.226	2522.021	-144.863	-102.025	2522.021	-144.863	-188.558	2522.021	0.000	0.000	0.000	218.544	-48.936	2536.872	218.544	-395.370	2536.872	218.544	-721.245	2536.872	0.000	0.000	0.000	18.994	-47.680	2538.901	18.994	-394.115	2538.901	18.994	-719.989	2538.901	0.000	0.000	0.000	
03034	3	0.000	0.000	0.000	74.729	497.172	2326.835	82.184	404.689	2368.944	102.229	182.802	2542.849	118.459	17.860	2558.651	87.138	349.849	2411.925	232.497	317.880	2413.078	288.845	91.906	2405.318	189.618	267.926	2340.538	149.141	339.729	2314.113	0.000	0.000	0.000	87.138	349.849	2411.925	-59.976	319.688	2437.084	-139.864	119.178	2524.909	-139.864	-93.014	2524.909	-139.864	-179.572	2524.909	0.000	0.000	0.000	220.969	-46.387	2541.867	220.969	-392.924	2541.867	220.969	-718.893	2541.867	0.000	0.000	0.000	23.071	-40.091	2546.158	23.071	-386.627	2546.158	23.071	-712.597	2546.158	0.000	0.000	0.000	
03035	3	0.000	0.000	0.000	72.040	506.391	2327.636	82.284	415.566	2372.760	98.187	196.945	2546.218	114.201	27.846	2559.219	86.260	360.912	2416.123	230.428	339.002	2430.844	293.237	114.079	2390.345	212.205	281.748	2288.654	179.135	350.175	2247.153	0.000	0.000	0.000	86.260	360.912	2416.123	-59.549	319.650	2415.957	-135.196	128.559	2534.012	-135.196	-83.620	2534.012	-135.196	-170.213	2534.012	0.000	0.000	0.000	217.778	-36.380	2553.673	217.778	-383.055	2553.673	217.778	-709.155	2553.673	0.000	0.000	0.000	20.766	-27.131	2541.785	20.766	-373.806	2541.785	20.766	-699.906	2541.785	0.000	0.000	0.000	
03036	3	0.000	0.000	0.000	67.277	517.476	2329.069	80.679	431.556	2382.468	98.195	209.009	2544.656	111.906	39.992	2558.405	85.120	375.133	2423.587	220.262	340.173	2422.007	270.192	105.342	2397.103	186.331	295.073	2340.076	152.540	371.526	2317.096	0.000	0.000	0.000	85.120	375.133	2423.587	-53.802	330.404	2415.338	-132.941	130.140	2524.380	-132.941	-84.994	2524.380	-132.941	-171.683	2524.380	0.000	0.000	0.000	211.952	-33.677	2552.230	211.952	-380.737	2552.230	211.952	-707.199	2552.230	0.000	0.000	0.000	22.684	-27.237	2537.623	22.684	-374.297	2537.623	22.684	-700.759	2537.623	0.000	0.000	0.000	
03037	3	0.000	0.000	0.000	66.359	519.167	2329.417	79.833	435.244	2386.015	97.895	208.052	2543.565	110.842	36.493	2558.375	84.397	377.838	2425.824	219.517	340.529	2403.182	267.637	102.879	2407.810	168.440	286.211	2356.530	128.353	360.299	2335.807	0.000	0.000	0.000	84.397	377.838	2425.824	-55.547	337.633	2416.368	-134.956	129.689	2512.636	-134.956	-84.974	2512.636	-134.956	-171.724	2512.636	0.000	0.000	0.000	209.922	-29.181	2554.325	209.922	-376.486	2554.325	209.922	-703.180	2554.325	0.000	0.000	0.000	22.071	-20.369	2536.963	22.071	-367.675	2536.963	22.071	-694.368	2536.963	0.000	0.000	0.000	
03038	3	0.000	0.000	0.000	65.172	520.474	2329.996	78.133	438.763	2390.155	97.652	201.903	2543.425	109.702	29.107	2558.846	82.974	380.027	2428.162	215.121	343.598	2394.319	273.588	109.526	2408.681	183.119	294.253	2349.151	146.405	369.219	2324.992	0.000	0.000	0.000	82.974	380.027	2428.162	-53.382	339.249	2415.455	-137.514	126.337	2492.945	-137.514	-87.795	2492.945	-137.514	-174.695	2492.945	0.000	0.000	0.000	205.601	-40.622	2558.155	205.601	-388.525	2558.155	205.601	-715.780	2558.155	0.000	0.000	0.000	24.293	-43.958	2538.278	24.293	-391.861	2538.278	24.293	-719.117	2538.278	0.000	0.000	0.000	
03039	2	0.000	0.000	0.000	67.240	519.951	2327.373	77.329	439.280	2389.816	97.102	198.603	2544.840	108.760	25.749	2559.295	82.172	380.339	2427.781	212.960	345.434	2392.784	93.424	486.896	2237.417	-1.836	648.878	2135.003	-40.599	714.791	2093.330	0.000	0.000	0.000	82.172	380.339	2427.781	-53.570	339.647	2402.078	-136.300	128.058	2484.690	-136.300	-85.955	2484.690	-136.300	-173.040	2484.690	0.000	0.000	0.000	207.074	-25.085	2562.402	207.074	-373.731	2562.402	207.074	-701.686	2562.402	0.000	0.000	0.000	20.410	-25.362	2534.868	20.410	-374.008	2534.868	20.410	-701.963	2534.868	0.000	0.000	0.000	
03040	2	0.000	0.000	0.000	84.004	514.703	2318.938	75.572	439.438	2388.668	73.316	208.387	2550.134	70.911	30.849	2548.416	75.007	381.591	2429.094	212.447	349.734	2390.913	298.621	125.648	2437.317	298.621	-88.771	2437.317	298.621	-176.225	2437.317	0.000	0.000	0.000	75.007	381.591	2429.094	-53.571	339.018	2383.707	-133.610	127.638	2477.010	-70.109	-72.572	2520.131	-44.209	-154.231	2537.718	0.000	0.000	0.000	156.196	-18.674	2549.092	156.196	-368.799	2549.092	156.196	-698.145	2549.092	0.000	0.000	0.000	-20.322	9.209	2518.321	-20.322	-340.917	2518.321	-20.322	-670.262	2518.321	0.000	0.000	0.000	
03041	2	0.000	0.000	0.000	94.491	512.535	2308.490	79.880	439.318	2379.947	130.475	206.340	2529.074	141.780	29.234	2542.434	92.627	380.621	2417.519	223.003	359.175	2377.116	303.071	133.615	2420.195	303.071	-83.403	2420.195	303.071	-171.197	2420.195	0.000	0.000	0.000	92.627	380.621	2417.519	-43.978	333.522	2399.475	-131.359	121.407	2480.194	-50.180	-79.341	2494.586	-17.339	-160.552	2500.408	0.000	0.000	0.000	235.129	-31.574	2552.169	235.129	-383.056	2552.169	235.129	-713.678	2552.169	0.000	0.000	0.000	70.067	-62.022	2535.152	70.067	-413.505	2535.152	70.067	-744.127	2535.152	0.000	0.000	0.000	
03042	2	0.000	0.000	0.000	97.673	512.473	2303.565	86.194	439.066	2375.734	137.904	201.566	2521.787	151.304	25.129	2539.423	99.143	379.594	2412.308	227.552	354.919	2376.506	308.639	128.486	2420.697	308.639	-88.559	2420.697	308.639	-176.550	2420.697	0.000	0.000	0.000	99.143	379.594	2412.308	-41.928	335.890	2377.365	-125.723	128.604	2476.413	-59.908	-78.117	2482.978	-33.226	-161.923	2485.639	0.000	0.000	0.000	248.844	-40.140	2548.892	248.844	-392.415	2548.892	248.844	-723.784	2548.892	0.000	0.000	0.000	57.124	-16.153	2525.651	57.124	-368.429	2525.651	57.124	-699.798	2525.651	0.000	0.000	0.000	
03043	2	0.000	0.000	0.000	100.530	514.896	2298.448	90.042	438.817	2368.330	130.851	201.145	2519.466	141.694	24.352	2536.590	100.249	379.370	2406.132	232.265	354.968	2375.228	312.583	128.384	2418.890	312.583	-88.824	2418.890	312.583	-177.032	2418.890	0.000	0.000	0.000	100.249	379.370	2406.132	-39.288	337.424	2385.629	-122.609	126.849	2477.353	-82.466	-85.369	2500.410	-66.164	-171.550	2509.773	0.000	0.000	0.000	236.974	-34.134	2512.512	236.974	-387.277	2512.512	236.974	-719.462	2512.512	0.000	0.000	0.000	47.053	-20.932	2519.244	47.053	-374.076	2519.244	47.053	-706.260	2519.244	0.000	0.000	0.000	
03044	2	0.000	0.000	0.000	112.906	523.235	2287.397	104.167	438.511	2347.777	128.954	204.333	2506.223	126.420	27.079	2508.760	110.417	379.458	2387.733	246.650	359.983	2373.155	322.073	129.684	2421.167	322.073	-88.180	2421.167	322.073	-176.873	2421.167	0.000	0.000	0.000	110.417	379.458	2387.733	-14.817	329.069	2379.045	-87.407	114.194	2476.975	-114.699	-99.052	2512.280	-125.809	-185.864	2526.653	0.000	0.000	0.000	214.500	-19.594	2484.063	214.500	-374.677	2484.063	214.500	-708.685	2484.063	0.000	0.000	0.000	40.669	-25.034	2484.031	40.669	-380.116	2484.031	40.669	-714.124	2484.031	0.000	0.000	0.000	
03045	2	0.000	0.000	0.000	122.293	528.592	2282.212	114.926	438.427	2334.953	146.556	203.178	2492.648	144.455	26.124	2493.986	122.894	379.165	2374.678	255.326	362.371	2370.596	330.808	137.416	2435.017	330.808	-80.909	2435.017	330.808	-169.867	2435.017	0.000	0.000	0.000	122.894	379.165	2374.678	8.894	326.812	2390.329	-70.938	108.035	2469.167	-113.234	-104.986	2491.506	-130.468	-191.782	2500.608	0.000	0.000	0.000	244.460	20.461	2492.212	244.460	-335.683	2492.212	244.460	-670.690	2492.212	0.000	0.000	0.000	47.903	2.719	2508.944	47.903	-353.425	2508.944	47.903	-688.431	2508.944	0.000	0.000	0.000	
03046	2	0.000	0.000	0.000	223.781	514.197	2218.851	216.841	422.750	2265.167	262.872	195.831	2441.813	267.031	35.569	2366.549	228.394	365.796	2309.503	348.409	321.870	2302.890	406.305	85.525	2294.478	406.305	-136.093	2294.478	406.305	-226.670	2294.478	0.000	0.000	0.000	228.394	365.796	2309.503	137.139	314.869	2369.662	179.245	87.073	2294.711	179.245	-134.545	2294.711	179.245	-225.122	2294.711	0.000	0.000	0.000	361.979	100.127	2442.604	361.979	-262.499	2442.604	361.979	-603.604	2442.604	0.000	0.000	0.000	164.083	88.366	2377.583	164.083	-274.261	2377.583	164.083	-615.365	2377.583	0.000	0.000	0.000	
03047	2	0.000	0.000	0.000	165.711	469.802	2075.562	217.611	412.048	2127.256	175.765	231.706	2302.426	225.448	111.624	2230.305	207.113	366.804	2171.202	227.180	300.491	2236.033	227.180	85.266	2236.033	227.180	-108.529	2236.033	227.180	-187.764	2236.033	0.000	0.000	0.000	207.113	366.804	2171.202	94.757	345.225	2196.615	94.757	130.000	2196.615	94.757	-63.795	2196.615	94.757	-143.030	2196.615	0.000	0.000	0.000	311.876	119.771	2233.025	311.876	-197.447	2233.025	311.876	-495.838	2233.025	0.000	0.000	0.000	120.716	125.122	2236.771	120.716	-192.096	2236.771	120.716	-490.487	2236.771	0.000	0.000	0.000	
