00238	5	0.000	0.000	0.000	9.188	-590.813	2748.036	-13.863	-653.082	2777.686	91.091	-806.042	2848.919	47.881	-896.991	2782.337	12.468	-691.456	2795.557	31.801	-611.710	2692.673	-25.481	-457.029	2709.037	-31.542	-607.501	2696.801	-34.020	-669.024	2691.798	0.000	0.000	0.000	12.468	-691.456	2795.557	-3.177	-548.633	2778.212	-3.177	-714.390	2778.212	-3.177	-865.481	2778.212	-3.177	-927.256	2778.212	0.000	0.000	0.000	80.352	-958.496	2782.428	80.352	-1205.814	2782.428	80.352	-1438.454	2782.428	0.000	0.000	0.000	54.368	-935.184	2845.409	54.368	-1182.502	2845.409	54.368	-1415.143	2845.409	0.000	0.000	0.000	
00239	5	0.000	0.000	0.000	-45.868	-665.050	2765.771	-63.645	-729.748	2795.693	134.646	-760.632	2790.413	68.693	-863.166	2787.307	-13.898	-737.496	2794.368	-27.530	-667.362	2716.699	-11.237	-501.340	2702.707	-32.257	-652.130	2691.754	-40.852	-713.782	2687.275	0.000	0.000	0.000	-13.898	-737.496	2794.368	-8.276	-639.453	2780.952	-8.276	-806.858	2780.952	-8.276	-959.500	2780.952	-8.276	-1021.909	2780.952	0.000	0.000	0.000	80.523	-958.881	2782.405	80.523	-1208.739	2782.405	80.523	-1443.767	2782.405	0.000	0.000	0.000	54.390	-935.436	2845.748	54.390	-1185.293	2845.748	54.390	-1420.321	2845.748	0.000	0.000	0.000	
00241	3	0.000	0.000	0.000	-298.714	-248.545	2584.815	-330.042	-314.854	2546.969	-512.019	-686.939	2645.000	0.000	0.000	0.000	-370.099	-366.427	2556.291	-438.764	-414.231	2707.542	0.000	0.000	0.000	-37.814	-37.034	302.716	-45.377	-44.441	363.260	0.000	0.000	0.000	-370.099	-366.427	2556.291	-472.676	-399.252	2405.504	-472.676	-735.878	2405.504	-472.676	-1043.187	2405.504	-472.676	-1168.833	2405.504	0.000	0.000	0.000	0.000	0.000	0.000	0.000	-503.029	0.000	0.000	-976.204	0.000	0.000	0.000	0.000	0.000	0.000	0.000	0.000	-503.029	0.000	0.000	-976.204	0.000	0.000	0.000	0.000	
00242	3	0.000	0.000	0.000	-281.141	-232.795	2584.657	-332.971	-304.543	2552.605	-512.019	-686.939	2645.000	0.000	0.000	0.000	-380.191	-363.202	2578.184	-440.207	-413.261	2716.891	0.000	0.000	0.000	-34.051	-40.435	299.796	-40.861	-48.522	359.755	0.000	0.000	0.000	-380.191	-363.202	2578.184	-475.257	-408.038	2413.493	-475.257	-741.500	2413.493	-475.257	-1045.921	2413.493	-475.257	-1170.387	2413.493	0.000	0.000	0.000	0.000	0.000	0.000	0.000	-498.302	0.000	0.000	-967.030	0.000	0.000	0.000	0.000	0.000	0.000	0.000	0.000	-498.302	0.000	0.000	-967.030	0.000	0.000	0.000	0.000	
00243	3	0.000	0.000	0.000	-269.618	-247.835	2569.262	-326.217	-321.932	2535.839	-512.019	-686.939	2645.000	0.000	0.000	0.000	-369.522	-380.422	2560.433	-434.014	-432.521	2703.317	0.000	0.000	0.000	-33.599	-40.578	300.646	-40.319	-48.694	360.775	0.000	0.000	0.000	-369.522	-380.422	2560.433	-463.696	-434.566	2393.318	-463.696	-768.911	2393.318	-463.696	-1074.138	2393.318	-463.696	-1198.933	2393.318	0.000	0.000	0.000	0.000	0.000	0.000	0.000	-499.621	0.000	0.000	-969.590	0.000	0.000	0.000	0.000	0.000	0.000	0.000	0.000	-499.621	0.000	0.000	-969.590	0.000	0.000	0.000	0.000	
00244	3	0.000	0.000	0.000	-260.269	-266.484	2540.814	-315.704	-337.028	2511.541	-512.019	-686.939	2645.000	0.000	0.000	0.000	-353.479	-394.621	2530.035	-424.136	-449.209	2682.533	0.000	0.000	0.000	-33.572	-40.875	301.861	-40.286	-49.049	362.233	0.000	0.000	0.000	-353.479	-394.621	2530.035	-453.393	-443.539	2358.970	-453.393	-779.234	2358.970	-453.393	-1085.694	2358.970	-453.393	-1210.994	2358.970	0.000	0.000	0.000	0.000	0.000	0.000	0.000	-501.640	0.000	0.000	-973.508	0.000	0.000	0.000	0.000	0.000	0.000	0.000	0.000	-501.640	0.000	0.000	-973.508	0.000	0.000	0.000	0.000	
00245	3	0.000	0.000	0.000	-252.601	-283.701	2480.659	-297.761	-349.803	2453.015	-512.019	-686.939	2645.000	0.000	0.000	0.000	-333.652	-405.862	2463.428	-413.793	-453.575	2630.213	0.000	0.000	0.000	-33.538	-41.000	301.230	-40.245	-49.201	361.476	0.000	0.000	0.000	-333.652	-405.862	2463.428	-459.512	-450.041	2313.658	-459.512	-785.070	2313.658	-459.512	-1090.922	2313.658	-459.512	-1215.973	2313.658	0.000	0.000	0.000	0.000	0.000	0.000	0.000	-500.644	0.000	0.000	-971.574	0.000	0.000	0.000	0.000	0.000	0.000	0.000	0.000	-500.644	0.000	0.000	-971.574	0.000	0.000	0.000	0.000	
00246	3	0.000	0.000	0.000	-252.287	-285.293	2452.971	-290.633	-350.184	2430.786	-512.019	-686.939	2645.000	0.000	0.000	0.000	-324.000	-407.854	2437.674	-408.217	-455.644	2609.292	-408.217	-794.136	2609.292	-408.217	-1103.148	2609.292	-408.217	-1229.491	2609.292	0.000	0.000	0.000	-324.000	-407.854	2437.674	-456.992	-448.539	2291.276	-456.992	-787.030	2291.276	-456.992	-1096.042	2291.276	-456.992	-1222.385	2291.276	0.000	0.000	0.000	0.000	0.000	0.000	0.000	-505.817	0.000	0.000	-981.615	0.000	0.000	0.000	0.000	0.000	0.000	0.000	0.000	-505.817	0.000	0.000	-981.615	0.000	0.000	0.000	0.000	
00248	3	0.000	0.000	0.000	-207.804	-370.640	2434.378	-162.246	-458.844	2404.197	-69.706	-705.429	2509.205	-159.713	-845.289	2464.408	-139.029	-520.707	2430.541	-39.047	-554.029	2417.403	96.343	-713.878	2308.371	-29.692	-551.656	2373.778	-54.900	-519.211	2386.859	0.000	0.000	0.000	-139.029	-520.707	2430.541	-189.056	-545.947	2531.109	-93.046	-753.588	2472.481	-176.187	-559.628	2428.366	-192.815	-520.836	2419.543	0.000	0.000	0.000	0.000	0.000	0.000	0.000	-352.896	0.000	0.000	-684.848	0.000	0.000	0.000	0.000	0.000	0.000	0.000	0.000	-352.896	0.000	0.000	-684.848	0.000	0.000	0.000	0.000	
00249	3	0.000	0.000	0.000	-244.217	-346.121	2424.143	-188.198	-431.966	2407.922	-175.403	-624.165	2616.059	-75.908	-760.253	2580.542	-184.988	-480.185	2460.139	-63.905	-525.659	2400.803	-63.905	-761.861	2400.803	-63.905	-977.493	2400.803	-63.905	-1065.656	2400.803	0.000	0.000	0.000	-184.988	-480.185	2460.139	-219.452	-494.109	2547.346	-270.761	-333.580	2381.848	-386.642	-175.993	2291.102	-409.818	-144.476	2272.953	0.000	0.000	0.000	-34.542	-850.759	2474.724	-34.542	-1203.724	2474.724	-34.542	-1535.740	2474.724	0.000	0.000	0.000	-99.924	-861.688	2637.548	-99.924	-1214.652	2637.548	-99.924	-1546.668	2637.548	0.000	0.000	0.000	
00250	3	0.000	0.000	0.000	-265.032	-315.864	2421.902	-220.846	-408.002	2403.501	-365.215	-604.017	2549.217	-219.117	-695.017	2558.234	-257.065	-457.178	2440.058	-92.976	-498.154	2393.834	-92.976	-734.463	2393.834	-92.976	-950.192	2393.834	-92.976	-1038.395	2393.834	0.000	0.000	0.000	-257.065	-457.178	2440.058	-242.451	-462.052	2549.046	-292.974	-288.303	2397.058	-290.309	-305.097	2182.000	-289.776	-308.455	2138.989	0.000	0.000	0.000	-34.540	-850.770	2474.702	-34.540	-1203.894	2474.702	-34.540	-1536.059	2474.702	0.000	0.000	0.000	-99.937	-861.702	2637.564	-99.937	-1214.825	2637.564	-99.937	-1546.990	2637.564	0.000	0.000	0.000	
00251	3	0.000	0.000	0.000	-276.739	-277.847	2419.631	-259.588	-377.842	2396.167	-454.718	-571.387	2467.451	-308.005	-654.517	2503.723	-308.542	-426.398	2414.051	-129.661	-465.020	2387.253	-129.661	-701.562	2387.253	-129.661	-917.450	2387.253	-129.661	-1005.719	2387.253	0.000	0.000	0.000	-308.542	-426.398	2414.051	-256.605	-435.673	2541.793	-343.034	-248.709	2425.490	-415.036	-90.591	2297.340	-444.475	-25.943	2244.944	0.000	0.000	0.000	-34.536	-850.789	2474.664	-34.536	-1204.174	2474.664	-34.536	-1536.585	2474.664	0.000	0.000	0.000	-99.959	-861.725	2637.591	-99.959	-1215.109	2637.591	-99.959	-1547.521	2637.591	0.000	0.000	0.000	
00252	3	0.000	0.000	0.000	-274.395	-241.923	2421.399	-320.664	-324.975	2378.533	-470.741	-565.591	2402.328	-319.319	-648.711	2409.356	-358.315	-385.341	2384.503	-178.340	-389.931	2384.199	-178.340	-626.992	2384.199	-178.340	-843.373	2384.199	-178.340	-931.843	2384.199	0.000	0.000	0.000	-358.315	-385.341	2384.503	-231.506	-431.705	2450.414	-353.342	-228.520	2458.752	-315.518	-292.868	2255.652	-300.054	-319.178	2172.612	0.000	0.000	0.000	-63.527	-744.175	2445.066	-63.527	-1098.367	2445.066	-63.527	-1431.537	2445.066	0.000	0.000	0.000	-121.061	-752.129	2511.013	-121.061	-1106.320	2511.013	-121.061	-1439.491	2511.013	0.000	0.000	0.000	
00253	3	0.000	0.000	0.000	-268.079	-245.280	2412.184	-330.790	-312.258	2362.352	-422.763	-581.261	2382.402	-295.512	-639.701	2280.584	-353.864	-379.745	2367.382	-181.545	-351.867	2385.100	-181.545	-589.269	2385.100	-181.545	-805.968	2385.100	-181.545	-894.568	2385.100	0.000	0.000	0.000	-353.864	-379.745	2367.382	-230.102	-421.208	2410.852	-352.419	-225.749	2467.367	-310.889	-275.696	2260.633	-293.909	-296.118	2176.107	0.000	0.000	0.000	-209.509	-675.029	2334.359	-209.509	-1029.740	2334.359	-209.509	-1363.400	2334.359	0.000	0.000	0.000	-237.453	-674.203	2362.328	-237.453	-1028.914	2362.328	-237.453	-1362.574	2362.328	0.000	0.000	0.000	
00254	3	0.000	0.000	0.000	-224.976	-238.294	2351.210	-302.448	-304.470	2326.304	-256.436	-587.147	2323.276	-365.275	-587.718	2187.529	-290.904	-375.388	2325.544	-158.644	-329.123	2377.861	-158.644	-567.693	2377.861	-158.644	-785.469	2377.861	-158.644	-874.509	2377.861	0.000	0.000	0.000	-290.904	-375.388	2325.544	-226.169	-418.357	2398.115	-347.962	-228.011	2474.604	-282.352	-263.374	2269.979	-255.527	-277.833	2186.316	0.000	0.000	0.000	-304.626	-623.147	2230.237	-304.626	-979.621	2230.237	-304.626	-1314.939	2230.237	0.000	0.000	0.000	-324.768	-622.124	2249.272	-324.768	-978.598	2249.272	-324.768	-1313.916	2249.272	0.000	0.000	0.000	
00255	3	0.000	0.000	0.000	-204.629	-228.426	2320.806	-279.764	-301.309	2309.586	-227.287	-583.954	2304.867	-350.057	-599.256	2181.579	-266.598	-372.219	2308.402	-133.531	-332.286	2356.473	-133.531	-571.769	2356.473	-133.531	-790.382	2356.473	-133.531	-879.764	2356.473	0.000	0.000	0.000	-266.598	-372.219	2308.402	-220.260	-418.361	2395.027	-344.941	-230.427	2475.574	-275.310	-247.813	2269.078	-246.841	-254.921	2184.649	0.000	0.000	0.000	-268.924	-634.854	2251.694	-268.924	-992.698	2251.694	-268.924	-1329.305	2251.694	0.000	0.000	0.000	-290.887	-633.360	2271.481	-290.887	-991.204	2271.481	-290.887	-1327.810	2271.481	0.000	0.000	0.000	
00256	3	0.000	0.000	0.000	-199.325	-218.192	2297.904	-261.099	-303.863	2292.588	-254.553	-591.594	2317.129	-326.588	-629.535	2161.687	-259.457	-376.048	2298.745	-109.917	-334.124	2329.414	-109.917	-574.717	2329.414	-109.917	-794.346	2329.414	-109.917	-884.144	2329.414	0.000	0.000	0.000	-259.457	-376.048	2298.745	-217.743	-418.311	2393.334	-343.751	-230.787	2476.050	-282.273	-245.088	2265.686	-257.138	-250.935	2179.676	0.000	0.000	0.000	-227.460	-653.128	2280.427	-227.460	-1012.635	2280.427	-227.460	-1350.806	2280.427	0.000	0.000	0.000	-252.160	-651.152	2301.383	-252.160	-1010.660	2301.383	-252.160	-1348.831	2301.383	0.000	0.000	0.000	
00257	3	0.000	0.000	0.000	-234.174	-193.440	2314.365	-249.002	-290.323	2271.172	-282.164	-577.836	2314.157	-263.551	-662.548	2159.006	-257.322	-362.454	2281.956	-93.821	-335.487	2285.538	-93.821	-579.195	2285.538	-93.821	-801.670	2285.538	-93.821	-892.632	2285.538	0.000	0.000	0.000	-257.322	-362.454	2281.956	-217.374	-404.782	2381.744	-346.633	-222.074	2478.198	-292.003	-239.716	2263.256	-269.667	-246.929	2175.375	0.000	0.000	0.000	-198.486	-661.466	2299.430	-198.486	-1025.634	2299.430	-198.486	-1368.188	2299.430	0.000	0.000	0.000	-225.292	-658.665	2321.089	-225.292	-1022.832	2321.089	-225.292	-1365.386	2321.089	0.000	0.000	0.000	
00258	3	0.000	0.000	0.000	-232.153	-176.733	2318.389	-249.001	-269.906	2266.382	-264.322	-562.115	2304.834	-267.033	-663.406	2156.928	-252.845	-343.215	2276.029	-101.917	-334.643	2273.144	-101.917	-580.458	2273.144	-101.917	-804.858	2273.144	-101.917	-896.607	2273.144	0.000	0.000	0.000	-252.845	-343.215	2276.029	-211.407	-390.677	2365.736	-346.052	-217.954	2477.371	-289.611	-232.919	2260.700	-266.534	-239.038	2172.112	0.000	0.000	0.000	-193.653	-655.229	2298.515	-193.653	-1022.547	2298.515	-193.653	-1368.065	2298.515	0.000	0.000	0.000	-220.311	-651.637	2319.830	-220.311	-1018.955	2319.830	-220.311	-1364.473	2319.830	0.000	0.000	0.000	
00259	3	0.000	0.000	0.000	-210.590	-153.941	2314.612	-244.978	-237.070	2250.817	-251.661	-535.373	2292.831	-266.602	-653.626	2153.906	-246.654	-311.908	2261.357	-114.911	-327.851	2273.165	-114.911	-578.822	2273.165	-114.911	-807.933	2273.165	-114.911	-901.608	2273.165	0.000	0.000	0.000	-246.654	-311.908	2261.357	-194.215	-359.768	2340.405	-343.629	-209.756	2475.159	-281.746	-197.392	2254.910	-256.445	-192.336	2164.859	0.000	0.000	0.000	-190.563	-645.171	2288.850	-190.563	-1020.199	2288.850	-190.563	-1372.970	2288.850	0.000	0.000	0.000	-216.500	-640.650	2308.927	-216.500	-1015.678	2308.927	-216.500	-1368.449	2308.927	0.000	0.000	0.000	
00260	3	0.000	0.000	0.000	-198.078	-153.030	2305.335	-244.861	-229.703	2239.133	-313.372	-513.562	2326.747	-264.506	-608.532	2175.440	-262.049	-300.917	2261.114	-97.504	-286.609	2198.244	-97.504	-540.536	2198.244	-97.504	-772.345	2198.244	-97.504	-867.124	2198.244	0.000	0.000	0.000	-262.049	-300.917	2261.114	-206.784	-345.195	2347.927	-355.977	-193.620	2486.655	-284.908	-195.563	2266.017	-255.850	-196.357	2175.806	0.000	0.000	0.000	-200.723	-642.706	2264.795	-200.723	-1022.152	2264.795	-200.723	-1379.078	2264.795	0.000	0.000	0.000	-225.409	-638.776	2282.744	-225.409	-1018.222	2282.744	-225.409	-1375.148	2282.744	0.000	0.000	0.000	
00261	3	0.000	0.000	0.000	-173.726	-153.808	2285.727	-234.212	-229.110	2227.155	-304.750	-516.320	2315.448	-261.472	-606.705	2156.978	-251.908	-301.165	2249.306	-117.686	-205.081	2111.198	-117.686	-462.150	2111.198	-117.686	-696.828	2111.198	-117.686	-792.779	2111.198	0.000	0.000	0.000	-251.908	-301.165	2249.306	-186.046	-344.176	2336.889	-343.539	-195.139	2474.979	-273.368	-194.467	2251.037	-244.678	-194.192	2159.476	0.000	0.000	0.000	-198.804	-642.741	2246.567	-198.804	-1026.883	2246.567	-198.804	-1388.226	2246.567	0.000	0.000	0.000	-222.693	-638.917	2262.491	-222.693	-1023.059	2262.491	-222.693	-1384.402	2262.491	0.000	0.000	0.000	
00262	3	0.000	0.000	0.000	-134.096	-136.533	2206.573	-172.327	-252.838	2201.627	-96.204	-531.007	2371.680	-131.731	-706.460	2275.137	-153.230	-322.625	2244.290	-176.604	-128.572	2068.859	-176.604	-407.426	2068.859	-176.604	-661.992	2068.859	-176.604	-766.075	2068.859	0.000	0.000	0.000	-153.230	-322.625	2244.290	-123.700	-337.329	2355.199	-123.700	-616.182	2355.199	-123.700	-870.749	2355.199	-123.700	-974.832	2355.199	0.000	0.000	0.000	-7.647	-651.760	2342.000	-7.647	-1068.457	2342.000	-7.647	-1460.423	2342.000	0.000	0.000	0.000	-104.067	-691.369	2415.222	-104.067	-1108.065	2415.222	-104.067	-1500.031	2415.222	0.000	0.000	0.000	
00264	3	0.000	0.000	0.000	-145.401	-145.862	2198.064	-117.732	-230.156	2221.287	-125.075	-451.189	2339.150	-104.440	-588.350	2276.403	-119.574	-285.608	2250.856	-20.956	-307.317	2304.750	-72.263	-296.261	2102.733	50.315	-330.849	2244.459	74.831	-337.766	2272.804	0.000	0.000	0.000	-119.574	-285.608	2250.856	-180.697	-308.788	2331.459	-180.697	-517.511	2331.459	-180.697	-708.058	2331.459	-180.697	-785.965	2331.459	0.000	0.000	0.000	0.000	0.000	0.000	0.000	-311.902	0.000	0.000	-605.293	0.000	0.000	0.000	0.000	0.000	0.000	0.000	0.000	-311.902	0.000	0.000	-605.293	0.000	0.000	0.000	0.000	
00265	3	0.000	0.000	0.000	-147.973	-138.823	2187.576	-124.489	-221.213	2220.372	-73.405	-415.486	2370.323	-54.862	-530.254	2271.967	-111.673	-269.952	2257.991	-7.007	-257.513	2305.059	-91.682	-217.507	2118.458	31.500	-324.303	2217.197	56.136	-345.662	2236.945	0.000	0.000	0.000	-111.673	-269.952	2257.991	-253.959	-229.356	2294.285	-253.959	-438.139	2294.285	-253.959	-628.740	2294.285	-253.959	-706.669	2294.285	0.000	0.000	0.000	-28.490	-593.860	2266.953	-28.490	-905.851	2266.953	-28.490	-1199.326	2266.953	0.000	0.000	0.000	-105.187	-582.623	2322.757	-105.187	-894.615	2322.757	-105.187	-1188.089	2322.757	0.000	0.000	0.000	
00266	3	0.000	0.000	0.000	-149.883	-129.444	2183.181	-131.713	-209.393	2224.747	-46.572	-360.864	2406.137	-40.941	-447.777	2280.841	-110.353	-247.394	2270.254	-0.640	-224.690	2291.129	-96.590	-167.759	2114.149	14.026	-306.200	2185.392	59.253	-362.804	2214.521	0.000	0.000	0.000	-110.353	-247.394	2270.254	-259.790	-188.362	2295.276	-259.790	-397.573	2295.276	-259.790	-588.564	2295.276	-259.790	-666.653	2295.276	0.000	0.000	0.000	7.729	-498.077	2255.290	7.729	-810.708	2255.290	7.729	-1104.784	2255.290	0.000	0.000	0.000	-86.677	-505.795	2337.701	-86.677	-818.426	2337.701	-86.677	-1112.502	2337.701	0.000	0.000	0.000	
00267	3	0.000	0.000	0.000	-146.211	-101.619	2180.551	-139.407	-179.793	2230.119	-123.996	-296.211	2454.917	-108.355	-381.217	2327.371	-135.540	-209.000	2286.516	4.572	-175.053	2218.861	-104.011	-120.940	2041.295	-66.305	-275.874	2149.751	-50.889	-339.220	2194.095	0.000	0.000	0.000	-135.540	-209.000	2286.516	-268.968	-144.021	2283.158	-268.968	-359.075	2283.158	-268.968	-551.919	2283.158	-268.968	-630.765	2283.158	0.000	0.000	0.000	-18.123	-391.890	2319.583	-18.123	-707.553	2319.583	-18.123	-1004.481	2319.583	0.000	0.000	0.000	-105.036	-459.928	2375.863	-105.036	-775.591	2375.863	-105.036	-1072.520	2375.863	0.000	0.000	0.000	
00268	3	0.000	0.000	0.000	-142.899	-90.250	2179.943	-141.013	-168.971	2230.692	-174.300	-310.379	2441.469	-130.682	-394.900	2318.434	-149.364	-204.448	2283.572	2.011	-151.233	2208.304	-92.187	-91.014	2019.483	-101.182	-245.193	2137.949	-104.859	-308.231	2186.385	0.000	0.000	0.000	-149.364	-204.448	2283.572	-252.874	-76.114	2219.024	-252.874	-295.552	2219.024	-252.874	-490.196	2219.024	-252.874	-569.779	2219.024	0.000	0.000	0.000	-48.253	-422.554	2333.475	-48.253	-741.163	2333.475	-48.253	-1040.864	2333.475	0.000	0.000	0.000	-156.156	-465.408	2376.361	-156.156	-784.018	2376.361	-156.156	-1083.718	2376.361	0.000	0.000	0.000	
00269	3	0.000	0.000	0.000	-142.419	-80.099	2180.887	-141.748	-160.914	2230.936	-244.339	-303.043	2422.637	-171.747	-393.798	2315.889	-167.486	-196.571	2279.030	1.804	-134.756	2211.201	-79.045	-66.002	2013.110	-90.891	-220.413	2135.695	-95.734	-283.545	2185.815	0.000	0.000	0.000	-167.486	-196.571	2279.030	-246.044	-60.635	2203.594	-246.044	-285.366	2203.594	-246.044	-482.875	2203.594	-246.044	-563.629	2203.594	0.000	0.000	0.000	-109.564	-437.167	2356.312	-109.564	-760.468	2356.312	-109.564	-1064.580	2356.312	0.000	0.000	0.000	-247.692	-443.714	2358.509	-247.692	-767.014	2358.509	-247.692	-1071.127	2358.509	0.000	0.000	0.000	
00270	3	0.000	0.000	0.000	-141.641	-41.981	2169.418	-142.267	-125.222	2221.705	-210.930	-310.588	2403.587	-165.633	-422.404	2293.705	-159.493	-171.726	2267.335	-3.268	-87.735	2189.658	133.656	-260.011	2253.349	-47.331	-201.117	2179.244	-121.330	-177.037	2148.945	0.000	0.000	0.000	-159.493	-171.726	2267.335	-288.802	-109.057	2226.053	-288.802	-338.150	2226.053	-288.802	-542.396	2226.053	-288.802	-625.905	2226.053	0.000	0.000	0.000	-101.290	-436.898	2358.096	-101.290	-771.226	2358.096	-101.290	-1085.711	2358.096	0.000	0.000	0.000	-226.987	-467.679	2357.001	-226.987	-802.007	2357.001	-226.987	-1116.492	2357.001	0.000	0.000	0.000	
00271	3	0.000	0.000	0.000	-141.834	-21.958	2167.538	-142.444	-106.778	2219.478	-200.615	-272.067	2427.239	-150.452	-392.068	2325.531	-157.038	-148.246	2271.601	2.223	-82.857	2194.723	142.276	-251.935	2265.445	-20.674	-178.428	2161.761	-87.298	-148.374	2119.368	0.000	0.000	0.000	-157.038	-148.246	2271.601	-280.068	-50.447	2219.758	-280.068	-281.107	2219.758	-280.068	-487.763	2219.758	-280.068	-572.256	2219.758	0.000	0.000	0.000	-76.390	-384.565	2391.083	-76.390	-722.837	2391.083	-76.390	-1041.032	2391.083	0.000	0.000	0.000	-202.034	-426.661	2413.919	-202.034	-764.932	2413.919	-202.034	-1083.127	2413.919	0.000	0.000	0.000	
00272	3	0.000	0.000	0.000	-147.649	84.358	2150.756	-143.307	3.536	2211.391	-187.960	-174.336	2418.121	-141.846	-318.412	2345.326	-154.510	-41.088	2263.255	-1.760	-5.998	2165.157	119.903	-180.045	2260.841	-0.435	-70.094	2128.244	-49.636	-25.139	2074.030	0.000	0.000	0.000	-154.510	-41.088	2263.255	-288.978	13.845	2242.017	-288.978	-219.070	2242.017	-288.978	-429.195	2242.017	-288.978	-515.107	2242.017	0.000	0.000	0.000	-58.005	-281.740	2381.716	-58.005	-625.690	2381.716	-58.005	-949.226	2381.716	0.000	0.000	0.000	-242.590	-309.469	2334.593	-242.590	-653.419	2334.593	-242.590	-976.956	2334.593	0.000	0.000	0.000	
00273	3	0.000	0.000	0.000	-150.798	136.214	2136.048	-144.366	57.480	2200.137	-177.512	-135.117	2397.814	-144.893	-295.743	2357.186	-152.681	9.161	2249.730	-0.435	21.645	2180.074	105.699	-169.550	2262.558	3.858	-38.462	2131.729	-37.781	15.135	2078.238	0.000	0.000	0.000	-152.681	9.161	2249.730	-286.569	16.777	2223.034	-286.569	-216.940	2223.034	-286.569	-428.298	2223.034	-286.569	-514.714	2223.034	0.000	0.000	0.000	-58.321	-262.864	2386.146	-58.321	-608.832	2386.146	-58.321	-934.267	2386.146	0.000	0.000	0.000	-249.262	-260.128	2344.848	-249.262	-606.096	2344.848	-249.262	-931.531	2344.848	0.000	0.000	0.000	
00274	3	0.000	0.000	0.000	-152.571	177.209	2118.901	-145.342	101.150	2186.779	-167.631	-97.307	2381.993	-149.826	-265.399	2367.502	-150.934	51.361	2235.754	-7.171	44.429	2171.223	91.915	-148.357	2260.323	-8.906	-13.446	2131.002	-50.128	41.714	2078.128	0.000	0.000	0.000	-150.934	51.361	2235.754	-279.397	36.148	2205.604	-397.314	-163.184	2241.458	-397.314	-375.527	2241.458	-397.314	-462.346	2241.458	0.000	0.000	0.000	-59.017	-245.074	2388.231	-59.017	-592.655	2388.231	-59.017	-919.608	2388.231	0.000	0.000	0.000	-251.527	-232.380	2362.024	-251.527	-579.961	2362.024	-251.527	-906.913	2362.024	0.000	0.000	0.000	
00275	3	0.000	0.000	0.000	-154.448	227.008	2087.109	-146.467	157.354	2162.403	-130.583	-33.489	2368.223	-123.192	-201.166	2370.957	-142.482	109.476	2214.039	-14.458	80.112	2167.496	70.595	-118.471	2260.694	-17.482	22.504	2123.468	-53.193	79.665	2067.828	0.000	0.000	0.000	-142.482	109.476	2214.039	-275.449	79.394	2188.943	-374.227	-129.049	2235.307	-374.227	-344.601	2235.307	-374.227	-432.000	2235.307	0.000	0.000	0.000	-26.664	-203.520	2386.446	-26.664	-553.422	2386.446	-26.664	-882.556	2386.446	0.000	0.000	0.000	-219.159	-198.297	2346.517	-219.159	-548.198	2346.517	-219.159	-877.333	2346.517	0.000	0.000	0.000	
00276	3	0.000	0.000	0.000	-154.587	244.938	2078.591	-146.660	172.708	2151.765	-140.673	-13.743	2362.971	-137.213	-179.525	2366.025	-145.158	125.932	2204.752	-8.928	105.897	2166.040	55.332	-105.882	2246.842	3.389	58.148	2116.762	-17.708	124.768	2063.931	0.000	0.000	0.000	-145.158	125.932	2204.752	-277.831	94.670	2170.256	-387.770	-103.721	2234.001	-387.770	-319.417	2234.001	-387.770	-407.021	2234.001	0.000	0.000	0.000	-40.227	-192.530	2381.143	-40.227	-543.254	2381.143	-40.227	-873.163	2381.143	0.000	0.000	0.000	-231.240	-192.402	2337.289	-231.240	-543.126	2337.289	-231.240	-873.035	2337.289	0.000	0.000	0.000	
00277	3	0.000	0.000	0.000	-158.004	284.227	2072.585	-155.500	201.790	2135.067	-173.033	18.434	2349.582	-177.169	-146.386	2364.067	-159.899	155.790	2188.884	-10.798	150.896	2159.303	61.669	-69.444	2206.155	-8.302	108.926	2106.646	-36.790	181.544	2066.134	0.000	0.000	0.000	-159.899	155.790	2188.884	-289.140	127.658	2162.657	-404.844	-68.538	2226.812	-404.844	-284.440	2226.812	-404.844	-372.339	2226.812	0.000	0.000	0.000	-88.677	-198.875	2391.817	-88.677	-550.780	2391.817	-88.677	-881.800	2391.817	0.000	0.000	0.000	-257.432	-209.063	2401.358	-257.432	-560.969	2401.358	-257.432	-891.989	2401.358	0.000	0.000	0.000	
00278	3	0.000	0.000	0.000	-159.014	300.174	2072.317	-157.881	216.012	2132.708	-174.274	29.586	2342.446	-181.163	-134.283	2375.082	-162.023	168.911	2185.699	-11.162	170.143	2160.182	56.413	-50.852	2211.323	-16.308	123.745	2107.053	-45.940	194.889	2064.566	0.000	0.000	0.000	-162.023	168.911	2185.699	-297.252	151.780	2161.606	-394.509	-53.148	2229.178	-394.509	-269.122	2229.178	-394.509	-357.126	2229.178	0.000	0.000	0.000	-93.774	-197.112	2415.796	-93.774	-549.436	2415.796	-93.774	-880.849	2415.796	0.000	0.000	0.000	-264.510	-210.410	2414.575	-264.510	-562.733	2414.575	-264.510	-894.146	2414.575	0.000	0.000	0.000	
00279	3	0.000	0.000	0.000	-160.154	315.542	2072.335	-160.512	230.537	2131.714	-177.209	43.861	2339.347	-185.863	-122.066	2367.721	-164.755	183.095	2184.482	-12.858	186.971	2161.997	53.647	-34.992	2210.466	-25.677	131.923	2098.589	-58.022	199.983	2052.971	0.000	0.000	0.000	-164.755	183.095	2184.482	-298.847	159.200	2151.494	-400.833	-38.495	2232.461	-400.833	-254.526	2232.461	-400.833	-342.613	2232.461	0.000	0.000	0.000	-86.767	-147.748	2356.107	-86.767	-500.406	2356.107	-86.767	-832.134	2356.107	0.000	0.000	0.000	-272.579	-184.309	2337.551	-272.579	-536.967	2337.551	-272.579	-868.695	2337.551	0.000	0.000	0.000	
00280	3	0.000	0.000	0.000	-163.739	357.710	2067.150	-169.208	271.119	2124.189	-186.453	77.185	2324.907	-193.099	-89.671	2353.462	-173.597	221.752	2175.283	-26.697	219.968	2163.852	35.754	-2.418	2215.933	-19.717	163.463	2089.000	-42.357	231.168	2037.192	0.000	0.000	0.000	-173.597	221.752	2175.283	-300.666	189.044	2146.127	-405.011	-4.980	2232.931	-414.106	-220.701	2223.600	-415.925	-263.846	2221.733	0.000	0.000	0.000	-101.510	-146.578	2378.268	-101.510	-499.718	2378.268	-101.510	-831.899	2378.268	0.000	0.000	0.000	-288.291	-142.669	2376.187	-288.291	-495.808	2376.187	-288.291	-827.990	2376.187	0.000	0.000	0.000	
00281	3	0.000	0.000	0.000	-165.522	374.452	2064.506	-173.026	288.651	2122.589	-189.792	90.244	2320.222	-195.006	-76.719	2349.031	-177.282	238.284	2172.759	-35.288	234.657	2172.910	33.636	15.458	2230.176	-13.472	177.524	2095.145	-32.706	243.695	2040.012	0.000	0.000	0.000	-177.282	238.284	2172.759	-299.026	198.423	2142.644	-401.286	2.659	2228.068	-413.059	-213.093	2222.509	-415.413	-256.243	2221.397	0.000	0.000	0.000	-105.410	-140.093	2372.887	-105.410	-493.404	2372.887	-105.410	-825.746	2372.887	0.000	0.000	0.000	-289.068	-137.255	2360.876	-289.068	-490.566	2360.876	-289.068	-822.908	2360.876	0.000	0.000	0.000	
00282	3	0.000	0.000	0.000	-167.904	398.618	2061.344	-177.620	313.509	2120.242	-194.819	107.790	2314.301	-195.786	-58.661	2345.915	-181.946	261.763	2169.055	-48.869	257.825	2193.075	30.818	44.752	2258.972	-14.718	196.531	2111.913	-23.825	226.886	2082.501	0.000	0.000	0.000	-181.946	261.763	2169.055	-307.083	225.815	2143.289	-400.816	19.370	2211.755	-418.339	-195.960	2219.660	-421.844	-239.026	2221.241	0.000	0.000	0.000	-106.588	-120.321	2377.237	-106.588	-473.879	2377.237	-106.588	-806.454	2377.237	0.000	0.000	0.000	-289.458	-117.523	2361.370	-289.458	-471.081	2361.370	-289.458	-803.656	2361.370	0.000	0.000	0.000	
00283	3	0.000	0.000	0.000	-168.586	407.456	2059.549	-178.624	323.545	2120.132	-195.283	114.370	2313.468	-195.789	-51.912	2346.578	-182.786	271.285	2168.435	-50.134	267.000	2195.917	24.943	56.409	2274.104	-18.092	203.878	2121.970	-35.675	264.129	2059.813	0.000	0.000	0.000	-182.786	271.285	2168.435	-305.604	229.740	2143.095	-400.722	26.465	2218.790	-422.701	-188.617	2218.535	-427.097	-231.633	2218.484	0.000	0.000	0.000	-108.711	-124.218	2379.741	-108.711	-477.864	2379.741	-108.711	-810.521	2379.741	0.000	0.000	0.000	-285.332	-126.472	2364.293	-285.332	-480.118	2364.293	-285.332	-812.776	2364.293	0.000	0.000	0.000	
00284	3	0.000	0.000	0.000	-169.003	419.768	2071.442	-178.990	333.270	2128.348	-186.881	119.207	2324.541	-186.771	-47.340	2359.006	-180.928	280.718	2176.512	-54.430	278.088	2218.427	30.993	61.209	2260.518	-35.590	227.686	2139.667	-62.802	295.721	2090.279	0.000	0.000	0.000	-180.928	280.718	2176.512	-302.306	230.586	2158.741	-403.752	27.527	2226.427	-421.747	-187.946	2225.830	-425.346	-231.040	2225.710	0.000	0.000	0.000	-99.153	-128.552	2390.986	-99.153	-482.324	2390.986	-99.153	-815.101	2390.986	0.000	0.000	0.000	-274.137	-130.174	2388.722	-274.137	-483.947	2388.722	-274.137	-816.724	2388.722	0.000	0.000	0.000	
00285	3	0.000	0.000	0.000	-168.357	425.673	2085.397	-178.748	335.550	2136.316	-179.723	119.455	2333.124	-178.087	-47.237	2368.784	-178.986	282.822	2184.338	-54.238	277.836	2228.870	34.631	63.318	2275.695	-21.543	233.968	2155.365	-44.502	303.715	2106.184	0.000	0.000	0.000	-178.986	282.822	2184.338	-301.241	232.225	2177.781	-401.888	25.459	2234.584	-406.757	-190.397	2246.351	-407.730	-233.569	2248.704	0.000	0.000	0.000	-89.709	-129.644	2399.919	-89.709	-483.462	2399.919	-89.709	-816.282	2399.919	0.000	0.000	0.000	-266.346	-132.203	2390.278	-266.346	-486.021	2390.278	-266.346	-818.840	2390.278	0.000	0.000	0.000	
00286	3	0.000	0.000	0.000	-164.355	430.723	2101.744	-176.298	336.897	2145.093	-167.182	119.845	2343.118	-163.929	-46.830	2380.996	-174.086	284.230	2193.143	-46.315	278.116	2232.696	40.877	63.789	2293.501	2.113	236.116	2168.761	-13.731	306.553	2117.774	0.000	0.000	0.000	-174.086	284.230	2193.143	-298.124	230.527	2188.323	-394.838	18.932	2244.088	-392.257	-196.759	2259.253	-391.741	-239.897	2262.286	0.000	0.000	0.000	-75.573	-128.862	2415.556	-75.573	-482.717	2415.556	-75.573	-815.571	2415.556	0.000	0.000	0.000	-250.643	-135.457	2397.991	-250.643	-489.312	2397.991	-250.643	-822.166	2397.991	0.000	0.000	0.000	
00287	3	0.000	0.000	0.000	-141.363	436.121	2136.962	-162.143	340.187	2171.504	-142.933	125.397	2370.893	-138.506	-42.332	2409.990	-157.477	288.015	2219.935	-24.893	281.758	2251.968	75.729	71.059	2300.081	14.495	248.579	2192.819	-10.536	321.144	2148.974	0.000	0.000	0.000	-157.477	288.015	2219.935	-284.540	234.208	2221.642	-369.847	14.250	2255.914	-371.787	-200.142	2284.211	-372.175	-243.020	2289.871	0.000	0.000	0.000	-49.509	-131.121	2449.912	-49.509	-485.031	2449.912	-49.509	-817.936	2449.912	0.000	0.000	0.000	-225.885	-137.993	2428.478	-225.885	-491.903	2428.478	-225.885	-824.808	2428.478	0.000	0.000	0.000	
00288	3	0.000	0.000	0.000	-127.796	438.824	2150.631	-152.114	344.586	2187.477	-132.825	126.823	2380.821	-129.805	-41.868	2419.421	-147.399	291.354	2234.740	-15.818	287.710	2270.038	94.641	80.914	2317.462	10.577	238.190	2193.425	-23.635	302.197	2142.946	0.000	0.000	0.000	-147.399	291.354	2234.740	-281.095	242.449	2226.971	-359.805	19.404	2262.617	-384.528	-191.921	2306.415	-389.473	-234.186	2315.174	0.000	0.000	0.000	-41.676	-135.097	2458.350	-41.676	-489.027	2458.350	-41.676	-821.952	2458.350	0.000	0.000	0.000	-218.180	-139.427	2429.480	-218.180	-493.358	2429.480	-218.180	-826.283	2429.480	0.000	0.000	0.000	
00289	2	0.000	0.000	0.000	-113.339	442.881	2159.611	-140.612	351.768	2201.864	-118.576	131.285	2389.519	-114.537	-38.917	2429.023	-135.197	297.593	2247.973	-0.860	306.596	2283.856	106.373	93.603	2332.887	-0.392	230.373	2202.501	-43.882	286.086	2149.389	0.000	0.000	0.000	-135.197	297.593	2247.973	-267.375	249.710	2244.402	-352.744	32.074	2312.337	-341.073	-184.393	2322.894	-338.739	-227.686	2325.005	0.000	0.000	0.000	-26.740	-137.434	2474.911	-26.740	-491.383	2474.911	-26.740	-824.325	2474.911	0.000	0.000	0.000	-198.662	-150.285	2440.573	-198.662	-504.234	2440.573	-198.662	-837.176	2440.573	0.000	0.000	0.000	
00290	2	0.000	0.000	0.000	-90.407	453.820	2185.131	-116.861	363.156	2228.871	-96.405	141.560	2412.060	-88.945	-30.814	2451.678	-111.797	308.301	2274.219	25.334	306.061	2300.754	129.987	91.961	2366.124	21.312	221.542	2230.526	-23.016	274.397	2175.217	0.000	0.000	0.000	-111.797	308.301	2274.219	-244.486	253.671	2248.138	-323.672	29.728	2316.279	-341.316	-185.710	2332.517	-344.845	-228.797	2335.765	0.000	0.000	0.000	-2.066	-131.776	2498.973	-2.066	-485.757	2498.973	-2.066	-818.730	2498.973	0.000	0.000	0.000	-175.835	-134.857	2465.423	-175.835	-488.838	2465.423	-175.835	-821.810	2465.423	0.000	0.000	0.000	
00291	2	0.000	0.000	0.000	-81.180	457.402	2201.126	-107.592	366.038	2243.422	-90.330	144.810	2426.201	-81.825	-28.372	2463.469	-103.307	311.128	2288.789	32.249	304.932	2316.929	131.157	89.877	2390.228	55.589	225.288	2236.678	24.970	280.153	2174.463	0.000	0.000	0.000	-103.307	311.128	2288.789	-235.786	257.366	2264.617	-314.057	29.736	2323.455	-318.377	-188.381	2328.969	-319.240	-232.005	2330.072	0.000	0.000	0.000	8.069	-127.537	2498.316	8.069	-481.534	2498.316	8.069	-814.521	2498.316	0.000	0.000	0.000	-162.670	-138.442	2467.207	-162.670	-492.440	2467.207	-162.670	-825.427	2467.207	0.000	0.000	0.000	
00292	2	0.000	0.000	0.000	-70.608	462.407	2215.617	-97.011	369.956	2255.499	-74.118	147.184	2434.811	-62.930	-25.890	2469.466	-91.317	314.545	2300.100	48.550	317.709	2325.327	141.099	98.936	2387.827	56.078	233.834	2239.118	21.598	288.542	2178.809	0.000	0.000	0.000	-91.317	314.545	2300.100	-218.517	256.207	2288.529	-293.708	25.993	2329.531	-201.927	-171.717	2334.778	-164.704	-251.899	2336.906	0.000	0.000	0.000	28.409	-120.280	2498.342	28.409	-474.294	2498.342	28.409	-807.298	2498.342	0.000	0.000	0.000	-136.936	-138.512	2465.095	-136.936	-492.526	2465.095	-136.936	-825.530	2465.095	0.000	0.000	0.000	
00293	2	0.000	0.000	0.000	-48.210	474.353	2238.411	-72.240	379.437	2273.783	-59.905	155.225	2450.974	-53.576	-17.186	2486.033	-69.162	323.495	2317.992	60.793	303.102	2345.203	60.793	59.198	2345.203	60.793	-162.406	2345.203	60.793	-250.844	2345.203	0.000	0.000	0.000	-69.162	323.495	2317.992	-199.790	268.977	2286.237	-286.381	48.559	2344.608	-294.382	-167.680	2392.412	-297.574	-253.976	2411.490	0.000	0.000	0.000	30.268	-133.889	2523.205	30.268	-487.949	2523.205	30.268	-820.996	2523.205	0.000	0.000	0.000	-140.440	-125.173	2488.346	-140.440	-479.233	2488.346	-140.440	-812.280	2488.346	0.000	0.000	0.000	
00294	2	0.000	0.000	0.000	-37.837	475.328	2246.183	-63.905	381.761	2283.678	-57.088	157.687	2460.890	-52.857	-15.034	2497.570	-62.202	325.792	2327.942	76.884	326.262	2355.027	76.884	83.723	2355.027	76.884	-136.846	2355.027	76.884	-225.294	2355.027	0.000	0.000	0.000	-62.202	325.792	2327.942	-192.319	274.561	2286.855	-267.291	61.453	2375.112	-289.310	-156.888	2397.318	-298.139	-244.443	2406.223	0.000	0.000	0.000	38.120	-124.004	2532.445	38.120	-478.106	2532.445	38.120	-811.193	2532.445	0.000	0.000	0.000	-139.758	-129.707	2505.262	-139.758	-483.809	2505.262	-139.758	-816.896	2505.262	0.000	0.000	0.000	
00295	2	0.000	0.000	0.000	-14.252	483.624	2250.000	-40.930	394.346	2296.566	-40.347	170.215	2473.328	-39.493	-3.119	2511.145	-40.784	338.274	2340.787	95.757	330.235	2367.272	95.757	84.766	2367.272	95.757	-134.380	2367.272	95.757	-222.870	2367.272	0.000	0.000	0.000	-40.784	338.274	2340.787	-164.754	283.070	2287.726	-246.726	69.057	2375.669	-270.976	-141.974	2429.547	-280.768	-227.187	2451.302	0.000	0.000	0.000	51.915	-107.151	2540.145	51.915	-461.423	2540.145	51.915	-794.669	2540.145	0.000	0.000	0.000	-127.667	-115.059	2524.661	-127.667	-469.331	2524.661	-127.667	-802.577	2524.661	0.000	0.000	0.000	
00296	2	0.000	0.000	0.000	-8.488	484.819	2251.300	-31.164	396.732	2302.182	-29.805	172.611	2478.942	-29.951	-0.835	2519.124	-30.824	340.631	2346.427	101.475	334.734	2383.386	101.475	86.590	2383.386	101.475	-132.130	2383.386	101.475	-220.669	2383.386	0.000	0.000	0.000	-30.824	340.631	2346.427	-156.168	286.192	2288.551	-241.926	75.850	2388.439	-269.126	-137.222	2429.655	-274.566	-179.837	2437.898	0.000	0.000	0.000	57.608	-111.176	2560.842	57.608	-465.640	2560.842	57.608	-799.067	2560.842	0.000	0.000	0.000	-115.696	-121.682	2534.669	-115.696	-476.146	2534.669	-115.696	-809.573	2534.669	0.000	0.000	0.000	
00297	2	0.000	0.000	0.000	-1.965	485.937	2255.221	-17.844	399.580	2311.855	-20.868	178.299	2492.902	-24.748	3.751	2536.283	-18.602	344.145	2357.211	114.648	325.630	2385.288	203.665	102.798	2433.762	203.665	-115.684	2433.762	203.665	-204.444	2433.762	0.000	0.000	0.000	-18.602	344.145	2357.211	-147.168	292.500	2296.869	-234.734	92.458	2407.517	-258.092	-123.800	2428.038	-262.763	-167.052	2432.142	0.000	0.000	0.000	64.523	-116.406	2571.294	64.523	-471.760	2571.294	64.523	-806.024	2571.294	0.000	0.000	0.000	-119.231	-114.317	2544.375	-119.231	-469.671	2544.375	-119.231	-803.934	2544.375	0.000	0.000	0.000	
