03019	3	0.000	0.000	0.000	102.981	117.155	2564.988	91.340	44.260	2513.284	81.271	-186.832	2597.820	85.137	-329.003	2551.397	88.814	-13.716	2534.492	214.052	7.257	2584.663	300.166	-80.574	2420.516	212.237	84.415	2409.937	194.652	117.412	2407.821	0.000	0.000	0.000	88.814	-13.716	2534.492	-53.636	34.224	2533.376	-60.976	-170.547	2523.928	-7.515	6.140	2492.490	3.177	41.478	2486.203	0.000	0.000	0.000	57.134	-360.625	2632.558	57.134	-667.141	2632.558	57.134	-955.466	2632.558	0.000	0.000	0.000	-5.297	-349.438	2557.012	-5.297	-655.954	2557.012	-5.297	-944.279	2557.012	0.000	0.000	0.000	
03020	3	0.000	0.000	0.000	85.405	164.529	2455.384	89.879	85.000	2497.544	-2.207	-18.489	2701.164	37.495	-99.088	2581.538	66.777	59.037	2548.628	214.858	140.154	2444.058	283.122	-52.017	2466.067	163.913	76.023	2399.288	140.072	101.631	2385.932	0.000	0.000	0.000	66.777	59.037	2548.628	-38.206	153.330	2518.704	-59.380	-50.680	2516.300	-59.380	-237.936	2516.300	-59.380	-314.498	2516.300	0.000	0.000	0.000	129.498	-112.895	2567.242	129.498	-419.411	2567.242	129.498	-707.736	2567.242	0.000	0.000	0.000	-46.583	-131.083	2575.916	-46.583	-437.599	2575.916	-46.583	-725.924	2575.916	0.000	0.000	0.000	
03021	3	0.000	0.000	0.000	69.203	220.349	2433.125	21.149	211.792	2487.634	8.538	297.301	2664.554	24.192	156.978	2609.872	59.299	181.705	2526.995	109.586	243.149	2380.084	131.062	47.519	2446.130	56.735	193.054	2350.159	41.870	222.161	2330.965	0.000	0.000	0.000	59.299	181.705	2526.995	-64.013	183.179	2483.423	-15.510	-11.234	2429.150	-15.510	-200.747	2429.150	-15.510	-278.232	2429.150	0.000	0.000	0.000	92.655	23.847	2562.014	92.655	-286.364	2562.014	92.655	-578.165	2562.014	0.000	0.000	0.000	1.078	9.006	2551.073	1.078	-301.206	2551.073	1.078	-593.006	2551.073	0.000	0.000	0.000	
03022	3	0.000	0.000	0.000	62.333	256.406	2421.722	68.442	177.819	2472.275	36.181	164.266	2725.757	50.630	65.373	2606.696	60.348	174.419	2535.868	98.911	279.836	2369.181	115.747	74.973	2425.484	48.850	230.686	2329.913	35.471	261.828	2310.799	0.000	0.000	0.000	60.348	174.419	2535.868	-69.901	138.816	2508.392	-49.558	-73.244	2502.105	-49.558	-267.808	2502.105	-49.558	-347.358	2502.105	0.000	0.000	0.000	122.526	-18.541	2557.021	122.526	-337.021	2557.021	122.526	-636.599	2557.021	0.000	0.000	0.000	-0.677	-25.781	2543.439	-0.677	-344.260	2543.439	-0.677	-643.838	2543.439	0.000	0.000	0.000	
03025	3	0.000	0.000	0.000	48.888	308.018	2382.173	67.790	212.283	2412.183	132.604	-34.557	2535.724	158.613	-201.816	2544.126	83.789	151.351	2442.679	207.590	93.279	2463.028	327.731	-104.192	2439.307	114.290	-74.313	2475.222	71.602	-68.337	2482.405	0.000	0.000	0.000	83.789	151.351	2442.679	-54.373	104.470	2510.894	-69.170	-125.509	2540.591	1.239	61.653	2452.541	15.321	99.086	2434.931	0.000	0.000	0.000	277.772	-350.067	2591.110	277.772	-697.290	2591.110	277.772	-1023.906	2591.110	0.000	0.000	0.000	98.868	-391.920	2582.417	98.868	-739.143	2582.417	98.868	-1065.759	2582.417	0.000	0.000	0.000	
03026	3	0.000	0.000	0.000	72.448	351.408	2378.321	67.114	256.773	2416.228	139.622	26.747	2558.257	125.453	-133.592	2611.250	85.244	199.258	2451.740	232.504	167.564	2432.624	290.244	-56.772	2450.557	74.233	-83.758	2456.663	31.031	-89.156	2457.884	0.000	0.000	0.000	85.244	199.258	2451.740	-54.709	160.298	2523.153	-122.179	-58.512	2562.544	-104.566	130.404	2455.648	-101.044	168.188	2434.269	0.000	0.000	0.000	217.088	-150.244	2580.390	217.088	-497.437	2580.390	217.088	-824.024	2580.390	0.000	0.000	0.000	68.181	-168.235	2568.251	68.181	-515.428	2568.251	68.181	-842.015	2568.251	0.000	0.000	0.000	
03027	3	0.000	0.000	0.000	77.061	372.766	2377.313	67.989	279.169	2417.010	127.654	58.141	2577.637	111.035	-106.139	2615.660	82.918	223.867	2457.199	230.158	185.871	2426.965	284.565	-38.758	2450.386	75.234	-94.062	2443.866	-8.562	-116.200	2441.256	0.000	0.000	0.000	82.918	223.867	2457.199	-72.539	211.932	2521.093	-102.577	-4.129	2600.983	-159.396	112.055	2427.220	-170.760	135.292	2392.467	0.000	0.000	0.000	207.512	-90.286	2543.364	207.512	-437.431	2543.364	207.512	-763.972	2543.364	0.000	0.000	0.000	13.209	-92.959	2570.065	13.209	-440.103	2570.065	13.209	-766.645	2570.065	0.000	0.000	0.000	
03028	3	0.000	0.000	0.000	74.162	406.231	2367.918	68.815	315.563	2414.329	91.635	95.802	2585.015	101.797	-69.667	2597.387	74.530	260.525	2457.077	213.894	206.487	2449.596	288.744	-13.191	2444.395	288.744	-228.015	2444.395	288.744	-314.662	2444.395	0.000	0.000	0.000	74.530	260.525	2457.077	-75.822	216.164	2472.545	-113.306	13.424	2579.219	-209.774	161.621	2457.232	-248.683	221.394	2408.030	0.000	0.000	0.000	180.448	-164.830	2556.283	180.448	-511.720	2556.283	180.448	-838.023	2556.283	0.000	0.000	0.000	22.758	-160.463	2557.560	22.758	-507.354	2557.560	22.758	-833.656	2557.560	0.000	0.000	0.000	
03029	3	0.000	0.000	0.000	73.387	422.749	2357.062	68.938	334.129	2407.236	63.774	121.809	2588.057	73.729	-47.073	2593.297	67.645	280.936	2452.537	215.984	228.688	2445.969	281.492	6.130	2446.227	281.492	-207.987	2446.227	281.492	-294.581	2446.227	0.000	0.000	0.000	67.645	280.936	2452.537	-68.760	233.378	2478.855	-138.783	25.290	2553.817	-220.975	195.282	2452.858	-254.216	264.032	2412.027	0.000	0.000	0.000	156.711	-146.495	2550.848	156.711	-493.178	2550.848	156.711	-819.285	2550.848	0.000	0.000	0.000	-24.178	-129.731	2590.592	-24.178	-476.414	2590.592	-24.178	-802.521	2590.592	0.000	0.000	0.000	
03030	3	0.000	0.000	0.000	73.203	435.866	2341.477	69.055	351.159	2397.940	58.520	142.502	2582.430	62.020	-29.542	2582.697	66.415	298.869	2444.174	219.306	253.658	2442.606	278.988	29.592	2446.460	278.988	-183.958	2446.460	278.988	-270.511	2446.460	0.000	0.000	0.000	66.415	298.869	2444.174	-70.124	260.113	2478.044	-139.848	46.002	2533.517	-139.848	-167.548	2533.517	-139.848	-254.101	2533.517	0.000	0.000	0.000	164.136	-80.379	2548.781	164.136	-426.896	2548.781	164.136	-752.846	2548.781	0.000	0.000	0.000	-7.074	-128.181	2531.568	-7.074	-474.697	2531.568	-7.074	-800.648	2531.568	0.000	0.000	0.000	
03031	3	0.000	0.000	0.000	74.750	455.027	2323.751	75.219	368.582	2377.586	88.498	149.641	2544.874	90.082	-19.809	2558.875	78.579	313.171	2419.925	236.321	291.604	2415.550	290.602	68.480	2447.141	177.816	226.571	2360.175	131.960	290.848	2324.816	0.000	0.000	0.000	78.579	313.171	2419.925	-67.118	284.139	2454.595	-144.339	74.538	2516.507	-144.339	-138.246	2516.507	-144.339	-224.758	2516.507	0.000	0.000	0.000	197.252	-64.408	2550.887	197.252	-410.764	2550.887	197.252	-736.563	2550.887	0.000	0.000	0.000	-9.591	-99.507	2559.156	-9.591	-445.862	2559.156	-9.591	-771.662	2559.156	0.000	0.000	0.000	
03032	3	0.000	0.000	0.000	75.698	465.119	2323.503	78.524	375.281	2371.373	94.062	152.494	2538.295	98.224	-13.669	2558.126	82.415	319.497	2413.168	232.126	287.941	2415.086	296.712	65.411	2420.779	196.500	243.477	2362.277	155.710	315.955	2338.465	0.000	0.000	0.000	82.415	319.497	2413.168	-61.487	287.878	2448.120	-136.668	90.742	2544.081	-136.668	-121.796	2544.081	-136.668	-208.306	2544.081	0.000	0.000	0.000	203.567	-69.935	2574.068	203.567	-416.279	2574.068	203.567	-742.067	2574.068	0.000	0.000	0.000	-5.731	-65.622	2568.390	-5.731	-411.966	2568.390	-5.731	-737.754	2568.390	0.000	0.000	0.000	
03033	3	0.000	0.000	0.000	77.338	487.792	2325.702	81.855	394.485	2366.313	101.884	169.464	2537.760	115.490	6.520	2557.768	86.787	339.078	2408.529	232.427	307.798	2415.987	291.876	84.268	2400.168	175.647	258.390	2365.193	128.262	329.377	2350.934	0.000	0.000	0.000	86.787	339.078	2408.529	-58.476	310.329	2442.988	-144.863	110.226	2522.021	-144.863	-102.025	2522.021	-144.863	-188.558	2522.021	0.000	0.000	0.000	218.544	-48.936	2536.872	218.544	-395.370	2536.872	218.544	-721.245	2536.872	0.000	0.000	0.000	18.994	-47.680	2538.901	18.994	-394.115	2538.901	18.994	-719.989	2538.901	0.000	0.000	0.000	
03034	3	0.000	0.000	0.000	74.729	497.172	2326.835	82.184	404.689	2368.944	102.229	182.802	2542.849	118.459	17.860	2558.651	87.138	349.849	2411.925	232.497	317.880	2413.078	288.845	91.906	2405.318	189.618	267.926	2340.538	149.141	339.729	2314.113	0.000	0.000	0.000	87.138	349.849	2411.925	-59.976	319.688	2437.084	-139.864	119.178	2524.909	-139.864	-93.014	2524.909	-139.864	-179.572	2524.909	0.000	0.000	0.000	220.969	-46.387	2541.867	220.969	-392.924	2541.867	220.969	-718.893	2541.867	0.000	0.000	0.000	23.071	-40.091	2546.158	23.071	-386.627	2546.158	23.071	-712.597	2546.158	0.000	0.000	0.000	
03035	3	0.000	0.000	0.000	72.040	506.391	2327.636	82.284	415.566	2372.760	98.187	196.945	2546.218	114.201	27.846	2559.219	86.260	360.912	2416.123	230.428	339.002	2430.844	293.237	114.079	2390.345	212.205	281.748	2288.654	179.135	350.175	2247.153	0.000	0.000	0.000	86.260	360.912	2416.123	-59.549	319.650	2415.957	-135.196	128.559	2534.012	-135.196	-83.620	2534.012	-135.196	-170.213	2534.012	0.000	0.000	0.000	217.778	-36.380	2553.673	217.778	-383.055	2553.673	217.778	-709.155	2553.673	0.000	0.000	0.000	20.766	-27.131	2541.785	20.766	-373.806	2541.785	20.766	-699.906	2541.785	0.000	0.000	0.000	
03036	3	0.000	0.000	0.000	67.277	517.476	2329.069	80.679	431.556	2382.468	98.195	209.009	2544.656	111.906	39.992	2558.405	85.120	375.133	2423.587	220.262	340.173	2422.007	270.192	105.342	2397.103	186.331	295.073	2340.076	152.540	371.526	2317.096	0.000	0.000	0.000	85.120	375.133	2423.587	-53.802	330.404	2415.338	-132.941	130.140	2524.380	-132.941	-84.994	2524.380	-132.941	-171.683	2524.380	0.000	0.000	0.000	211.952	-33.677	2552.230	211.952	-380.737	2552.230	211.952	-707.199	2552.230	0.000	0.000	0.000	22.684	-27.237	2537.623	22.684	-374.297	2537.623	22.684	-700.759	2537.623	0.000	0.000	0.000	
03037	3	0.000	0.000	0.000	66.359	519.167	2329.417	79.833	435.244	2386.015	97.895	208.052	2543.565	110.842	36.493	2558.375	84.397	377.838	2425.824	219.517	340.529	2403.182	267.637	102.879	2407.810	168.440	286.211	2356.530	128.353	360.299	2335.807	0.000	0.000	0.000	84.397	377.838	2425.824	-55.547	337.633	2416.368	-134.956	129.689	2512.636	-134.956	-84.974	2512.636	-134.956	-171.724	2512.636	0.000	0.000	0.000	209.922	-29.181	2554.325	209.922	-376.486	2554.325	209.922	-703.180	2554.325	0.000	0.000	0.000	22.071	-20.369	2536.963	22.071	-367.675	2536.963	22.071	-694.368	2536.963	0.000	0.000	0.000	
03038	3	0.000	0.000	0.000	65.172	520.474	2329.996	78.133	438.763	2390.155	97.652	201.903	2543.425	109.702	29.107	2558.846	82.974	380.027	2428.162	215.121	343.598	2394.319	273.588	109.526	2408.681	183.119	294.253	2349.151	146.405	369.219	2324.992	0.000	0.000	0.000	82.974	380.027	2428.162	-53.382	339.249	2415.455	-137.514	126.337	2492.945	-137.514	-87.795	2492.945	-137.514	-174.695	2492.945	0.000	0.000	0.000	205.601	-40.622	2558.155	205.601	-388.525	2558.155	205.601	-715.780	2558.155	0.000	0.000	0.000	24.293	-43.958	2538.278	24.293	-391.861	2538.278	24.293	-719.117	2538.278	0.000	0.000	0.000	
03039	2	0.000	0.000	0.000	67.240	519.951	2327.373	77.329	439.280	2389.816	97.102	198.603	2544.840	108.760	25.749	2559.295	82.172	380.339	2427.781	212.960	345.434	2392.784	93.424	486.896	2237.417	-1.836	648.878	2135.003	-40.599	714.791	2093.330	0.000	0.000	0.000	82.172	380.339	2427.781	-53.570	339.647	2402.078	-136.300	128.058	2484.690	-136.300	-85.955	2484.690	-136.300	-173.040	2484.690	0.000	0.000	0.000	207.074	-25.085	2562.402	207.074	-373.731	2562.402	207.074	-701.686	2562.402	0.000	0.000	0.000	20.410	-25.362	2534.868	20.410	-374.008	2534.868	20.410	-701.963	2534.868	0.000	0.000	0.000	
03040	2	0.000	0.000	0.000	84.004	514.703	2318.938	75.572	439.438	2388.668	73.316	208.387	2550.134	70.911	30.849	2548.416	75.007	381.591	2429.094	212.447	349.734	2390.913	298.621	125.648	2437.317	298.621	-88.771	2437.317	298.621	-176.225	2437.317	0.000	0.000	0.000	75.007	381.591	2429.094	-53.571	339.018	2383.707	-133.610	127.638	2477.010	-70.109	-72.572	2520.131	-44.209	-154.231	2537.718	0.000	0.000	0.000	156.196	-18.674	2549.092	156.196	-368.799	2549.092	156.196	-698.145	2549.092	0.000	0.000	0.000	-20.322	9.209	2518.321	-20.322	-340.917	2518.321	-20.322	-670.262	2518.321	0.000	0.000	0.000	
03041	2	0.000	0.000	0.000	94.491	512.535	2308.490	79.880	439.318	2379.947	130.475	206.340	2529.074	141.780	29.234	2542.434	92.627	380.621	2417.519	223.003	359.175	2377.116	303.071	133.615	2420.195	303.071	-83.403	2420.195	303.071	-171.197	2420.195	0.000	0.000	0.000	92.627	380.621	2417.519	-43.978	333.522	2399.475	-131.359	121.407	2480.194	-50.180	-79.341	2494.586	-17.339	-160.552	2500.408	0.000	0.000	0.000	235.129	-31.574	2552.169	235.129	-383.056	2552.169	235.129	-713.678	2552.169	0.000	0.000	0.000	70.067	-62.022	2535.152	70.067	-413.505	2535.152	70.067	-744.127	2535.152	0.000	0.000	0.000	
03042	2	0.000	0.000	0.000	97.673	512.473	2303.565	86.194	439.066	2375.734	137.904	201.566	2521.787	151.304	25.129	2539.423	99.143	379.594	2412.308	227.552	354.919	2376.506	308.639	128.486	2420.697	308.639	-88.559	2420.697	308.639	-176.550	2420.697	0.000	0.000	0.000	99.143	379.594	2412.308	-41.928	335.890	2377.365	-125.723	128.604	2476.413	-59.908	-78.117	2482.978	-33.226	-161.923	2485.639	0.000	0.000	0.000	248.844	-40.140	2548.892	248.844	-392.415	2548.892	248.844	-723.784	2548.892	0.000	0.000	0.000	57.124	-16.153	2525.651	57.124	-368.429	2525.651	57.124	-699.798	2525.651	0.000	0.000	0.000	
03043	2	0.000	0.000	0.000	100.530	514.896	2298.448	90.042	438.817	2368.330	130.851	201.145	2519.466	141.694	24.352	2536.590	100.249	379.370	2406.132	232.265	354.968	2375.228	312.583	128.384	2418.890	312.583	-88.824	2418.890	312.583	-177.032	2418.890	0.000	0.000	0.000	100.249	379.370	2406.132	-39.288	337.424	2385.629	-122.609	126.849	2477.353	-82.466	-85.369	2500.410	-66.164	-171.550	2509.773	0.000	0.000	0.000	236.974	-34.134	2512.512	236.974	-387.277	2512.512	236.974	-719.462	2512.512	0.000	0.000	0.000	47.053	-20.932	2519.244	47.053	-374.076	2519.244	47.053	-706.260	2519.244	0.000	0.000	0.000	
03044	2	0.000	0.000	0.000	112.906	523.235	2287.397	104.167	438.511	2347.777	128.954	204.333	2506.223	126.420	27.079	2508.760	110.417	379.458	2387.733	246.650	359.983	2373.155	322.073	129.684	2421.167	322.073	-88.180	2421.167	322.073	-176.873	2421.167	0.000	0.000	0.000	110.417	379.458	2387.733	-14.817	329.069	2379.045	-87.407	114.194	2476.975	-114.699	-99.052	2512.280	-125.809	-185.864	2526.653	0.000	0.000	0.000	214.500	-19.594	2484.063	214.500	-374.677	2484.063	214.500	-708.685	2484.063	0.000	0.000	0.000	40.669	-25.034	2484.031	40.669	-380.116	2484.031	40.669	-714.124	2484.031	0.000	0.000	0.000	
03045	2	0.000	0.000	0.000	122.293	528.592	2282.212	114.926	438.427	2334.953	146.556	203.178	2492.648	144.455	26.124	2493.986	122.894	379.165	2374.678	255.326	362.371	2370.596	330.808	137.416	2435.017	330.808	-80.909	2435.017	330.808	-169.867	2435.017	0.000	0.000	0.000	122.894	379.165	2374.678	8.894	326.812	2390.329	-70.938	108.035	2469.167	-113.234	-104.986	2491.506	-130.468	-191.782	2500.608	0.000	0.000	0.000	244.460	20.461	2492.212	244.460	-335.683	2492.212	244.460	-670.690	2492.212	0.000	0.000	0.000	47.903	2.719	2508.944	47.903	-353.425	2508.944	47.903	-688.431	2508.944	0.000	0.000	0.000	
03046	2	0.000	0.000	0.000	223.781	514.197	2218.851	216.841	422.750	2265.167	262.872	195.831	2441.813	267.031	35.569	2366.549	228.394	365.796	2309.503	348.409	321.870	2302.890	406.305	85.525	2294.478	406.305	-136.093	2294.478	406.305	-226.670	2294.478	0.000	0.000	0.000	228.394	365.796	2309.503	137.139	314.869	2369.662	179.245	87.073	2294.711	179.245	-134.545	2294.711	179.245	-225.122	2294.711	0.000	0.000	0.000	361.979	100.127	2442.604	361.979	-262.499	2442.604	361.979	-603.604	2442.604	0.000	0.000	0.000	164.083	88.366	2377.583	164.083	-274.261	2377.583	164.083	-615.365	2377.583	0.000	0.000	0.000	
03047	2	0.000	0.000	0.000	165.711	469.802	2075.562	217.611	412.048	2127.256	175.765	231.706	2302.426	225.448	111.624	2230.305	207.113	366.804	2171.202	227.180	300.491	2236.033	227.180	85.266	2236.033	227.180	-108.529	2236.033	227.180	-187.764	2236.033	0.000	0.000	0.000	207.113	366.804	2171.202	94.757	345.225	2196.615	94.757	130.000	2196.615	94.757	-63.795	2196.615	94.757	-143.030	2196.615	0.000	0.000	0.000	311.876	119.771	2233.025	311.876	-197.447	2233.025	311.876	-495.838	2233.025	0.000	0.000	0.000	120.716	125.122	2236.771	120.716	-192.096	2236.771	120.716	-490.487	2236.771	0.000	0.000	0.000	
03048	2	0.000	0.000	0.000	122.706	446.734	2039.825	192.041	398.803	2076.452	150.857	189.878	2216.457	193.756	56.234	2171.235	181.709	346.388	2111.576	130.000	375.799	1936.366	130.000	162.031	1936.366	130.000	-31.745	1936.366	130.000	-110.973	1936.366	0.000	0.000	0.000	181.709	346.388	2111.576	88.776	293.034	2122.836	88.776	79.265	2122.836	88.776	-114.511	2122.836	88.776	-193.738	2122.836	0.000	0.000	0.000	277.849	35.109	2183.828	277.849	-282.078	2183.828	277.849	-580.441	2183.828	0.000	0.000	0.000	107.071	49.295	2221.393	107.071	-267.893	2221.393	107.071	-566.255	2221.393	0.000	0.000	0.000	
03049	2	0.000	0.000	0.000	112.371	441.055	2033.243	181.232	386.727	2059.028	148.076	174.667	2196.598	183.860	38.340	2157.492	172.914	333.526	2093.541	216.406	280.227	2165.494	216.406	66.683	2165.494	216.406	-127.163	2165.494	216.406	-206.419	2165.494	0.000	0.000	0.000	172.914	333.526	2093.541	85.448	277.604	2112.245	85.448	64.060	2112.245	85.448	-129.786	2112.245	85.448	-209.042	2112.245	0.000	0.000	0.000	264.313	1.912	2177.877	264.313	-315.391	2177.877	264.313	-613.862	2177.877	0.000	0.000	0.000	124.020	14.156	2229.380	124.020	-303.147	2229.380	124.020	-601.618	2229.380	0.000	0.000	0.000	
03050	2	0.000	0.000	0.000	106.347	441.557	2024.665	169.301	376.668	2039.828	145.518	167.360	2183.525	175.985	26.842	2148.341	163.334	324.157	2075.879	213.243	256.199	2125.795	213.243	42.847	2125.795	213.243	-151.043	2125.795	213.243	-230.317	2125.795	0.000	0.000	0.000	163.334	324.157	2075.879	72.081	270.705	2095.991	72.081	57.354	2095.991	72.081	-136.537	2095.991	72.081	-215.811	2095.991	0.000	0.000	0.000	246.133	-20.504	2168.269	246.133	-337.879	2168.269	246.133	-636.418	2168.269	0.000	0.000	0.000	139.997	-25.324	2213.847	139.997	-342.699	2213.847	139.997	-641.239	2213.847	0.000	0.000	0.000	
03051	2	0.000	0.000	0.000	97.705	443.503	2011.812	154.754	370.557	2018.343	126.827	173.402	2177.675	159.998	38.331	2131.586	147.748	321.095	2058.316	203.002	255.959	2106.086	203.002	42.781	2106.086	203.002	-151.128	2106.086	203.002	-230.409	2106.086	0.000	0.000	0.000	147.748	321.095	2058.316	60.294	275.698	2090.721	60.294	62.520	2090.721	60.294	-131.388	2090.721	60.294	-210.670	2090.721	0.000	0.000	0.000	232.098	0.600	2156.889	232.098	-316.805	2156.889	232.098	-615.372	2156.889	0.000	0.000	0.000	144.366	9.936	2220.970	144.366	-307.469	2220.970	144.366	-606.036	2220.970	0.000	0.000	0.000	
03052	2	0.000	0.000	0.000	63.109	454.567	1985.383	116.162	378.161	1987.396	81.131	208.614	2174.580	84.634	60.880	2192.027	107.374	335.625	2034.356	92.645	319.548	2123.207	92.645	106.689	2123.207	92.645	-87.181	2123.207	92.645	-166.447	2123.207	0.000	0.000	0.000	107.374	335.625	2034.356	91.733	260.180	2076.373	91.733	47.321	2076.373	91.733	-146.549	2076.373	91.733	-225.815	2076.373	0.000	0.000	0.000	126.190	-284.594	2202.790	126.190	-601.937	2202.790	126.190	-900.445	2202.790	0.000	0.000	0.000	54.444	-280.898	2253.440	54.444	-598.241	2253.440	54.444	-896.749	2253.440	0.000	0.000	0.000	
03053	2	0.000	0.000	0.000	49.970	453.686	1974.874	105.300	378.664	1980.854	66.399	170.204	2122.292	60.277	27.764	2168.829	95.541	326.366	2016.338	36.746	284.434	2072.095	36.746	71.735	2072.095	36.746	-122.078	2072.095	36.746	-201.321	2072.095	0.000	0.000	0.000	95.541	326.366	2016.338	81.350	260.796	2067.095	81.350	48.098	2067.095	81.350	-145.716	2067.095	81.350	-224.959	2067.095	0.000	0.000	0.000	77.981	-514.467	2280.856	77.981	-831.718	2280.856	77.981	-1130.140	2280.856	0.000	0.000	0.000	-25.151	-504.904	2311.799	-25.151	-822.154	2311.799	-25.151	-1120.576	2311.799	0.000	0.000	0.000	
03054	2	0.000	0.000	0.000	35.659	447.214	1963.648	85.516	369.731	1963.797	57.745	148.461	2087.036	44.436	10.218	2147.979	78.549	314.219	1994.715	71.267	237.237	2031.895	71.267	24.769	2031.895	71.267	-168.964	2031.895	71.267	-248.174	2031.895	0.000	0.000	0.000	78.549	314.219	1994.715	14.831	255.298	2029.400	14.831	42.830	2029.400	14.831	-150.903	2029.400	14.831	-230.113	2029.400	0.000	0.000	0.000	52.015	-547.700	2320.033	52.015	-864.819	2320.033	52.015	-1163.117	2320.033	0.000	0.000	0.000	-36.706	-566.550	2332.179	-36.706	-883.669	2332.179	-36.706	-1181.966	2332.179	0.000	0.000	0.000	
03055	2	0.000	0.000	0.000	32.159	439.641	1954.823	80.304	362.227	1954.590	39.438	149.990	2089.447	20.432	14.148	2155.560	70.052	308.981	1988.423	73.895	228.168	2021.244	73.895	15.781	2021.244	73.895	-177.925	2021.244	73.895	-257.124	2021.244	0.000	0.000	0.000	70.052	308.981	1988.423	9.647	248.400	2021.721	9.647	36.013	2021.721	9.647	-157.693	2021.721	9.647	-236.892	2021.721	0.000	0.000	0.000	34.657	-394.887	2278.283	34.657	-711.961	2278.283	34.657	-1010.216	2278.283	0.000	0.000	0.000	-92.260	-408.108	2290.485	-92.260	-725.182	2290.485	-92.260	-1023.437	2290.485	0.000	0.000	0.000	
03056	2	0.000	0.000	0.000	28.800	433.644	1943.979	76.010	356.173	1942.254	40.215	145.498	2080.899	25.303	8.440	2146.665	67.030	303.319	1977.037	52.289	224.752	2010.637	52.289	12.428	2010.637	52.289	-181.258	2010.637	52.289	-260.448	2010.637	0.000	0.000	0.000	67.030	303.319	1977.037	11.404	247.538	2023.093	11.404	35.214	2023.093	11.404	-158.472	2023.093	11.404	-237.662	2023.093	0.000	0.000	0.000	75.353	-347.216	2276.335	75.353	-664.256	2276.335	75.353	-962.481	2276.335	0.000	0.000	0.000	-65.083	-375.885	2263.510	-65.083	-692.925	2263.510	-65.083	-991.150	2263.510	0.000	0.000	0.000	
03057	2	0.000	0.000	0.000	6.488	438.206	1926.304	61.164	350.853	1917.063	12.262	121.428	2084.792	4.596	-38.219	2153.333	48.896	293.296	1959.142	46.857	213.000	2005.327	46.857	-27.289	2005.327	46.857	-246.557	2005.327	46.857	-336.208	2005.327	0.000	0.000	0.000	48.896	293.296	1959.142	-30.424	249.647	2008.538	-30.424	9.358	2008.538	-30.424	-209.910	2008.538	-30.424	-299.560	2008.538	0.000	0.000	0.000	84.671	-317.407	2232.926	84.671	-676.323	2232.926	84.671	-1013.938	2232.926	0.000	0.000	0.000	-103.652	-312.408	2247.094	-103.652	-671.324	2247.094	-103.652	-1008.939	2247.094	0.000	0.000	0.000	
03058	2	0.000	0.000	0.000	-19.105	415.070	1936.339	58.057	335.461	1910.958	10.609	81.935	2092.320	2.266	-95.646	2160.835	46.153	271.857	1956.457	76.486	195.032	2010.444	76.486	-67.667	2010.444	76.486	-307.413	2010.444	76.486	-405.436	2010.444	0.000	0.000	0.000	46.153	271.857	1956.457	-36.605	230.859	2011.231	-36.605	-31.840	2011.231	-36.605	-271.586	2011.231	-36.605	-369.609	2011.231	0.000	0.000	0.000	92.776	-327.340	2261.965	92.776	-719.776	2261.965	92.776	-1088.920	2261.965	0.000	0.000	0.000	-112.913	-298.919	2253.507	-112.913	-691.355	2253.507	-112.913	-1060.500	2253.507	0.000	0.000	0.000	
03059	2	0.000	0.000	0.000	-46.538	379.459	1946.738	47.499	309.746	1912.547	-1.500	39.091	2102.303	-8.164	-153.264	2169.358	35.107	241.297	1960.536	48.092	146.492	1990.644	48.092	-134.136	1990.644	48.092	-390.263	1990.644	48.092	-494.984	1990.644	0.000	0.000	0.000	35.107	241.297	1960.536	-25.185	178.621	2013.911	-25.185	-102.007	2013.911	-25.185	-358.134	2013.911	-25.185	-462.855	2013.911	0.000	0.000	0.000	73.618	-330.641	2298.061	169.675	-538.943	1947.127	120.345	-751.630	2275.544	0.000	0.000	0.000	-114.757	-370.180	2245.934	-114.757	-789.431	2245.934	-114.757	-1183.800	2245.934	0.000	0.000	0.000	
03060	2	0.000	0.000	0.000	-37.222	359.622	1924.188	-3.806	247.129	1932.661	-0.147	-37.879	2087.718	-6.936	-223.074	2152.126	-2.890	175.772	1971.482	4.819	89.461	2020.346	4.819	-180.287	2020.346	4.819	-426.503	2020.346	4.819	-527.172	2020.346	0.000	0.000	0.000	-2.890	175.772	1971.482	-67.769	108.014	2028.463	-67.769	-161.734	2028.463	-67.769	-407.951	2028.463	-67.769	-508.619	2028.463	0.000	0.000	0.000	70.491	-507.146	2214.669	191.442	-887.316	2157.461	191.442	-1266.425	2157.461	0.000	0.000	0.000	-78.669	-527.109	2218.593	-78.669	-930.137	2218.593	-78.669	-1309.246	2218.593	0.000	0.000	0.000	
03061	2	0.000	0.000	0.000	-27.461	337.479	1911.238	-32.558	225.352	1936.740	-16.896	-47.294	2097.518	-14.165	-228.221	2161.055	-28.635	157.065	1977.009	10.779	68.926	2013.679	10.779	-194.618	2013.679	10.779	-435.179	2013.679	10.779	-533.536	2013.679	0.000	0.000	0.000	-28.635	157.065	1977.009	-137.679	128.583	2045.608	-137.679	-134.961	2045.608	-137.679	-375.522	2045.608	-137.679	-473.878	2045.608	0.000	0.000	0.000	89.615	-465.183	2223.472	137.957	-852.618	2172.357	137.957	-1223.019	2172.357	0.000	0.000	0.000	-101.192	-482.681	2236.427	-101.192	-876.452	2236.427	-101.192	-1246.853	2236.427	0.000	0.000	0.000	
03063	2	0.000	0.000	0.000	-56.906	34.502	2036.961	-76.856	-66.694	2092.909	54.267	-248.592	2322.109	-23.444	-326.679	2161.467	-43.960	-112.329	2150.410	73.166	10.209	2003.113	73.166	-256.853	2003.113	73.166	-500.657	2003.113	73.166	-600.339	2003.113	0.000	0.000	0.000	-43.960	-112.329	2150.410	-243.532	25.210	2108.929	-243.532	-241.852	2108.929	-243.532	-485.656	2108.929	-243.532	-585.338	2108.929	0.000	0.000	0.000	89.259	-315.282	2198.437	84.479	-713.658	2175.255	75.889	-1053.530	2334.422	0.000	0.000	0.000	-109.681	-315.667	2205.576	-109.681	-714.745	2205.576	-109.681	-1090.139	2205.576	0.000	0.000	0.000	
03064	2	0.000	0.000	0.000	-103.196	54.545	2068.370	-72.721	-55.616	2082.725	35.968	-289.923	2272.692	-27.968	-359.744	2102.471	-45.453	-114.399	2130.383	87.542	-157.316	2061.402	87.542	-424.362	2061.402	87.542	-668.151	2061.402	87.542	-767.828	2061.402	0.000	0.000	0.000	-45.453	-114.399	2130.383	-239.827	34.970	2101.474	-239.827	-232.076	2101.474	-239.827	-475.865	2101.474	-239.827	-575.542	2101.474	0.000	0.000	0.000	95.809	-357.175	2164.593	96.394	-756.209	2160.517	66.103	-1082.400	2343.780	0.000	0.000	0.000	-89.442	-368.201	2188.286	-89.442	-767.256	2188.286	-89.442	-1142.627	2188.286	0.000	0.000	0.000	
03066	2	0.000	0.000	0.000	-64.910	51.204	1980.336	-80.842	-52.672	2037.645	36.252	-262.468	2259.604	-17.555	-357.397	2093.539	-51.466	-105.305	2093.330	84.181	-101.590	1946.316	84.181	-374.025	1946.316	84.181	-622.733	1946.316	84.181	-724.421	1946.316	0.000	0.000	0.000	-51.466	-105.305	2093.330	-243.851	53.679	2046.818	-243.851	-218.756	2046.818	-243.851	-467.464	2046.818	-243.851	-569.151	2046.818	0.000	0.000	0.000	100.566	-339.371	2133.580	94.090	-745.940	2153.480	4.840	-1013.164	2412.851	0.000	0.000	0.000	-103.109	-357.378	2161.643	-103.109	-764.485	2161.643	-103.109	-1147.430	2161.643	0.000	0.000	0.000	
03067	2	0.000	0.000	0.000	-143.028	-40.052	1934.849	-72.043	-63.950	2028.507	56.782	-274.318	2243.310	-18.536	-322.582	2065.878	-39.724	-116.727	2082.397	90.372	-166.006	1994.267	90.372	-438.440	1994.267	90.372	-687.148	1994.267	90.372	-788.835	1994.267	0.000	0.000	0.000	-39.724	-116.727	2082.397	-226.381	44.834	1980.420	-226.381	-227.600	1980.420	-226.381	-476.308	1980.420	-226.381	-577.995	1980.420	0.000	0.000	0.000	108.662	-317.096	2117.505	98.310	-726.713	2144.272	75.011	-1069.218	2313.960	0.000	0.000	0.000	-91.253	-349.756	2117.670	-91.253	-760.377	2117.670	-91.253	-1143.322	2117.670	0.000	0.000	0.000	
03070	2	0.000	0.000	0.000	-99.411	19.299	1999.977	-81.166	-58.139	1997.311	-50.413	-135.132	2210.674	-49.334	-233.918	2122.914	-73.834	-76.494	2048.177	-15.837	-41.714	1909.368	-15.837	-222.886	1909.368	-15.837	-388.280	1909.368	-15.837	-455.903	1909.368	0.000	0.000	0.000	-73.834	-76.494	2048.177	-107.717	37.544	1948.203	-107.717	-143.628	1948.203	-107.717	-309.022	1948.203	-107.717	-376.645	1948.203	0.000	0.000	0.000	22.193	-268.371	2061.033	64.738	-534.955	2081.477	79.525	-775.745	2164.462	0.000	0.000	0.000	-126.051	-275.273	2079.738	-126.051	-546.003	2079.738	-126.051	-801.121	2079.738	0.000	0.000	0.000	
03072	2	0.000	0.000	0.000	-79.395	-3.930	1906.371	-96.285	-67.410	1947.977	-46.207	-198.878	2107.208	-47.312	-321.280	2066.250	-83.722	-100.393	1987.924	19.918	-81.013	1899.683	42.873	63.169	1799.669	17.077	-85.590	1857.168	11.917	-115.342	1868.668	0.000	0.000	0.000	-83.722	-100.393	1987.924	-203.709	-0.649	1952.828	-203.709	-177.618	1952.828	-203.709	-339.176	1952.828	-203.709	-405.230	1952.828	0.000	0.000	0.000	18.303	-370.416	2070.848	148.038	-575.074	1964.932	108.385	-780.656	2099.257	0.000	0.000	0.000	-119.456	-359.168	2061.074	-119.456	-623.619	2061.074	-119.456	-872.374	2061.074	0.000	0.000	0.000	
03073	2	0.000	0.000	0.000	-105.095	61.452	1936.049	-84.530	-12.527	1923.229	-75.755	-109.932	2112.136	-66.643	-234.383	2078.542	-82.328	-36.964	1970.622	20.487	-77.987	1905.480	20.487	-255.162	1905.480	20.487	-416.907	1905.480	20.487	-483.038	1905.480	0.000	0.000	0.000	-82.328	-36.964	1970.622	-143.660	87.232	1876.533	-143.660	-89.943	1876.533	-143.660	-251.688	1876.533	-143.660	-317.819	1876.533	0.000	0.000	0.000	5.555	-264.386	2038.697	76.384	-517.975	2010.909	99.077	-751.848	2093.440	0.000	0.000	0.000	-142.294	-254.009	2052.632	-142.294	-518.767	2052.632	-142.294	-767.811	2052.632	0.000	0.000	0.000	
03074	2	0.000	0.000	0.000	-116.206	54.719	1988.055	-83.876	33.983	1920.140	-91.475	-71.625	2105.196	-78.582	-197.820	2079.047	-85.783	7.488	1966.566	-17.537	-65.128	1881.625	-17.537	-242.704	1881.625	-17.537	-404.816	1881.625	-17.537	-471.097	1881.625	0.000	0.000	0.000	-85.783	7.488	1966.566	-169.759	107.215	1865.656	-169.759	-70.362	1865.656	-169.759	-232.473	1865.656	-169.759	-298.754	1865.656	0.000	0.000	0.000	-12.690	-250.990	2042.841	57.142	-505.288	2013.334	75.910	-738.287	2100.877	0.000	0.000	0.000	-142.750	-255.087	2053.164	-142.750	-520.445	2053.164	-142.750	-770.054	2053.164	0.000	0.000	0.000	
03075	2	0.000	0.000	0.000	-132.124	83.682	1986.945	-89.257	72.964	1919.729	-93.523	-108.530	2037.596	-93.275	-237.990	2060.617	-90.327	27.431	1949.300	-42.295	-44.839	1898.973	-42.295	-225.119	1898.973	-42.295	-389.698	1898.973	-42.295	-456.988	1898.973	0.000	0.000	0.000	-90.327	27.431	1949.300	-198.711	17.216	1957.489	-198.711	-163.064	1957.489	-198.711	-327.643	1957.489	-198.711	-394.934	1957.489	0.000	0.000	0.000	-21.302	-270.484	2026.244	75.218	-518.454	1958.041	40.936	-728.630	2096.636	0.000	0.000	0.000	-168.206	-300.636	2056.435	-168.206	-575.330	2056.435	-168.206	-829.412	2056.435	0.000	0.000	0.000	
03076	2	0.000	0.000	0.000	-82.207	160.922	1893.012	-92.997	82.147	1919.556	-84.941	-116.099	2029.656	-80.498	-252.082	2051.801	-90.976	32.411	1947.178	11.842	48.434	1851.002	11.842	-140.558	1851.002	11.842	-313.091	1851.002	11.842	-383.633	1851.002	0.000	0.000	0.000	-90.976	32.411	1947.178	-179.949	102.299	1825.425	-179.949	-86.692	1825.425	-179.949	-259.225	1825.425	-179.949	-329.767	1825.425	0.000	0.000	0.000	-2.062	-379.248	2046.286	57.356	-662.993	2030.943	70.503	-895.412	2165.835	0.000	0.000	0.000	-160.293	-361.106	2065.265	-160.293	-651.411	2065.265	-160.293	-920.460	2065.265	0.000	0.000	0.000	
03077	2	0.000	0.000	0.000	-69.028	145.339	1862.773	-93.708	83.990	1919.461	-68.843	-114.974	2044.472	-64.143	-257.943	2056.416	-87.470	34.074	1950.824	16.269	86.854	1844.618	16.269	-109.950	1844.618	16.269	-289.614	1844.618	16.269	-363.072	1844.618	0.000	0.000	0.000	-87.470	34.074	1950.824	-141.601	127.989	1803.379	-141.601	-68.815	1803.379	-141.601	-248.479	1803.379	-141.601	-321.937	1803.379	0.000	0.000	0.000	18.391	-323.659	2034.371	53.349	-627.026	2013.190	68.374	-874.084	2151.773	0.000	0.000	0.000	-146.188	-333.648	2059.029	-146.188	-639.757	2059.029	-146.188	-923.427	2059.029	0.000	0.000	0.000	
03078	2	0.000	0.000	0.000	-68.350	150.662	1847.269	-91.144	91.500	1913.000	-72.184	-116.490	2041.526	-63.590	-266.860	2055.033	-86.330	38.692	1945.633	-51.887	-15.100	1835.760	-51.887	-221.808	1835.760	-51.887	-410.514	1835.760	-51.887	-487.668	1835.760	0.000	0.000	0.000	-86.330	38.692	1945.633	-222.621	57.540	1933.771	-222.621	-149.167	1933.771	-222.621	-337.873	1933.771	-222.621	-415.028	1933.771	0.000	0.000	0.000	0.299	-392.528	2054.830	56.463	-703.905	2018.292	74.104	-942.463	2192.947	0.000	0.000	0.000	-127.303	-383.766	2073.357	-127.303	-702.271	2073.357	-127.303	-998.456	2073.357	0.000	0.000	0.000	
