00878	3	0.000	0.000	0.000	113.216	222.643	2326.287	110.806	160.525	2384.289	127.830	27.584	2578.105	128.011	-115.739	2582.661	115.042	127.446	2432.514	228.046	116.566	2388.064	320.683	-43.839	2453.636	358.181	12.640	2289.297	373.511	35.730	2222.110	0.000	0.000	0.000	115.042	127.446	2432.514	-0.061	123.896	2429.662	-0.061	-72.601	2429.662	-0.061	-250.375	2429.662	-0.061	-323.031	2429.662	0.000	0.000	0.000	213.652	-136.994	2585.781	213.652	-427.873	2585.781	213.652	-701.490	2585.781	0.000	0.000	0.000	58.154	-134.021	2533.557	58.154	-424.900	2533.557	58.154	-698.517	2533.557	0.000	0.000	0.000	
00879	3	0.000	0.000	0.000	119.983	239.233	2314.501	122.738	175.916	2372.776	147.540	40.539	2568.731	150.098	-100.795	2598.052	128.874	142.422	2421.258	240.672	131.350	2367.380	319.195	-30.200	2450.367	368.822	23.332	2286.267	389.112	45.218	2219.176	0.000	0.000	0.000	128.874	142.422	2421.258	12.666	117.726	2393.317	12.666	-80.140	2393.317	12.666	-259.743	2393.317	12.666	-333.157	2393.317	0.000	0.000	0.000	233.694	-170.142	2613.565	233.694	-464.058	2613.565	233.694	-740.530	2613.565	0.000	0.000	0.000	70.295	-174.665	2595.052	70.295	-468.581	2595.052	70.295	-745.053	2595.052	0.000	0.000	0.000	
00880	3	0.000	0.000	0.000	127.834	239.920	2310.782	131.092	173.792	2368.640	141.340	34.272	2568.219	142.037	-108.470	2603.995	133.632	139.205	2418.115	258.126	132.889	2383.567	329.794	-42.924	2455.884	348.599	35.476	2291.437	356.287	67.530	2224.203	0.000	0.000	0.000	133.632	139.205	2418.115	17.200	106.097	2390.537	17.200	-97.069	2390.537	17.200	-280.216	2390.537	17.200	-355.086	2390.537	0.000	0.000	0.000	221.275	-179.591	2586.619	221.275	-479.335	2586.619	221.275	-761.289	2586.619	0.000	0.000	0.000	59.416	-163.666	2590.150	59.416	-463.410	2590.150	59.416	-745.364	2590.150	0.000	0.000	0.000	
00881	3	0.000	0.000	0.000	130.633	244.033	2306.902	131.851	176.462	2365.020	134.463	38.671	2565.948	129.372	-105.562	2602.274	132.507	141.841	2415.505	261.181	134.826	2373.440	336.486	-44.660	2438.739	323.665	56.016	2283.386	318.423	97.177	2219.870	0.000	0.000	0.000	132.507	141.841	2415.505	7.266	121.975	2371.387	7.266	-83.330	2371.387	7.266	-268.895	2371.387	7.266	-344.756	2371.387	0.000	0.000	0.000	210.267	-162.834	2590.495	210.267	-466.545	2590.495	210.267	-752.231	2590.495	0.000	0.000	0.000	43.728	-169.015	2599.618	43.728	-472.726	2599.618	43.728	-758.412	2599.618	0.000	0.000	0.000	
00882	3	0.000	0.000	0.000	133.707	255.859	2300.728	132.108	185.433	2357.540	130.148	42.426	2559.365	124.589	-103.981	2599.081	131.616	149.513	2408.234	263.783	151.471	2361.735	342.633	-37.139	2417.279	275.340	64.593	2273.789	247.828	106.186	2215.122	0.000	0.000	0.000	131.616	149.513	2408.234	4.354	141.493	2373.588	-68.980	-50.894	2423.441	-68.980	-239.221	2423.441	-68.980	-316.213	2423.441	0.000	0.000	0.000	206.667	-174.146	2619.326	206.667	-482.385	2619.326	206.667	-772.330	2619.326	0.000	0.000	0.000	44.187	-189.090	2605.780	44.187	-497.329	2605.780	44.187	-787.274	2605.780	0.000	0.000	0.000	
00883	3	0.000	0.000	0.000	135.538	269.457	2294.455	132.351	194.636	2347.878	123.542	50.555	2552.272	117.256	-97.692	2596.971	130.128	158.282	2399.450	263.652	170.356	2377.279	345.826	-30.367	2403.754	271.046	71.710	2260.190	240.472	113.444	2201.493	0.000	0.000	0.000	130.128	158.282	2399.450	4.244	153.714	2372.539	-75.213	-46.913	2406.874	-75.213	-238.282	2406.874	-75.213	-316.520	2406.874	0.000	0.000	0.000	186.895	-191.489	2645.991	186.895	-504.715	2645.991	186.895	-799.351	2645.991	0.000	0.000	0.000	41.835	-196.381	2634.315	41.835	-509.607	2634.315	41.835	-804.243	2634.315	0.000	0.000	0.000	
00884	3	0.000	0.000	0.000	135.500	278.172	2292.080	132.412	199.960	2343.383	124.664	52.774	2551.207	119.700	-98.777	2592.695	130.459	162.862	2395.764	266.387	187.646	2367.521	333.749	-22.379	2392.967	261.700	85.038	2247.520	232.242	128.956	2188.053	0.000	0.000	0.000	130.459	162.862	2395.764	7.712	152.460	2373.004	-89.246	-43.926	2409.440	-89.246	-238.565	2409.440	-89.246	-318.141	2409.440	0.000	0.000	0.000	202.675	-151.702	2577.021	202.675	-470.284	2577.021	202.675	-769.959	2577.021	0.000	0.000	0.000	32.425	-142.869	2580.110	32.425	-461.451	2580.110	32.425	-761.125	2580.110	0.000	0.000	0.000	
00885	3	0.000	0.000	0.000	130.792	310.315	2278.402	132.484	226.690	2326.273	124.875	70.974	2544.599	120.613	-88.357	2581.500	130.609	188.320	2380.070	265.778	217.319	2354.988	321.878	-0.339	2367.445	316.460	-197.353	2331.403	315.377	-236.756	2324.195	0.000	0.000	0.000	130.609	188.320	2380.070	-1.410	213.696	2350.427	-84.482	13.145	2410.054	-84.482	-187.213	2410.054	-84.482	-269.128	2410.054	0.000	0.000	0.000	207.459	-144.261	2591.583	207.459	-472.211	2591.583	207.459	-780.696	2591.583	0.000	0.000	0.000	33.829	-143.372	2606.579	33.829	-471.322	2606.579	33.829	-779.807	2606.579	0.000	0.000	0.000	
00886	3	0.000	0.000	0.000	127.948	333.148	2270.390	132.219	247.306	2316.258	125.108	87.815	2534.196	120.646	-74.004	2572.631	130.460	207.859	2370.160	266.463	234.851	2337.406	322.591	13.203	2359.875	323.399	-174.423	2438.226	323.560	-211.948	2453.896	0.000	0.000	0.000	130.460	207.859	2370.160	2.556	218.542	2347.628	-92.529	18.391	2408.306	-92.529	-184.938	2408.306	-92.529	-267.736	2408.306	0.000	0.000	0.000	204.376	-139.980	2590.747	204.376	-471.461	2590.747	204.376	-783.268	2590.747	0.000	0.000	0.000	38.662	-142.437	2600.973	38.662	-473.918	2600.973	38.662	-785.725	2600.973	0.000	0.000	0.000	
00887	3	0.000	0.000	0.000	125.161	379.505	2254.728	131.686	289.091	2294.554	126.327	122.934	2511.207	123.551	-41.114	2555.528	130.354	247.780	2348.421	262.917	268.974	2326.856	322.796	47.194	2345.541	318.320	-147.652	2413.200	317.425	-186.621	2426.731	0.000	0.000	0.000	130.354	247.780	2348.421	5.137	254.500	2332.741	-81.584	52.277	2401.344	-81.584	-154.030	2401.344	-81.584	-238.166	2401.344	0.000	0.000	0.000	205.382	-123.904	2579.741	205.382	-460.742	2579.741	205.382	-777.590	2579.741	0.000	0.000	0.000	53.283	-134.780	2594.626	53.283	-471.619	2594.626	53.283	-788.466	2594.626	0.000	0.000	0.000	
00888	3	0.000	0.000	0.000	124.077	403.091	2248.271	131.417	310.867	2285.215	127.092	135.664	2496.147	126.277	-29.248	2544.165	130.340	267.226	2337.756	259.588	278.774	2322.314	325.077	57.443	2325.256	320.022	-130.029	2413.940	319.011	-167.523	2431.677	0.000	0.000	0.000	130.340	267.226	2337.756	5.197	269.503	2319.734	-80.846	71.267	2400.876	-80.846	-136.184	2400.876	-80.846	-220.831	2400.876	0.000	0.000	0.000	209.106	-123.014	2570.280	209.106	-461.898	2570.280	209.106	-780.670	2570.280	0.000	0.000	0.000	47.970	-125.844	2581.806	47.970	-464.729	2581.806	47.970	-783.500	2581.806	0.000	0.000	0.000	
00889	3	0.000	0.000	0.000	122.639	422.870	2243.557	131.036	329.604	2279.021	127.905	145.251	2483.377	128.684	-20.386	2537.734	130.255	283.617	2329.997	256.257	280.884	2311.623	325.871	56.404	2326.199	320.973	-142.083	2389.607	319.993	-181.780	2402.288	0.000	0.000	0.000	130.255	283.617	2329.997	8.073	274.394	2309.829	-90.328	80.594	2400.426	-90.328	-127.833	2400.426	-90.328	-212.913	2400.426	0.000	0.000	0.000	210.435	-135.032	2572.423	210.435	-475.650	2572.423	210.435	-796.053	2572.423	0.000	0.000	0.000	51.265	-134.929	2585.712	51.265	-475.547	2585.712	51.265	-795.951	2585.712	0.000	0.000	0.000	
00890	3	0.000	0.000	0.000	119.992	449.068	2234.921	127.392	356.280	2274.024	126.149	161.998	2471.352	122.539	-0.584	2529.736	127.082	307.716	2323.350	253.782	304.592	2307.031	323.106	76.793	2316.317	321.194	-118.411	2393.755	320.812	-157.451	2409.243	0.000	0.000	0.000	127.082	307.716	2323.350	7.071	285.801	2291.080	-89.200	95.184	2396.823	-89.200	-114.827	2396.823	-89.200	-200.605	2396.823	0.000	0.000	0.000	211.153	-131.370	2574.331	211.153	-474.782	2574.331	211.153	-797.813	2574.331	0.000	0.000	0.000	35.364	-136.895	2583.275	35.364	-480.307	2583.275	35.364	-803.338	2583.275	0.000	0.000	0.000	
00891	3	0.000	0.000	0.000	117.518	459.657	2229.018	122.207	368.470	2272.923	126.604	168.368	2465.396	127.061	2.725	2517.953	123.307	318.414	2321.071	247.668	306.266	2299.543	324.863	77.941	2313.702	322.341	-126.841	2363.216	321.836	-167.797	2373.119	0.000	0.000	0.000	123.307	318.414	2321.071	3.625	297.041	2306.902	-91.091	95.845	2400.928	-91.091	-114.852	2400.928	-91.091	-200.928	2400.928	0.000	0.000	0.000	227.233	-81.981	2538.648	227.233	-426.586	2538.648	227.233	-750.739	2538.648	0.000	0.000	0.000	39.842	-105.564	2507.815	39.842	-450.169	2507.815	39.842	-774.323	2507.815	0.000	0.000	0.000	
00892	3	0.000	0.000	0.000	114.195	474.812	2218.306	114.224	385.218	2267.165	116.618	179.426	2456.116	112.912	11.699	2503.314	114.823	333.684	2314.481	238.238	311.016	2298.194	324.037	83.041	2304.614	329.245	-109.720	2393.077	330.287	-148.273	2410.770	0.000	0.000	0.000	114.823	333.684	2314.481	-3.936	302.999	2300.731	-92.275	99.057	2400.624	-92.275	-113.099	2400.624	-92.275	-199.796	2400.624	0.000	0.000	0.000	196.633	-113.385	2541.283	196.633	-460.479	2541.283	196.633	-786.973	2541.283	0.000	0.000	0.000	26.277	-109.138	2551.811	26.277	-456.232	2551.811	26.277	-782.726	2551.811	0.000	0.000	0.000	
00893	3	0.000	0.000	0.000	112.664	477.871	2214.584	109.229	389.101	2265.680	116.116	179.911	2452.371	113.980	10.939	2495.674	110.954	336.696	2312.448	233.228	309.566	2293.476	325.986	82.302	2302.816	332.769	-108.097	2398.126	334.125	-146.176	2417.189	0.000	0.000	0.000	110.954	336.696	2312.448	-9.082	310.938	2314.335	-96.406	98.387	2401.150	-96.406	-114.644	2401.150	-96.406	-201.708	2401.150	0.000	0.000	0.000	202.791	-98.000	2530.468	202.791	-446.562	2530.468	202.791	-774.436	2530.468	0.000	0.000	0.000	25.148	-103.228	2524.468	25.148	-451.790	2524.468	25.148	-779.664	2524.468	0.000	0.000	0.000	
00894	3	0.000	0.000	0.000	111.689	485.098	2208.537	108.369	394.344	2258.226	120.667	175.078	2444.573	123.402	4.364	2481.868	111.399	340.315	2304.144	234.378	310.922	2289.152	320.084	78.706	2306.039	345.360	-112.690	2401.002	350.415	-150.969	2419.995	0.000	0.000	0.000	111.399	340.315	2304.144	-11.409	310.885	2308.043	-98.283	98.740	2402.925	-98.283	-116.409	2402.925	-98.283	-204.353	2402.925	0.000	0.000	0.000	205.390	-109.598	2512.042	205.390	-461.680	2512.042	205.390	-792.867	2512.042	0.000	0.000	0.000	45.144	-110.434	2517.232	45.144	-462.517	2517.232	45.144	-793.703	2517.232	0.000	0.000	0.000	
00895	2	0.000	0.000	0.000	110.152	486.664	2207.407	107.285	394.650	2257.518	125.966	164.078	2439.177	137.915	-7.076	2474.621	111.849	338.321	2301.897	236.258	309.159	2289.490	314.232	69.997	2323.070	340.975	-105.690	2449.017	346.324	-140.828	2474.206	0.000	0.000	0.000	111.849	338.321	2301.897	-16.398	308.727	2305.314	-99.857	93.458	2410.670	-99.857	-124.358	2410.670	-99.857	-213.400	2410.670	0.000	0.000	0.000	229.952	-91.292	2513.140	229.952	-447.773	2513.140	229.952	-783.097	2513.140	0.000	0.000	0.000	54.822	-104.938	2490.916	54.822	-461.418	2490.916	54.822	-796.742	2490.916	0.000	0.000	0.000	
00896	2	0.000	0.000	0.000	108.877	486.446	2207.389	106.719	393.548	2257.458	126.833	155.954	2434.025	141.021	-13.964	2472.550	111.625	335.600	2300.521	237.591	308.097	2289.960	311.539	68.430	2338.078	347.179	-110.078	2460.458	354.307	-145.780	2484.934	0.000	0.000	0.000	111.625	335.600	2300.521	-18.089	307.004	2306.641	-101.285	87.812	2407.920	-101.285	-131.533	2407.920	-101.285	-221.203	2407.920	0.000	0.000	0.000	231.155	-95.106	2518.655	231.155	-454.101	2518.655	231.155	-791.790	2518.655	0.000	0.000	0.000	58.575	-109.999	2488.526	58.575	-468.994	2488.526	58.575	-806.683	2488.526	0.000	0.000	0.000	
00897	2	0.000	0.000	0.000	103.481	484.518	2203.855	105.440	390.594	2257.417	126.333	145.013	2423.589	136.706	-25.328	2454.713	110.604	329.887	2298.494	239.872	305.856	2291.650	311.108	69.640	2357.626	360.135	-92.001	2508.135	369.940	-124.329	2538.237	0.000	0.000	0.000	110.604	329.887	2298.494	-21.459	302.275	2307.624	-89.981	110.290	2461.481	-89.981	-115.950	2461.481	-89.981	-207.004	2461.481	0.000	0.000	0.000	226.703	-99.668	2493.034	226.703	-464.204	2493.034	226.703	-807.104	2493.034	0.000	0.000	0.000	51.638	-110.968	2471.578	51.638	-475.503	2471.578	51.638	-818.404	2471.578	0.000	0.000	0.000	
00898	2	0.000	0.000	0.000	100.029	481.458	2202.150	104.827	387.639	2257.405	119.924	141.065	2421.588	126.287	-29.972	2451.421	108.597	326.059	2298.408	241.280	303.662	2291.468	312.910	64.681	2344.652	348.518	-87.703	2509.569	355.640	-118.180	2542.553	0.000	0.000	0.000	108.597	326.059	2298.408	-25.122	301.327	2307.359	-82.762	119.973	2477.240	-82.762	-107.373	2477.240	-82.762	-199.169	2477.240	0.000	0.000	0.000	219.153	-99.427	2486.814	219.153	-466.932	2486.814	219.153	-812.626	2486.814	0.000	0.000	0.000	33.847	-102.645	2471.616	33.847	-470.150	2471.616	33.847	-815.844	2471.616	0.000	0.000	0.000	
00899	2	0.000	0.000	0.000	96.862	479.278	2201.799	103.750	384.204	2257.375	109.568	136.832	2419.990	110.942	-35.419	2446.876	105.230	321.266	2298.749	243.744	302.093	2291.520	312.867	63.163	2351.933	354.901	-103.002	2505.499	363.307	-136.235	2536.212	0.000	0.000	0.000	105.230	321.266	2298.749	-27.764	297.286	2308.910	-71.939	91.633	2454.756	-71.939	-138.497	2454.756	-71.939	-231.847	2454.756	0.000	0.000	0.000	209.091	-95.535	2468.993	209.091	-469.265	2468.993	209.091	-820.814	2468.993	0.000	0.000	0.000	17.089	-106.713	2469.239	17.089	-480.443	2469.239	17.089	-831.993	2469.239	0.000	0.000	0.000	
00900	2	0.000	0.000	0.000	95.686	473.602	2202.546	103.509	374.692	2257.339	111.394	125.221	2419.859	116.686	-47.405	2439.476	105.543	310.341	2299.260	246.329	294.337	2292.183	312.674	57.817	2371.256	354.461	-115.383	2526.471	362.818	-150.023	2557.514	0.000	0.000	0.000	105.543	310.341	2299.260	-33.969	294.125	2309.082	-75.978	48.124	2374.767	-75.978	-188.172	2374.767	-75.978	-283.375	2374.767	0.000	0.000	0.000	213.526	-104.042	2467.911	213.526	-485.186	2467.911	213.526	-843.710	2467.911	0.000	0.000	0.000	23.813	-115.897	2458.737	23.813	-497.042	2458.737	23.813	-855.566	2458.737	0.000	0.000	0.000	
00901	2	0.000	0.000	0.000	95.624	472.603	2202.317	103.491	371.313	2257.335	112.446	118.802	2420.292	120.896	-59.622	2438.826	105.796	306.315	2299.282	245.770	287.127	2292.126	313.704	49.590	2369.374	360.821	-132.397	2519.249	370.244	-168.795	2549.224	0.000	0.000	0.000	105.796	306.315	2299.282	-34.785	289.265	2309.190	-78.276	38.465	2356.245	-78.276	-201.955	2356.245	-78.276	-297.857	2356.245	0.000	0.000	0.000	217.625	-105.038	2466.945	217.625	-488.983	2466.945	217.625	-850.141	2466.945	0.000	0.000	0.000	23.553	-107.329	2438.010	23.553	-491.274	2438.010	23.553	-852.432	2438.010	0.000	0.000	0.000	
00902	2	0.000	0.000	0.000	95.592	472.381	2201.917	103.483	370.068	2257.335	112.442	116.782	2421.833	118.145	-63.945	2439.022	105.784	305.023	2299.579	246.893	286.761	2292.496	314.509	45.669	2359.239	361.444	-150.387	2497.601	370.831	-189.598	2525.273	0.000	0.000	0.000	105.784	305.023	2299.579	-34.061	285.270	2308.658	-79.178	34.749	2357.193	-79.178	-209.760	2357.193	-79.178	-305.911	2357.193	0.000	0.000	0.000	214.930	-108.628	2467.878	214.930	-493.568	2467.878	214.930	-855.662	2467.878	0.000	0.000	0.000	26.635	-121.830	2468.086	26.635	-506.771	2468.086	26.635	-868.865	2468.086	0.000	0.000	0.000	
00903	2	0.000	0.000	0.000	95.543	472.611	2201.314	103.475	369.498	2257.335	112.234	113.506	2423.441	114.405	-66.994	2447.203	105.706	304.300	2299.641	247.564	286.448	2292.786	315.416	41.237	2343.147	356.616	-167.536	2460.737	364.856	-209.290	2484.255	0.000	0.000	0.000	105.706	304.300	2299.641	-34.450	284.265	2308.593	-77.169	41.434	2389.072	-77.169	-201.693	2389.072	-77.169	-298.042	2389.072	0.000	0.000	0.000	198.121	-167.254	2488.246	198.121	-552.990	2488.246	198.121	-915.833	2488.246	0.000	0.000	0.000	48.069	-176.017	2504.841	48.069	-561.753	2504.841	48.069	-924.596	2504.841	0.000	0.000	0.000	
00904	2	0.000	0.000	0.000	95.111	473.223	2200.642	103.463	368.686	2257.508	112.543	108.751	2421.607	114.768	-71.588	2432.290	105.766	302.772	2299.120	248.855	285.913	2291.939	315.901	35.778	2311.277	371.596	-156.835	2449.638	382.734	-195.358	2477.311	0.000	0.000	0.000	105.766	302.772	2299.120	-35.004	282.541	2308.315	-82.582	45.653	2403.484	-82.582	-197.957	2403.484	-82.582	-294.592	2403.484	0.000	0.000	0.000	220.776	-106.107	2419.988	220.776	-492.987	2419.988	220.776	-856.907	2419.988	0.000	0.000	0.000	11.716	-113.195	2411.124	11.716	-500.076	2411.124	11.716	-863.995	2411.124	0.000	0.000	0.000	
00905	2	0.000	0.000	0.000	94.791	473.673	2200.356	103.459	368.615	2257.552	112.891	110.092	2418.695	115.298	-72.381	2416.638	105.875	302.397	2298.827	249.820	286.753	2291.100	315.266	35.980	2309.143	365.951	-153.833	2451.137	376.088	-191.796	2479.535	0.000	0.000	0.000	105.875	302.397	2298.827	-35.708	283.249	2308.476	-90.224	42.263	2388.782	-90.224	-200.143	2388.782	-90.224	-296.880	2388.782	0.000	0.000	0.000	222.902	-81.741	2419.467	222.902	-469.027	2419.467	222.902	-833.328	2419.467	0.000	0.000	0.000	9.973	-86.401	2396.687	9.973	-473.687	2396.687	9.973	-837.987	2396.687	0.000	0.000	0.000	
00906	2	0.000	0.000	0.000	94.550	474.405	2199.932	103.453	368.552	2257.606	113.368	109.167	2422.546	116.224	-75.532	2410.180	105.974	302.612	2299.536	250.143	286.290	2290.548	315.327	35.816	2314.907	352.386	-186.216	2400.054	359.798	-230.622	2417.084	0.000	0.000	0.000	105.974	302.612	2299.536	-36.303	283.910	2309.315	-94.845	43.236	2388.235	-94.845	-197.434	2388.235	-94.845	-294.315	2388.235	0.000	0.000	0.000	219.684	-89.058	2423.913	219.684	-476.923	2423.913	219.684	-841.769	2423.913	0.000	0.000	0.000	9.479	-80.699	2419.113	9.479	-468.564	2419.113	9.479	-833.409	2419.113	0.000	0.000	0.000	
00907	2	0.000	0.000	0.000	94.420	475.602	2201.847	103.455	368.536	2258.131	113.400	107.177	2423.246	116.701	-79.337	2413.179	105.971	302.412	2299.905	250.518	286.151	2290.535	315.115	34.820	2307.548	352.779	-188.814	2384.709	360.312	-233.541	2400.142	0.000	0.000	0.000	105.971	302.412	2299.905	-35.789	284.097	2312.410	-93.321	39.539	2379.576	-93.321	-200.012	2379.576	-93.321	-296.983	2379.576	0.000	0.000	0.000	223.075	-90.910	2426.363	223.075	-479.135	2426.363	223.075	-844.319	2426.363	0.000	0.000	0.000	8.108	-79.479	2397.255	8.108	-467.704	2397.255	8.108	-832.888	2397.255	0.000	0.000	0.000	
00908	2	0.000	0.000	0.000	94.402	475.779	2213.189	103.455	368.529	2266.309	130.961	106.713	2407.850	131.277	-78.587	2403.612	110.661	299.939	2303.389	253.979	286.237	2285.947	313.988	33.472	2275.858	297.952	-204.082	2293.304	294.744	-251.593	2296.793	0.000	0.000	0.000	110.661	299.939	2303.389	-36.875	283.189	2319.597	-95.504	32.754	2357.519	-95.504	-205.979	2357.519	-95.504	-303.010	2357.519	0.000	0.000	0.000	239.269	-92.137	2404.337	239.269	-480.601	2404.337	239.269	-846.010	2404.337	0.000	0.000	0.000	27.943	-101.169	2425.691	27.943	-489.633	2425.691	27.943	-855.041	2425.691	0.000	0.000	0.000	
00909	2	0.000	0.000	0.000	94.451	475.707	2212.547	103.455	368.529	2266.430	117.838	99.839	2413.073	125.722	-87.448	2403.375	107.127	299.929	2303.870	254.416	285.991	2286.182	314.448	33.418	2277.568	299.790	-175.033	2394.617	293.893	-258.892	2441.705	0.000	0.000	0.000	107.127	299.929	2303.870	-38.493	282.211	2315.336	-89.396	28.697	2340.054	-89.396	-210.817	2340.054	-89.396	-307.767	2340.054	0.000	0.000	0.000	235.209	-90.437	2404.207	235.209	-478.576	2404.207	235.209	-843.678	2404.207	0.000	0.000	0.000	14.484	-88.970	2398.622	14.484	-477.108	2398.622	14.484	-842.211	2398.622	0.000	0.000	0.000	
00910	2	0.000	0.000	0.000	94.451	475.707	2212.547	103.455	368.529	2266.430	117.838	99.839	2413.073	125.722	-87.448	2403.375	107.127	299.929	2303.870	254.416	285.991	2286.182	314.448	33.418	2277.568	299.790	-175.033	2394.617	293.893	-258.892	2441.705	0.000	0.000	0.000	107.127	299.929	2303.870	-38.493	282.211	2315.336	-89.396	28.697	2340.054	-89.396	-210.817	2340.054	-89.396	-307.767	2340.054	0.000	0.000	0.000	235.209	-90.437	2404.207	235.209	-478.576	2404.207	235.209	-843.678	2404.207	0.000	0.000	0.000	14.484	-88.970	2398.622	14.484	-477.108	2398.622	14.484	-842.211	2398.622	0.000	0.000	0.000	
00911	2	0.000	0.000	0.000	94.457	475.799	2212.213	103.455	368.529	2266.490	120.342	98.566	2414.201	126.715	-89.228	2403.369	107.739	300.039	2303.964	254.587	285.928	2286.488	314.836	33.580	2277.782	301.443	-170.842	2399.915	296.024	-253.560	2449.335	0.000	0.000	0.000	107.739	300.039	2303.964	-38.667	282.078	2315.391	-72.411	25.659	2337.649	-72.411	-212.846	2337.649	-72.411	-309.735	2337.649	0.000	0.000	0.000	236.453	-92.388	2409.681	236.453	-480.284	2409.681	236.453	-845.159	2409.681	0.000	0.000	0.000	13.432	-78.316	2399.070	13.432	-466.212	2399.070	13.432	-831.087	2399.070	0.000	0.000	0.000	
00912	2	0.000	0.000	0.000	94.461	475.857	2212.022	103.455	368.529	2266.505	121.647	98.481	2415.115	126.954	-89.445	2403.368	108.060	300.171	2304.123	254.434	286.029	2288.989	315.087	33.925	2278.986	304.216	-164.135	2412.699	299.828	-244.073	2466.666	0.000	0.000	0.000	108.060	300.171	2304.123	-38.766	282.003	2315.421	-78.690	25.957	2328.917	-78.690	-213.261	2328.917	-78.690	-310.114	2328.917	0.000	0.000	0.000	236.431	-92.216	2418.081	236.431	-479.972	2418.081	236.431	-844.714	2418.081	0.000	0.000	0.000	13.894	-80.513	2396.460	13.894	-468.269	2396.460	13.894	-833.012	2396.460	0.000	0.000	0.000	
00913	2	0.000	0.000	0.000	94.465	475.945	2211.532	103.455	368.528	2266.532	125.943	105.903	2412.781	129.026	-82.420	2404.461	109.281	300.489	2304.421	254.577	286.141	2290.609	315.462	34.283	2281.505	319.170	-170.008	2404.458	320.672	-252.746	2454.253	0.000	0.000	0.000	109.281	300.489	2304.421	-38.923	281.682	2315.432	-79.284	25.629	2320.928	-79.284	-212.838	2320.928	-79.284	-309.611	2320.928	0.000	0.000	0.000	237.722	-92.249	2428.098	237.722	-479.682	2428.098	237.722	-844.122	2428.098	0.000	0.000	0.000	15.808	-79.366	2396.347	15.808	-466.799	2396.347	15.808	-831.238	2396.347	0.000	0.000	0.000	
00914	2	0.000	0.000	0.000	94.464	475.972	2211.280	103.455	368.528	2266.560	126.085	108.455	2412.177	129.564	-79.956	2405.590	109.364	300.614	2304.585	254.585	286.137	2291.634	315.412	34.359	2283.476	334.282	-158.641	2421.457	341.939	-236.954	2477.445	0.000	0.000	0.000	109.364	300.614	2304.585	-38.972	281.462	2315.459	-76.310	25.100	2322.015	-76.310	-212.900	2322.015	-76.310	-309.628	2322.015	0.000	0.000	0.000	234.810	-91.728	2442.578	234.810	-478.980	2442.578	234.810	-843.248	2442.578	0.000	0.000	0.000	16.218	-78.976	2396.353	16.218	-466.227	2396.353	16.218	-830.496	2396.353	0.000	0.000	0.000	
00915	2	0.000	0.000	0.000	94.456	476.018	2210.791	103.455	368.528	2266.591	125.593	112.373	2412.113	130.197	-76.068	2408.902	109.298	300.919	2305.000	254.863	285.970	2291.080	315.162	34.215	2292.149	346.133	-156.620	2434.428	358.587	-233.359	2491.643	0.000	0.000	0.000	109.298	300.919	2305.000	-39.170	281.345	2315.551	-85.772	29.200	2351.174	-85.772	-210.842	2351.174	-85.772	-307.469	2351.174	0.000	0.000	0.000	235.953	-94.763	2444.711	235.953	-481.609	2444.711	235.953	-845.497	2444.711	0.000	0.000	0.000	17.230	-80.676	2393.646	17.230	-467.522	2393.646	17.230	-831.409	2393.646	0.000	0.000	0.000	
00916	2	0.000	0.000	0.000	94.452	476.027	2210.518	103.453	368.528	2266.590	125.309	114.497	2413.686	130.317	-73.896	2416.078	109.239	301.273	2305.534	254.972	285.900	2290.818	315.614	34.637	2302.200	345.861	-163.749	2437.061	357.931	-242.920	2490.881	0.000	0.000	0.000	109.239	301.273	2305.534	-39.250	281.299	2315.576	-90.066	31.602	2360.400	-90.066	-210.181	2360.400	-90.066	-306.751	2360.400	0.000	0.000	0.000	235.728	-96.482	2453.132	235.728	-483.104	2453.132	235.728	-846.781	2453.132	0.000	0.000	0.000	18.068	-81.345	2395.631	18.068	-467.968	2395.631	18.068	-831.645	2395.631	0.000	0.000	0.000	
00917	2	0.000	0.000	0.000	94.448	476.039	2210.263	103.451	368.528	2266.591	125.006	116.533	2415.829	130.422	-71.635	2423.572	109.168	301.695	2306.172	255.009	285.879	2291.138	315.215	35.002	2308.264	346.306	-164.620	2443.590	358.638	-243.797	2497.266	0.000	0.000	0.000	109.168	301.695	2306.172	-39.321	281.253	2315.605	-100.344	34.221	2361.531	-100.344	-208.942	2361.531	-100.344	-305.454	2361.531	0.000	0.000	0.000	238.279	-96.880	2453.577	238.279	-483.265	2453.577	238.279	-846.718	2453.577	0.000	0.000	0.000	18.820	-80.800	2399.448	18.820	-467.185	2399.448	18.820	-830.638	2399.448	0.000	0.000	0.000	
00918	2	0.000	0.000	0.000	94.443	476.025	2209.664	103.442	368.529	2266.594	124.482	119.949	2420.408	130.850	-67.895	2430.444	109.026	302.558	2307.415	255.086	285.853	2291.635	315.792	35.151	2303.546	347.707	-161.958	2445.531	360.256	-239.464	2501.361	0.000	0.000	0.000	109.026	302.558	2307.415	-39.457	281.172	2315.655	-100.270	30.216	2314.437	-100.270	-214.794	2314.437	-100.270	-311.177	2314.437	0.000	0.000	0.000	240.445	-97.156	2451.902	240.445	-483.024	2451.902	240.445	-845.991	2451.902	0.000	0.000	0.000	21.607	-80.760	2397.657	21.607	-466.628	2397.657	21.607	-829.595	2397.657	0.000	0.000	0.000	
00919	2	0.000	0.000	0.000	90.850	475.392	2210.067	103.436	368.529	2268.392	124.371	121.238	2423.955	131.548	-66.547	2432.334	108.992	302.908	2309.672	254.213	286.396	2299.794	316.341	35.962	2302.091	348.771	-169.438	2430.444	361.549	-250.365	2481.015	0.000	0.000	0.000	108.992	302.908	2309.672	-39.526	283.136	2320.692	-99.446	32.154	2320.294	-99.446	-212.214	2320.294	-99.446	-308.527	2320.294	0.000	0.000	0.000	239.130	-96.785	2451.320	239.130	-482.374	2451.320	239.130	-845.079	2451.320	0.000	0.000	0.000	24.958	-80.663	2398.970	24.958	-466.252	2398.970	24.958	-828.957	2398.970	0.000	0.000	0.000	
00920	2	0.000	0.000	0.000	79.558	468.753	2214.071	103.061	368.529	2273.710	124.315	122.578	2430.647	133.012	-65.022	2434.964	108.699	303.282	2315.343	254.207	286.380	2300.005	315.534	36.208	2305.400	348.104	-163.296	2440.237	360.991	-242.233	2493.588	0.000	0.000	0.000	108.699	303.282	2315.343	-40.283	284.806	2325.942	-107.874	36.973	2345.604	-107.874	-206.015	2345.604	-107.874	-302.178	2345.604	0.000	0.000	0.000	241.281	-96.903	2451.570	241.281	-481.896	2451.570	241.281	-844.039	2451.570	0.000	0.000	0.000	23.706	-81.375	2410.699	23.706	-466.367	2410.699	23.706	-828.510	2410.699	0.000	0.000	0.000	
00921	2	0.000	0.000	0.000	73.779	467.427	2214.770	100.702	368.529	2272.676	124.043	123.726	2430.485	133.661	-63.689	2434.650	106.896	303.566	2314.554	252.007	286.298	2295.499	314.488	36.947	2309.161	347.724	-167.336	2439.019	360.792	-247.656	2490.077	0.000	0.000	0.000	106.896	303.566	2314.554	-42.505	283.751	2322.480	-109.835	37.461	2355.257	-109.835	-206.874	2355.257	-109.835	-302.958	2355.257	0.000	0.000	0.000	242.189	-96.058	2451.900	242.189	-480.731	2451.900	242.189	-842.575	2451.900	0.000	0.000	0.000	24.300	-81.732	2410.515	24.300	-466.406	2410.515	24.300	-828.250	2410.515	0.000	0.000	0.000	
00922	2	0.000	0.000	0.000	67.203	466.119	2215.550	95.957	368.529	2272.723	123.695	125.732	2431.272	134.444	-61.489	2434.405	103.334	303.957	2314.889	246.048	287.368	2304.859	312.554	39.050	2313.058	346.065	-170.592	2429.764	359.342	-253.654	2476.003	0.000	0.000	0.000	103.334	303.957	2314.889	-44.562	282.864	2328.071	-109.311	34.915	2350.006	-109.311	-207.351	2350.006	-109.311	-303.352	2350.006	0.000	0.000	0.000	242.862	-93.594	2451.981	242.862	-477.937	2451.981	242.862	-839.469	2451.981	0.000	0.000	0.000	24.943	-82.651	2412.733	24.943	-466.993	2412.733	24.943	-828.526	2412.733	0.000	0.000	0.000	
00923	2	0.000	0.000	0.000	57.933	465.141	2216.229	84.001	368.530	2273.236	124.369	124.955	2438.385	137.973	-61.734	2434.332	94.511	305.118	2316.231	235.151	287.519	2297.435	292.734	37.946	2315.004	348.303	-180.458	2413.188	369.963	-265.589	2451.458	0.000	0.000	0.000	94.511	305.118	2316.231	-49.372	280.318	2339.756	-85.184	26.204	2332.373	-85.184	-219.618	2332.373	-85.184	-315.444	2332.373	0.000	0.000	0.000	245.890	-84.106	2452.192	245.890	-467.746	2452.192	245.890	-828.618	2452.192	0.000	0.000	0.000	29.595	-88.493	2422.782	29.595	-472.134	2422.782	29.595	-833.005	2422.782	0.000	0.000	0.000	
00924	2	0.000	0.000	0.000	52.339	463.378	2217.793	78.214	368.530	2276.647	121.621	123.007	2441.646	136.381	-63.298	2433.850	89.430	305.087	2319.282	229.347	287.375	2299.844	287.164	37.916	2314.385	344.546	-183.616	2405.636	366.843	-269.694	2441.092	0.000	0.000	0.000	89.430	305.087	2319.282	-53.750	281.566	2347.275	-124.769	35.138	2343.636	-124.769	-211.228	2343.636	-124.769	-306.961	2343.636	0.000	0.000	0.000	245.746	-69.327	2451.847	245.746	-452.597	2451.847	245.746	-813.120	2451.847	0.000	0.000	0.000	28.719	-86.963	2422.678	28.719	-470.233	2422.678	28.719	-830.756	2422.678	0.000	0.000	0.000	
00925	2	0.000	0.000	0.000	41.602	459.822	2222.762	62.372	368.561	2287.273	111.823	115.368	2443.476	129.480	-70.198	2433.360	75.014	303.833	2327.206	214.044	287.206	2299.994	263.789	36.351	2310.625	318.738	-198.538	2345.914	340.270	-290.581	2359.741	0.000	0.000	0.000	75.014	303.833	2327.206	-75.751	283.577	2346.306	-133.617	34.288	2341.550	-133.617	-209.509	2341.550	-133.617	-305.048	2341.550	0.000	0.000	0.000	237.776	-74.580	2450.560	237.776	-457.070	2450.560	237.776	-816.859	2450.560	0.000	0.000	0.000	23.279	-94.417	2421.522	23.279	-476.907	2421.522	23.279	-836.697	2421.522	0.000	0.000	0.000	
00926	2	0.000	0.000	0.000	32.677	458.366	2227.007	54.452	368.535	2292.549	99.277	112.046	2439.937	118.025	-73.390	2433.831	65.990	302.512	2330.488	205.269	285.896	2300.058	252.455	49.640	2385.688	302.522	-181.625	2337.283	322.305	-273.004	2318.157	0.000	0.000	0.000	65.990	302.512	2330.488	-86.945	285.802	2345.403	-167.793	43.774	2361.588	-167.793	-197.748	2361.588	-167.793	-293.184	2361.588	0.000	0.000	0.000	228.429	-79.594	2449.320	228.429	-461.675	2449.320	228.429	-821.080	2449.320	0.000	0.000	0.000	4.551	-70.135	2419.506	4.551	-452.216	2419.506	4.551	-811.620	2419.506	0.000	0.000	0.000	
00927	2	0.000	0.000	0.000	25.231	458.032	2230.165	46.363	368.525	2295.812	89.613	111.233	2439.065	107.845	-74.077	2433.848	57.542	302.022	2332.838	198.073	287.489	2299.881	273.547	43.641	2291.298	273.547	-196.004	2291.298	273.547	-291.332	2291.298	0.000	0.000	0.000	57.542	302.022	2332.838	-93.649	283.072	2347.709	-193.910	54.073	2400.046	-193.910	-185.572	2400.046	-193.910	-280.903	2400.046	0.000	0.000	0.000	219.744	-78.883	2448.604	219.744	-460.543	2448.604	219.744	-819.551	2448.604	0.000	0.000	0.000	-4.086	-85.579	2418.917	-4.086	-467.239	2418.917	-4.086	-826.248	2418.917	0.000	0.000	0.000	
00928	2	0.000	0.000	0.000	-2.258	459.221	2237.808	18.849	368.519	2300.436	59.755	115.393	2441.727	73.926	-64.927	2420.510	29.561	302.234	2337.435	164.726	283.122	2299.978	235.911	39.722	2278.320	235.911	-195.949	2278.320	235.911	-290.947	2278.320	0.000	0.000	0.000	29.561	302.234	2337.435	-115.247	286.922	2363.152	-292.699	107.797	2397.860	-292.699	-127.875	2397.860	-292.699	-222.875	2397.860	0.000	0.000	0.000	185.790	-72.054	2417.706	185.790	-452.388	2417.706	185.790	-810.149	2417.706	0.000	0.000	0.000	-16.238	-125.574	2434.655	-16.238	-505.908	2434.655	-16.238	-863.669	2434.655	0.000	0.000	0.000	
00929	2	0.000	0.000	0.000	-13.625	459.810	2239.760	9.954	368.555	2300.283	51.984	113.871	2443.005	68.174	-61.000	2407.871	20.865	302.438	2337.334	154.467	283.415	2308.841	224.201	41.230	2275.578	224.201	-193.496	2275.578	224.201	-288.380	2275.578	0.000	0.000	0.000	20.865	302.438	2337.334	-122.965	288.385	2364.406	-293.336	100.363	2380.028	-293.336	-134.363	2380.028	-293.336	-229.248	2380.028	0.000	0.000	0.000	179.102	-48.521	2425.146	179.102	-428.395	2425.146	179.102	-785.724	2425.146	0.000	0.000	0.000	-1.879	-131.346	2433.150	-1.879	-511.219	2433.150	-1.879	-868.548	2433.150	0.000	0.000	0.000	
00930	2	0.000	0.000	0.000	-20.928	460.008	2239.550	1.096	368.567	2300.007	31.550	97.969	2417.651	37.273	-62.075	2341.954	8.948	298.802	2330.338	140.415	279.601	2283.968	214.695	36.962	2292.488	214.695	-196.947	2292.488	214.695	-291.714	2292.488	0.000	0.000	0.000	8.948	298.802	2330.338	-130.752	288.721	2361.834	-260.936	71.760	2340.766	-260.936	-162.149	2340.766	-260.936	-256.917	2340.766	0.000	0.000	0.000	137.541	-61.676	2396.923	137.541	-441.082	2396.923	137.541	-797.970	2396.923	0.000	0.000	0.000	15.472	-117.530	2428.302	15.472	-496.935	2428.302	15.472	-853.824	2428.302	0.000	0.000	0.000	
00931	2	0.000	0.000	0.000	-29.282	462.293	2234.563	-10.371	368.572	2292.163	13.557	91.020	2397.669	20.898	-62.192	2312.845	-4.235	297.406	2319.215	128.760	278.193	2269.018	205.114	39.347	2306.772	205.114	-193.847	2306.772	205.114	-288.496	2306.772	0.000	0.000	0.000	-4.235	297.406	2319.215	-143.925	293.354	2359.741	-233.919	59.597	2320.227	-233.919	-173.597	2320.227	-233.919	-268.247	2320.227	0.000	0.000	0.000	113.581	-35.700	2394.672	113.581	-414.631	2394.672	113.581	-771.072	2394.672	0.000	0.000	0.000	59.071	-86.671	2419.072	59.071	-465.601	2419.072	59.071	-822.043	2419.072	0.000	0.000	0.000	
00932	2	0.000	0.000	0.000	-33.452	460.986	2231.214	-16.504	368.655	2291.264	0.585	92.716	2404.659	11.280	-7.746	2259.350	-12.142	298.211	2320.212	118.097	274.953	2251.375	214.464	54.579	2330.672	214.464	-177.982	2330.672	214.464	-272.510	2330.672	0.000	0.000	0.000	-12.142	298.211	2320.212	-143.259	336.091	2397.854	-82.825	374.839	2154.985	-82.825	142.279	2154.985	-82.825	47.749	2154.985	0.000	0.000	0.000	76.730	-50.753	2326.690	76.730	-429.202	2326.690	76.730	-785.192	2326.690	0.000	0.000	0.000	-42.280	-51.178	2373.085	-42.280	-429.628	2373.085	-42.280	-785.617	2373.085	0.000	0.000	0.000	
