00508	3	0.000	0.000	0.000	57.655	281.659	1941.510	47.028	200.103	1959.009	51.883	104.427	2171.119	46.390	-12.395	2247.408	48.228	176.454	2011.438	137.675	159.526	2056.436	221.315	12.959	2146.740	230.973	-164.481	2146.357	234.847	-235.664	2146.203	0.000	0.000	0.000	48.228	176.454	2011.438	-50.060	146.428	2042.962	-127.603	-5.592	2129.619	-131.444	-183.227	2132.771	-132.986	-254.487	2134.036	0.000	0.000	0.000	124.807	-183.518	2331.718	124.807	-468.920	2331.718	124.807	-737.383	2331.718	0.000	0.000	0.000	-43.705	-187.770	2331.787	-43.705	-473.171	2331.787	-43.705	-741.634	2331.787	0.000	0.000	0.000	
00509	3	0.000	0.000	0.000	70.112	313.085	1961.822	54.765	234.262	1987.976	54.345	121.937	2191.748	47.706	-4.426	2252.180	54.661	206.348	2038.616	153.307	189.070	2074.987	234.711	25.582	2136.144	235.934	-154.874	2126.651	236.419	-226.426	2122.886	0.000	0.000	0.000	54.661	206.348	2038.616	-50.317	185.878	2065.051	-132.742	16.775	2106.349	-136.476	-158.123	2061.046	-137.957	-227.472	2043.083	0.000	0.000	0.000	123.721	-144.393	2282.828	123.721	-431.256	2282.828	123.721	-701.094	2282.828	0.000	0.000	0.000	-36.965	-152.042	2291.451	-36.965	-438.905	2291.451	-36.965	-708.743	2291.451	0.000	0.000	0.000	
00510	3	0.000	0.000	0.000	77.972	346.091	1962.497	64.578	269.819	1997.378	56.679	144.544	2197.605	53.964	9.524	2238.177	62.633	238.978	2046.670	165.201	206.768	2069.874	239.087	34.610	2119.776	245.283	-143.336	2103.143	247.780	-215.072	2096.438	0.000	0.000	0.000	62.633	238.978	2046.670	-32.697	199.047	2067.270	-126.703	32.029	2096.517	-133.044	-134.300	2031.139	-134.312	-167.565	2018.063	0.000	0.000	0.000	134.240	-99.584	2247.071	134.240	-388.206	2247.071	134.240	-659.699	2247.071	0.000	0.000	0.000	-26.542	-103.529	2246.347	-26.542	-392.151	2246.347	-26.542	-663.643	2246.347	0.000	0.000	0.000	
00511	3	0.000	0.000	0.000	80.377	358.737	1961.344	68.080	283.545	1999.482	59.507	153.599	2197.644	60.466	16.031	2230.561	65.970	251.557	2048.264	171.995	228.038	2073.737	240.692	49.537	2116.985	238.374	-127.592	2084.285	237.443	-198.718	2071.155	0.000	0.000	0.000	65.970	251.557	2048.264	-35.733	202.963	2045.553	-114.959	28.664	2087.922	-124.978	-148.497	2056.892	-126.982	-183.929	2050.686	0.000	0.000	0.000	140.962	-87.674	2234.221	140.962	-377.263	2234.221	140.962	-649.665	2234.221	0.000	0.000	0.000	-18.435	-88.631	2232.418	-18.435	-378.220	2232.418	-18.435	-650.622	2232.418	0.000	0.000	0.000	
00512	3	0.000	0.000	0.000	86.405	372.145	1961.253	75.398	297.587	2002.394	76.070	160.498	2198.415	78.171	20.127	2223.137	75.563	263.865	2050.612	177.559	224.323	2063.350	263.636	51.895	2113.103	255.673	-126.604	2088.489	252.453	-198.762	2078.539	0.000	0.000	0.000	75.563	263.865	2050.612	-26.017	220.787	2060.161	-101.349	39.760	2094.371	-104.502	-136.726	2057.307	-105.133	-172.024	2049.894	0.000	0.000	0.000	157.966	-88.546	2222.070	157.966	-380.451	2222.070	157.966	-655.031	2222.070	0.000	0.000	0.000	-0.203	-87.214	2218.489	-0.203	-379.119	2218.489	-0.203	-653.699	2218.489	0.000	0.000	0.000	
00513	2	0.000	0.000	0.000	89.594	376.694	1961.828	78.686	301.667	2002.988	85.576	162.802	2198.184	84.066	21.155	2219.268	80.386	267.409	2051.143	176.654	229.482	2072.308	269.574	62.979	2118.470	257.619	-115.057	2087.978	252.781	-187.109	2075.638	0.000	0.000	0.000	80.386	267.409	2051.143	-23.618	217.426	2048.277	-98.350	41.242	2091.431	-100.541	-137.514	2062.949	-100.979	-173.265	2057.253	0.000	0.000	0.000	161.003	-89.713	2212.412	161.003	-383.016	2212.412	161.003	-658.911	2212.412	0.000	0.000	0.000	2.482	-83.064	2208.816	2.482	-376.367	2208.816	2.482	-652.262	2208.816	0.000	0.000	0.000	
00514	2	0.000	0.000	0.000	98.600	380.369	1961.702	82.639	305.360	2003.326	93.941	160.715	2195.475	88.595	17.332	2215.352	85.447	269.431	2051.054	191.860	231.897	2059.644	278.278	57.969	2108.048	275.840	-126.568	2094.144	274.864	-200.462	2088.576	0.000	0.000	0.000	85.447	269.431	2051.054	-21.886	217.714	2046.803	-98.280	37.195	2087.286	-88.256	-147.471	2094.453	-86.251	-184.404	2095.886	0.000	0.000	0.000	163.170	-103.462	2215.192	163.170	-400.160	2215.192	163.170	-679.250	2215.192	0.000	0.000	0.000	0.704	-87.005	2206.380	0.704	-383.703	2206.380	0.704	-662.793	2206.380	0.000	0.000	0.000	
00515	2	0.000	0.000	0.000	102.269	381.007	1961.418	84.551	305.838	2003.289	94.290	156.321	2194.584	89.189	11.874	2214.003	86.965	268.786	2050.694	198.980	234.583	2053.350	285.686	63.568	2114.292	288.392	-123.367	2110.424	289.472	-197.959	2108.881	0.000	0.000	0.000	86.965	268.786	2050.694	-19.620	216.321	2045.860	-97.380	35.355	2086.880	-97.433	-151.557	2092.437	-97.444	-188.939	2093.548	0.000	0.000	0.000	161.603	-121.266	2218.072	161.603	-419.993	2218.072	161.603	-700.991	2218.072	0.000	0.000	0.000	0.926	-102.674	2207.696	0.926	-401.401	2207.696	0.926	-682.398	2207.696	0.000	0.000	0.000	
00516	2	0.000	0.000	0.000	105.699	373.684	1962.852	87.044	296.348	2003.345	93.906	132.713	2186.640	90.082	-13.037	2213.129	88.752	255.613	2048.974	206.499	232.169	2053.476	293.483	64.981	2131.479	316.126	-126.440	2146.234	325.007	-201.520	2152.021	0.000	0.000	0.000	88.752	255.613	2048.974	-19.211	208.972	2047.809	-96.057	25.400	2092.513	-98.003	-167.484	2105.336	-98.393	-206.060	2107.901	0.000	0.000	0.000	164.247	-170.770	2229.968	164.247	-474.335	2229.968	164.247	-759.884	2229.968	0.000	0.000	0.000	12.707	-171.743	2217.435	12.707	-475.308	2217.435	12.707	-760.857	2217.435	0.000	0.000	0.000	
00517	2	0.000	0.000	0.000	106.083	367.827	1962.542	88.582	289.333	2003.495	94.862	118.726	2183.532	92.183	-27.244	2217.151	90.148	246.794	2048.385	206.164	243.702	2075.928	295.437	70.649	2152.903	319.669	-121.341	2163.238	329.255	-197.290	2167.326	0.000	0.000	0.000	90.148	246.794	2048.385	-18.164	202.483	2050.579	-95.584	14.998	2102.517	-96.677	-176.335	2133.254	-96.895	-214.602	2139.401	0.000	0.000	0.000	171.725	-186.977	2244.904	171.725	-493.886	2244.904	171.725	-782.581	2244.904	0.000	0.000	0.000	14.596	-193.900	2230.621	14.596	-500.809	2230.621	14.596	-789.504	2230.621	0.000	0.000	0.000	
00518	2	0.000	0.000	0.000	107.483	353.014	1958.495	91.014	273.164	2003.868	96.986	87.783	2180.212	94.573	-59.441	2228.280	92.507	226.833	2047.941	215.766	221.277	2072.345	303.637	32.838	2129.357	325.155	-162.785	2160.966	333.711	-240.573	2173.535	0.000	0.000	0.000	92.507	226.833	2047.941	-25.914	191.213	2054.428	-90.576	2.361	2135.881	-98.100	-195.990	2154.078	-99.605	-235.660	2157.718	0.000	0.000	0.000	167.676	-259.201	2278.555	167.676	-576.519	2278.555	167.676	-875.005	2278.555	0.000	0.000	0.000	18.822	-261.405	2269.214	18.822	-578.723	2269.214	18.822	-877.209	2269.214	0.000	0.000	0.000	
00519	2	0.000	0.000	0.000	108.750	348.285	1955.475	91.780	267.841	2004.033	97.715	76.604	2182.563	94.816	-74.340	2230.849	93.264	220.007	2048.689	223.330	208.454	2060.806	312.414	11.475	2101.068	269.337	-184.271	2131.706	252.104	-262.577	2143.963	0.000	0.000	0.000	93.264	220.007	2048.689	-28.079	185.254	2057.592	-87.680	-13.754	2129.711	-98.605	-214.004	2159.570	-100.789	-254.054	2165.541	0.000	0.000	0.000	178.620	-250.365	2263.379	178.620	-575.093	2263.379	178.620	-880.549	2263.379	0.000	0.000	0.000	0.029	-234.896	2255.551	0.029	-559.624	2255.551	0.029	-865.080	2255.551	0.000	0.000	0.000	
00520	2	0.000	0.000	0.000	110.170	344.396	1951.298	92.460	263.746	2004.191	98.186	64.295	2183.966	94.852	-92.539	2231.580	93.893	213.824	2049.188	226.913	199.789	2053.604	315.305	0.423	2115.867	244.948	-193.797	2132.495	216.667	-271.865	2139.178	0.000	0.000	0.000	93.893	213.824	2049.188	-27.517	176.752	2055.642	-86.320	-28.111	2133.169	-102.237	-228.778	2182.435	-105.420	-268.912	2192.289	0.000	0.000	0.000	175.264	-261.121	2266.660	175.264	-594.617	2266.660	175.264	-908.320	2266.660	0.000	0.000	0.000	4.760	-253.117	2265.993	4.760	-586.612	2265.993	4.760	-900.315	2265.993	0.000	0.000	0.000	
00521	2	0.000	0.000	0.000	115.584	335.850	1938.133	97.182	256.915	2003.357	99.864	35.845	2182.703	95.291	-127.952	2226.603	97.854	201.531	2048.288	237.509	189.852	2034.689	330.022	-26.113	2088.713	330.022	-244.510	2088.713	330.022	-332.889	2088.713	0.000	0.000	0.000	97.854	201.531	2048.288	-32.041	171.351	2037.279	-85.739	-38.953	2142.194	-126.586	-241.952	2211.623	-134.755	-282.552	2225.508	0.000	0.000	0.000	173.377	-286.653	2265.848	173.377	-640.476	2265.848	173.377	-973.300	2265.848	0.000	0.000	0.000	16.869	-290.980	2273.041	16.869	-644.803	2273.041	16.869	-977.627	2273.041	0.000	0.000	0.000	
00522	2	0.000	0.000	0.000	120.503	325.569	1921.368	106.640	248.304	1996.204	102.263	6.606	2168.085	95.971	-164.221	2214.896	105.543	187.719	2039.288	240.285	167.483	2033.357	331.583	-44.919	2128.355	331.583	-271.691	2128.355	331.583	-363.823	2128.355	0.000	0.000	0.000	105.543	187.719	2039.288	-30.001	171.219	2030.268	-90.156	-51.265	2126.998	-148.001	-227.100	2258.000	-159.571	-262.267	2284.201	0.000	0.000	0.000	181.809	-310.075	2265.977	181.809	-685.495	2265.977	181.809	-1032.456	2265.977	0.000	0.000	0.000	6.721	-317.077	2265.743	-26.496	-690.148	2240.153	-52.162	-1022.210	2337.407	0.000	0.000	0.000	
00523	2	0.000	0.000	0.000	120.743	317.485	1898.198	114.129	241.084	1978.842	103.742	-9.237	2151.482	95.317	-189.562	2202.402	111.525	178.318	2022.130	249.516	155.996	2015.986	339.848	-60.382	2116.903	339.848	-292.519	2116.903	339.848	-387.056	2116.903	0.000	0.000	0.000	111.525	178.318	2022.130	-23.227	158.438	2014.229	-94.872	-75.023	2088.566	-145.729	-222.193	2260.736	-155.900	-251.627	2295.170	0.000	0.000	0.000	173.108	-341.820	2262.094	173.108	-730.454	2262.094	173.108	-1086.472	2262.094	0.000	0.000	0.000	-2.197	-331.078	2246.756	-19.425	-718.909	2228.678	6.898	-1047.540	2363.057	0.000	0.000	0.000	
00524	2	0.000	0.000	0.000	111.188	311.664	1874.914	114.707	234.669	1957.698	103.613	-19.015	2134.097	92.988	-207.083	2184.714	111.924	171.047	2001.938	251.165	143.374	1990.712	336.500	-82.886	2087.763	336.500	-318.484	2087.763	336.500	-414.571	2087.763	0.000	0.000	0.000	111.924	171.047	2001.938	-24.185	149.922	1997.355	-87.972	-77.838	2106.676	-166.674	-248.785	2248.413	-182.415	-282.975	2276.760	0.000	0.000	0.000	167.330	-350.664	2249.318	167.330	-741.849	2249.318	167.330	-1103.704	2249.318	0.000	0.000	0.000	-5.536	-337.647	2233.196	-18.704	-728.557	2226.698	-20.882	-1089.381	2253.900	0.000	0.000	0.000	
00525	2	0.000	0.000	0.000	107.437	307.236	1866.472	114.484	228.226	1948.026	101.857	-26.725	2125.622	90.907	-217.859	2166.889	111.317	164.282	1992.569	252.627	138.587	1984.753	336.098	-92.883	2073.099	336.098	-329.734	2073.099	336.098	-426.381	2073.099	0.000	0.000	0.000	111.317	164.282	1992.569	-26.307	148.126	1995.240	-86.332	-79.442	2109.083	-178.832	-255.299	2237.987	-197.332	-290.471	2263.768	0.000	0.000	0.000	182.647	-328.595	2212.615	182.647	-720.723	2212.615	182.647	-1084.688	2212.615	0.000	0.000	0.000	-13.880	-321.937	2202.594	-22.355	-713.623	2219.160	-27.794	-1075.722	2255.559	0.000	0.000	0.000	
00526	2	0.000	0.000	0.000	94.952	301.101	1848.650	110.777	219.948	1928.219	86.820	-43.086	2104.427	77.140	-231.290	2130.111	104.841	154.778	1971.877	246.300	129.054	1976.217	332.718	-114.378	2024.380	332.718	-353.097	2024.380	332.718	-450.578	2024.380	0.000	0.000	0.000	104.841	154.778	1971.877	-32.535	133.697	1959.116	-108.355	-99.634	2053.216	-174.303	-279.849	2195.202	-187.493	-315.892	2223.600	0.000	0.000	0.000	162.089	-318.836	2176.033	162.089	-712.427	2176.033	162.089	-1079.529	2176.033	0.000	0.000	0.000	-10.803	-314.877	2181.118	-10.803	-708.468	2181.118	-10.803	-1075.570	2181.118	0.000	0.000	0.000	
00527	2	0.000	0.000	0.000	85.252	295.281	1840.383	104.464	214.706	1920.324	79.273	-52.176	2093.702	71.242	-239.012	2122.832	98.237	148.733	1963.183	241.673	125.763	1966.366	316.208	-120.915	2020.339	316.208	-363.990	2020.339	316.208	-461.783	2020.339	0.000	0.000	0.000	98.237	148.733	1963.183	-39.629	131.418	1954.346	-117.008	-108.877	2029.109	-179.324	-311.834	2147.477	-191.787	-352.425	2171.150	0.000	0.000	0.000	148.144	-346.610	2164.602	148.144	-740.787	2164.602	148.144	-1109.065	2164.602	0.000	0.000	0.000	-9.602	-346.790	2162.136	-9.602	-740.966	2162.136	-9.602	-1109.245	2162.136	0.000	0.000	0.000	
00528	2	0.000	0.000	0.000	71.276	285.149	1821.902	89.776	203.162	1901.399	71.518	-70.131	2068.713	65.983	-258.253	2108.660	85.265	135.630	1942.743	232.075	119.058	1941.554	298.076	-130.336	1998.198	298.076	-373.201	1998.198	298.076	-471.480	1998.198	0.000	0.000	0.000	85.265	135.630	1942.743	-52.067	117.107	1938.946	-136.036	-123.633	2007.908	-167.519	-348.779	2093.356	-173.816	-393.808	2110.446	0.000	0.000	0.000	153.964	-379.665	2162.850	153.964	-774.831	2162.850	153.964	-1144.942	2162.850	0.000	0.000	0.000	-28.061	-378.040	2159.663	-28.061	-773.206	2159.663	-28.061	-1143.317	2159.663	0.000	0.000	0.000	
00529	2	0.000	0.000	0.000	65.356	280.276	1814.783	80.463	195.777	1892.686	66.268	-78.455	2058.196	61.296	-268.652	2096.486	76.945	127.807	1933.708	222.257	110.433	1937.362	296.652	-138.675	1985.957	296.652	-381.517	1985.957	296.652	-479.991	1985.957	0.000	0.000	0.000	76.945	127.807	1933.708	-65.685	110.627	1920.528	-141.122	-134.986	1983.253	-163.817	-373.558	2022.505	-168.356	-421.272	2030.355	0.000	0.000	0.000	155.515	-388.916	2142.810	155.515	-784.520	2142.810	155.515	-1155.364	2142.810	0.000	0.000	0.000	-42.242	-384.961	2128.370	-27.950	-779.130	2158.861	-27.950	-1149.974	2158.861	0.000	0.000	0.000	
00530	2	0.000	0.000	0.000	47.159	278.729	1786.601	61.348	186.599	1856.157	56.306	-89.107	2019.091	53.608	-281.783	2052.590	60.093	117.964	1896.718	207.118	105.165	1902.916	266.007	-150.365	1942.033	266.007	-396.701	1942.033	266.007	-495.505	1942.033	0.000	0.000	0.000	60.093	117.964	1896.718	-83.272	96.845	1889.264	-155.097	-149.488	1956.007	-153.930	-395.821	1955.396	-153.697	-445.088	1955.274	0.000	0.000	0.000	147.412	-403.172	2097.849	147.412	-799.606	2097.849	147.412	-1171.692	2097.849	0.000	0.000	0.000	-49.041	-397.540	2083.815	-28.811	-788.886	2143.804	-28.811	-1160.972	2143.804	0.000	0.000	0.000	
00531	2	0.000	0.000	0.000	26.077	265.798	1762.364	45.178	175.971	1834.281	49.206	-104.478	1988.998	49.406	-297.916	2009.248	46.184	105.960	1872.904	194.275	93.943	1878.366	253.511	-163.570	1906.612	220.277	-408.642	1892.475	206.983	-506.673	1886.820	0.000	0.000	0.000	46.184	105.960	1872.904	-98.148	86.616	1883.017	-166.541	-169.997	1892.593	-133.510	-415.448	1897.839	-126.904	-464.538	1898.888	0.000	0.000	0.000	155.319	-386.733	2033.746	155.319	-788.501	2033.746	155.319	-1161.663	2033.746	0.000	0.000	0.000	-50.551	-396.201	2039.369	-27.553	-795.868	2073.348	-16.201	-1148.073	2196.120	0.000	0.000	0.000	
00532	2	0.000	0.000	0.000	10.290	257.354	1751.160	29.287	167.681	1823.806	44.171	-124.793	1963.487	45.993	-313.523	1960.061	32.965	95.403	1858.325	181.402	83.890	1854.527	233.156	-177.348	1859.889	195.000	-414.134	1803.211	179.617	-509.598	1780.360	0.000	0.000	0.000	32.965	95.403	1858.325	-116.880	78.557	1866.184	-161.019	-183.594	1849.418	-128.766	-424.297	1807.494	-122.316	-472.438	1799.109	0.000	0.000	0.000	153.931	-365.964	1966.413	153.931	-768.822	1966.413	153.931	-1142.998	1966.413	0.000	0.000	0.000	-57.381	-372.364	1979.278	-14.622	-771.356	2014.931	162.488	-925.332	2306.361	0.000	0.000	0.000	
00533	2	0.000	0.000	0.000	-1.935	241.826	1737.187	16.024	155.549	1814.563	32.399	-139.000	1939.885	35.673	-329.435	1922.764	20.131	81.666	1845.998	169.540	68.834	1832.045	220.183	-193.283	1837.561	183.784	-418.021	1744.733	169.035	-509.086	1707.118	0.000	0.000	0.000	20.131	81.666	1845.998	-129.418	58.788	1844.167	-161.553	-205.531	1824.080	-125.035	-443.266	1773.116	-117.731	-490.813	1762.923	0.000	0.000	0.000	140.036	-367.156	1929.423	140.036	-769.256	1929.423	140.036	-1144.438	1929.423	0.000	0.000	0.000	-68.315	-366.311	1940.332	33.068	-754.362	1969.017	-1.449	-1090.215	2132.643	0.000	0.000	0.000	
00534	2	0.000	0.000	0.000	-7.606	224.842	1717.725	6.099	142.657	1800.705	20.199	-146.651	1924.049	24.248	-338.483	1903.252	9.709	68.574	1832.289	165.868	67.000	1819.346	214.428	-196.262	1820.145	184.015	-424.895	1716.187	177.932	-470.622	1695.396	0.000	0.000	0.000	9.709	68.574	1832.289	-143.056	48.318	1821.937	-166.135	-217.836	1804.751	-121.189	-456.766	1734.768	-112.199	-504.552	1720.772	0.000	0.000	0.000	125.859	-367.624	1902.712	125.859	-769.635	1902.712	125.859	-1145.833	1902.712	0.000	0.000	0.000	-77.666	-368.780	1905.124	43.184	-752.016	1916.933	233.579	-1002.568	2123.083	0.000	0.000	0.000	
00535	2	0.000	0.000	0.000	-13.239	216.608	1698.427	-1.331	131.351	1779.007	13.608	-150.851	1910.835	18.123	-344.414	1894.215	2.542	58.197	1813.181	160.009	56.623	1794.387	213.529	-205.558	1815.398	184.869	-432.756	1702.172	179.137	-478.196	1679.527	0.000	0.000	0.000	2.542	58.197	1813.181	-151.393	38.950	1807.200	-185.660	-227.128	1798.656	-118.731	-464.267	1731.231	-105.345	-511.694	1717.746	0.000	0.000	0.000	121.081	-371.911	1896.476	121.081	-777.536	1896.476	121.081	-1154.764	1896.476	0.000	0.000	0.000	-82.934	-377.790	1897.165	106.608	-736.281	1906.632	106.608	-1113.508	1906.632	0.000	0.000	0.000	
00536	2	0.000	0.000	0.000	-15.048	211.520	1683.337	-4.627	127.602	1765.746	12.298	-151.775	1903.645	17.445	-346.198	1891.350	-0.236	55.122	1801.521	157.918	55.249	1781.098	213.956	-205.691	1812.862	187.585	-440.062	1710.693	182.311	-486.936	1690.260	0.000	0.000	0.000	-0.236	55.122	1801.521	-154.099	34.665	1795.950	-196.295	-230.643	1787.609	-120.747	-470.051	1732.476	-105.638	-517.933	1721.449	0.000	0.000	0.000	121.098	-376.054	1894.598	121.098	-781.313	1894.598	121.098	-1159.060	1894.598	0.000	0.000	0.000	-81.772	-387.545	1892.737	106.108	-746.138	1911.341	106.108	-1123.886	1911.341	0.000	0.000	0.000	
00537	2	0.000	0.000	0.000	-17.926	198.506	1646.900	-8.323	119.313	1734.398	11.153	-159.920	1883.028	18.805	-352.760	1885.231	-3.335	47.795	1772.465	153.143	43.885	1746.192	213.625	-210.836	1810.163	193.236	-449.184	1726.282	189.158	-496.854	1709.506	0.000	0.000	0.000	-3.335	47.795	1772.465	-156.430	23.975	1763.976	-210.239	-240.015	1770.825	-128.595	-477.306	1734.926	-112.266	-524.764	1727.746	0.000	0.000	0.000	120.497	-417.655	1895.337	103.830	-829.502	1917.822	29.358	-1123.028	2145.379	0.000	0.000	0.000	-75.086	-429.844	1893.239	88.062	-808.601	1911.329	88.062	-1187.397	1911.329	0.000	0.000	0.000	
00538	2	0.000	0.000	0.000	-18.706	195.167	1632.548	-9.247	113.984	1718.445	11.625	-167.900	1872.017	20.648	-359.834	1882.189	-3.973	42.755	1757.251	150.503	36.445	1739.577	211.499	-219.204	1800.868	199.610	-461.580	1731.658	197.232	-510.055	1717.816	0.000	0.000	0.000	-3.973	42.755	1757.251	-156.332	18.416	1753.254	-214.561	-244.817	1765.546	-131.836	-481.386	1736.068	-115.291	-528.700	1730.173	0.000	0.000	0.000	122.417	-444.290	1896.959	100.192	-856.661	1919.950	16.566	-1139.109	2158.940	0.000	0.000	0.000	-73.489	-452.772	1894.263	51.368	-845.755	1926.640	51.368	-1225.078	1926.640	0.000	0.000	0.000	
00539	2	0.000	0.000	0.000	-18.937	184.322	1607.768	-9.795	99.796	1690.890	12.851	-183.226	1845.774	23.655	-375.898	1873.924	-4.087	28.465	1729.926	148.859	20.056	1716.496	215.310	-229.112	1784.655	252.142	-477.269	1786.112	259.508	-526.900	1786.404	0.000	0.000	0.000	-4.087	28.465	1729.926	-155.695	-0.770	1718.902	-215.152	-258.642	1752.270	-161.375	-503.595	1745.466	-150.620	-552.585	1744.105	0.000	0.000	0.000	121.065	-492.218	1919.077	114.754	-903.107	1911.193	17.659	-1153.770	2180.329	0.000	0.000	0.000	-68.414	-498.821	1898.037	35.485	-888.705	1976.308	35.485	-1269.092	1976.308	0.000	0.000	0.000	
00540	2	0.000	0.000	0.000	-18.149	175.157	1592.710	-9.871	91.887	1677.416	13.316	-191.708	1832.747	24.266	-384.239	1868.674	-4.032	20.478	1716.528	149.715	12.308	1698.192	220.257	-233.035	1769.716	257.752	-477.363	1810.071	265.251	-526.228	1818.141	0.000	0.000	0.000	-4.032	20.478	1716.528	-157.416	-6.190	1706.458	-211.706	-262.913	1744.292	-182.735	-510.929	1763.751	-176.941	-560.533	1767.642	0.000	0.000	0.000	121.792	-510.250	1915.503	114.026	-924.196	1877.141	13.772	-1157.230	2161.299	0.000	0.000	0.000	-68.112	-513.342	1898.991	21.549	-907.423	1996.681	21.549	-1288.345	1996.681	0.000	0.000	0.000	
00541	2	0.000	0.000	0.000	-16.422	153.450	1555.472	-9.044	64.916	1635.253	11.159	-215.957	1798.561	19.579	-406.816	1837.855	-3.964	-5.714	1676.319	149.370	-9.230	1677.507	222.469	-259.074	1737.056	255.264	-490.256	1826.540	261.823	-536.493	1844.437	0.000	0.000	0.000	-3.964	-5.714	1676.319	-156.196	-29.725	1677.297	-209.756	-283.465	1741.005	-213.902	-529.515	1785.392	-214.731	-578.725	1794.270	0.000	0.000	0.000	126.716	-520.561	1870.529	112.432	-926.269	1789.289	16.550	-1149.502	2084.072	0.000	0.000	0.000	-75.840	-522.115	1889.352	10.476	-920.547	1961.490	10.476	-1302.546	1961.490	0.000	0.000	0.000	
00542	2	0.000	0.000	0.000	-14.362	144.835	1537.629	-8.686	54.536	1615.809	8.542	-232.986	1778.881	15.135	-423.517	1813.679	-4.419	-16.672	1656.195	150.358	-23.807	1647.326	221.637	-265.570	1735.375	255.898	-484.995	1850.208	262.751	-528.880	1873.175	0.000	0.000	0.000	-4.419	-16.672	1656.195	-157.563	-40.812	1650.019	-210.224	-290.905	1727.240	-234.629	-524.148	1813.898	-239.510	-570.797	1831.230	0.000	0.000	0.000	123.226	-522.852	1836.731	113.802	-929.009	1762.446	20.292	-1144.267	2064.535	0.000	0.000	0.000	-82.893	-519.036	1866.827	46.980	-910.972	1857.351	46.980	-1293.513	1857.351	0.000	0.000	0.000	
00543	2	0.000	0.000	0.000	-6.265	134.414	1486.738	-5.852	41.731	1562.827	6.607	-246.598	1735.917	11.372	-436.424	1757.489	-2.809	-28.703	1605.110	148.986	-41.291	1604.781	219.872	-271.272	1713.421	256.101	-464.887	1867.628	263.347	-503.610	1898.470	0.000	0.000	0.000	-2.809	-28.703	1605.110	-153.246	-50.155	1612.422	-210.581	-298.895	1679.951	-245.583	-518.464	1794.596	-252.583	-562.377	1817.525	0.000	0.000	0.000	118.594	-521.588	1785.068	118.839	-932.341	1754.564	56.319	-1232.579	1985.044	0.000	0.000	0.000	-93.975	-516.755	1793.250	55.087	-896.780	1738.386	55.087	-1280.412	1738.386	0.000	0.000	0.000	
00544	2	0.000	0.000	0.000	0.962	130.926	1463.922	-0.287	36.289	1537.835	7.163	-248.000	1719.363	11.066	-437.055	1735.830	1.531	-33.081	1582.130	153.979	-47.064	1583.041	219.317	-274.635	1693.948	263.058	-455.860	1860.985	271.806	-492.105	1894.392	0.000	0.000	0.000	1.531	-33.081	1582.130	-147.269	-56.313	1588.928	-208.975	-298.428	1665.941	-255.933	-495.487	1812.977	-265.325	-534.899	1842.384	0.000	0.000	0.000	119.705	-521.784	1756.339	123.150	-933.376	1749.886	116.477	-1283.320	1908.277	0.000	0.000	0.000	-94.767	-520.702	1764.906	58.138	-899.135	1711.337	58.138	-1283.314	1711.337	0.000	0.000	0.000	
00545	2	0.000	0.000	0.000	16.502	126.996	1432.956	12.190	25.621	1501.304	12.421	-262.912	1675.939	14.540	-449.924	1694.758	12.247	-45.011	1544.054	165.757	-56.962	1555.329	224.742	-302.103	1641.654	269.640	-462.654	1828.942	278.620	-494.765	1866.400	0.000	0.000	0.000	12.247	-45.011	1544.054	-138.948	-62.187	1553.919	-207.639	-311.706	1617.534	-259.436	-493.947	1781.774	-269.796	-530.396	1814.622	0.000	0.000	0.000	124.635	-524.043	1716.890	122.387	-935.684	1720.147	191.923	-1229.278	1959.746	0.000	0.000	0.000	-89.134	-534.634	1721.949	21.167	-931.236	1719.805	21.167	-1316.515	1719.805	0.000	0.000	0.000	
00546	2	0.000	0.000	0.000	28.757	121.165	1395.461	21.799	20.062	1468.506	23.445	-272.913	1635.325	23.937	-459.590	1656.186	22.203	-51.889	1509.475	175.977	-67.708	1517.703	223.874	-310.137	1626.543	273.928	-486.693	1798.180	283.939	-522.004	1832.508	0.000	0.000	0.000	22.203	-51.889	1509.475	-132.067	-67.926	1518.287	-199.766	-317.488	1596.054	-257.962	-506.475	1751.083	-269.601	-544.273	1782.088	0.000	0.000	0.000	132.978	-537.595	1679.477	132.452	-951.842	1707.930	189.576	-1036.480	2080.576	0.000	0.000	0.000	-80.296	-545.370	1684.973	10.309	-948.865	1722.293	10.309	-1335.248	1722.293	0.000	0.000	0.000	
00547	2	0.000	0.000	0.000	37.511	108.141	1357.856	29.466	10.673	1439.896	28.961	-288.291	1605.630	28.329	-475.601	1628.646	29.343	-61.949	1480.155	179.751	-88.136	1483.073	226.443	-338.009	1581.419	280.553	-532.817	1731.621	291.374	-571.778	1761.661	0.000	0.000	0.000	29.343	-61.949	1480.155	-122.772	-84.400	1484.592	-184.216	-297.730	1642.716	-253.102	-521.614	1735.285	-266.879	-566.391	1753.799	0.000	0.000	0.000	134.108	-579.802	1651.580	133.324	-993.524	1681.369	50.367	-1078.515	2050.209	0.000	0.000	0.000	-77.040	-580.340	1654.739	-77.040	-995.134	1654.739	-77.040	-1382.623	1654.739	0.000	0.000	0.000	
00548	2	0.000	0.000	0.000	47.214	93.109	1338.183	35.403	-10.582	1411.697	34.324	-311.871	1579.639	32.331	-499.400	1605.247	35.143	-83.317	1452.240	183.705	-109.042	1466.393	241.308	-356.998	1574.518	295.007	-590.849	1653.209	305.747	-637.619	1668.948	0.000	0.000	0.000	35.143	-83.317	1452.240	-115.125	-106.692	1464.458	-178.703	-342.801	1593.693	-261.687	-571.878	1660.021	-278.283	-617.694	1673.286	0.000	0.000	0.000	135.437	-600.644	1633.636	137.783	-1015.257	1649.924	137.783	-1403.851	1649.924	0.000	0.000	0.000	-72.580	-602.029	1625.518	-72.580	-1016.968	1625.518	-72.580	-1405.562	1625.518	0.000	0.000	0.000	
00549	2	0.000	0.000	0.000	54.771	71.881	1318.583	42.330	-28.272	1395.453	40.029	-331.406	1559.493	38.296	-518.879	1584.700	41.773	-101.664	1435.169	192.819	-124.178	1451.402	259.157	-381.577	1544.871	304.385	-629.275	1569.613	313.431	-678.815	1574.561	0.000	0.000	0.000	41.773	-101.664	1435.169	-111.646	-124.542	1440.164	-173.587	-376.421	1550.215	-232.067	-620.178	1584.494	-243.763	-668.929	1591.350	0.000	0.000	0.000	136.757	-621.167	1618.603	149.367	-1035.691	1638.044	149.367	-1425.122	1638.044	0.000	0.000	0.000	-63.719	-622.007	1602.396	-63.719	-1037.178	1602.396	-63.719	-1426.610	1602.396	0.000	0.000	0.000	
00550	2	0.000	0.000	0.000	43.211	16.915	1177.654	39.636	-87.454	1248.798	36.339	-388.030	1405.693	32.357	-581.084	1412.525	38.821	-161.787	1287.598	177.332	-175.479	1353.609	219.866	-459.089	1381.198	231.359	-677.697	1250.326	233.658	-721.418	1224.151	0.000	0.000	0.000	38.821	-161.787	1287.598	-106.373	-212.407	1221.192	-193.621	-483.807	1262.842	-115.448	-726.545	1266.890	-99.814	-775.093	1267.700	0.000	0.000	0.000	140.968	-650.876	1435.802	140.968	-1067.005	1435.802	140.968	-1458.319	1435.802	0.000	0.000	0.000	-80.327	-648.129	1405.483	-80.327	-1064.258	1405.483	-80.327	-1455.572	1405.483	0.000	0.000	0.000	
