00478	1	0.000	0.000	0.000	22.047	81.577	2466.093	18.196	18.075	2539.434	9.066	-184.884	2706.769	7.785	-334.389	2726.177	15.888	-33.250	2581.750	152.680	-71.046	2588.437	188.336	-279.398	2652.823	103.125	-125.609	2553.072	68.358	-62.861	2512.372	0.000	0.000	0.000	15.888	-33.250	2581.750	-108.884	-56.017	2621.840	-187.288	-254.554	2678.965	-159.177	-79.682	2581.540	-147.707	-8.332	2541.789	0.000	0.000	0.000	49.306	-473.644	2715.686	49.306	-803.845	2715.686	49.306	-1114.449	2715.686	0.000	0.000	0.000	-22.137	-478.942	2717.016	-22.137	-809.143	2717.016	-22.137	-1119.747	2717.016	0.000	0.000	0.000	
00479	1	0.000	0.000	0.000	22.295	72.508	2453.979	17.419	12.578	2530.208	9.194	-189.141	2701.224	8.305	-340.889	2722.812	15.350	-38.167	2573.229	141.499	-79.714	2594.498	155.742	-300.061	2602.975	78.668	-128.813	2528.397	47.208	-58.912	2497.956	0.000	0.000	0.000	15.350	-38.167	2573.229	-115.926	-59.373	2601.545	-189.218	-259.806	2658.835	-156.549	-77.501	2578.052	-143.214	-3.088	2545.078	0.000	0.000	0.000	46.092	-489.175	2713.274	46.092	-819.375	2713.274	46.092	-1129.979	2713.274	0.000	0.000	0.000	-24.389	-492.718	2721.214	-24.389	-822.919	2721.214	-24.389	-1133.522	2721.214	0.000	0.000	0.000	
00480	1	0.000	0.000	0.000	22.354	67.650	2443.675	16.368	9.237	2520.995	9.109	-190.321	2696.104	8.453	-344.159	2719.728	14.549	-40.773	2564.878	146.090	-70.065	2588.587	141.491	-286.642	2544.996	59.819	-107.805	2498.649	26.470	-34.783	2479.725	0.000	0.000	0.000	14.549	-40.773	2564.878	-113.653	-59.280	2599.004	-194.697	-257.730	2652.638	-156.624	-73.075	2580.155	-141.078	2.324	2550.559	0.000	0.000	0.000	38.486	-498.415	2711.775	38.486	-828.615	2711.775	38.486	-1139.218	2711.775	0.000	0.000	0.000	-30.040	-496.584	2719.480	-30.040	-826.784	2719.480	-30.040	-1137.387	2719.480	0.000	0.000	0.000	
00481	1	0.000	0.000	0.000	22.098	58.570	2422.114	15.370	2.622	2501.175	8.697	-194.298	2679.582	7.788	-349.847	2706.705	13.699	-46.688	2545.849	149.727	-64.465	2572.392	226.735	-271.402	2563.796	110.643	-120.807	2495.930	63.217	-59.287	2468.205	0.000	0.000	0.000	13.699	-46.688	2545.849	-118.263	-71.599	2566.428	-202.842	-241.794	2679.153	-145.319	-79.762	2573.329	-121.821	-13.569	2530.099	0.000	0.000	0.000	39.900	-499.526	2701.233	39.900	-829.726	2701.233	39.900	-1140.328	2701.233	0.000	0.000	0.000	-23.474	-499.999	2700.881	-23.474	-830.199	2700.881	-23.474	-1140.801	2700.881	0.000	0.000	0.000	
00482	1	0.000	0.000	0.000	22.184	55.669	2413.035	15.275	-0.937	2491.611	8.730	-200.641	2667.455	7.378	-356.783	2690.990	13.639	-50.876	2535.583	146.703	-71.286	2563.815	304.816	-197.360	2652.881	174.495	-119.636	2519.752	121.248	-87.879	2465.357	0.000	0.000	0.000	13.639	-50.876	2535.583	-125.408	-75.746	2536.860	-192.053	-231.986	2678.191	-145.992	-71.969	2564.081	-127.172	-6.589	2517.458	0.000	0.000	0.000	39.538	-499.483	2680.255	39.538	-829.682	2680.255	39.538	-1140.285	2680.255	0.000	0.000	0.000	-18.481	-502.210	2682.602	-18.481	-832.409	2682.602	-18.481	-1143.011	2682.602	0.000	0.000	0.000	
00483	1	0.000	0.000	0.000	21.516	45.987	2386.842	12.299	-9.972	2465.644	6.950	-215.746	2638.816	3.000	-371.927	2659.466	10.975	-60.887	2508.492	158.641	-75.936	2495.594	138.069	-294.633	2519.574	250.349	-146.271	2597.740	296.236	-85.638	2629.686	0.000	0.000	0.000	10.975	-60.887	2508.492	-126.689	-82.437	2511.420	-199.108	-233.921	2655.069	-159.212	-68.450	2546.646	-142.907	-0.824	2502.335	0.000	0.000	0.000	44.417	-492.935	2635.257	44.417	-823.134	2635.257	44.417	-1133.736	2635.257	0.000	0.000	0.000	-2.069	-506.581	2651.552	-2.069	-836.780	2651.552	-2.069	-1147.382	2651.552	0.000	0.000	0.000	
00484	1	0.000	0.000	0.000	21.968	39.173	2371.068	14.619	-15.704	2450.821	11.936	-224.460	2623.427	3.908	-381.404	2642.529	13.960	-66.997	2493.231	157.970	-71.074	2497.783	133.543	-283.962	2551.718	276.471	-186.147	2655.279	334.888	-146.169	2697.607	0.000	0.000	0.000	13.960	-66.997	2493.231	-128.415	-64.379	2505.527	-189.828	-246.450	2614.639	-150.238	-69.730	2525.624	-134.057	2.499	2489.242	0.000	0.000	0.000	51.029	-495.715	2620.072	51.029	-825.914	2620.072	51.029	-1136.516	2620.072	0.000	0.000	0.000	-1.020	-512.632	2639.049	-1.020	-842.831	2639.049	-1.020	-1153.433	2639.049	0.000	0.000	0.000	
00485	1	0.000	0.000	0.000	22.459	35.826	2318.181	10.826	-28.069	2391.927	24.566	-221.820	2582.270	11.508	-377.326	2614.446	14.188	-75.488	2438.512	141.876	-66.625	2473.727	214.948	-253.273	2566.729	101.401	-126.602	2457.411	55.087	-74.936	2412.822	0.000	0.000	0.000	14.188	-75.488	2438.512	-113.226	-127.324	2402.474	-193.651	-175.572	2602.552	-118.971	-75.971	2443.204	-88.511	-35.346	2378.209	0.000	0.000	0.000	57.936	-498.793	2597.244	57.936	-828.991	2597.244	57.936	-1139.593	2597.244	0.000	0.000	0.000	3.517	-516.238	2620.889	3.517	-846.437	2620.889	3.517	-1157.038	2620.889	0.000	0.000	0.000	
00486	1	0.000	0.000	0.000	23.811	38.698	2294.801	9.992	-34.784	2355.523	42.029	-223.512	2546.103	33.650	-380.397	2574.770	17.886	-81.287	2402.482	139.371	-52.580	2447.485	275.484	-183.372	2562.348	123.774	-109.941	2450.806	61.865	-79.975	2405.289	0.000	0.000	0.000	17.886	-81.287	2402.482	-63.657	-175.842	2369.348	-174.748	-200.027	2558.823	-101.749	-68.966	2423.383	-71.961	-15.483	2368.114	0.000	0.000	0.000	76.766	-505.074	2568.976	76.766	-835.273	2568.976	76.766	-1145.875	2568.976	0.000	0.000	0.000	17.133	-514.755	2596.895	17.133	-844.954	2596.895	17.133	-1155.556	2596.895	0.000	0.000	0.000	
00487	3	0.000	0.000	0.000	26.259	45.549	2267.682	9.656	-47.481	2287.702	55.714	-220.648	2486.376	49.055	-375.683	2526.291	21.114	-90.561	2337.128	107.438	-70.291	2414.019	169.011	-249.820	2532.827	191.438	-75.836	2432.728	200.596	-4.789	2391.852	0.000	0.000	0.000	21.114	-90.561	2337.128	-129.983	-127.790	2297.151	-173.323	-188.043	2508.406	-19.596	-103.783	2408.100	43.180	-69.374	2367.139	0.000	0.000	0.000	87.533	-520.253	2531.049	87.533	-850.452	2531.049	87.533	-1161.053	2531.049	0.000	0.000	0.000	18.709	-523.724	2559.314	18.709	-853.922	2559.314	18.709	-1164.524	2559.314	0.000	0.000	0.000	
00488	3	0.000	0.000	0.000	23.199	42.236	2260.621	6.221	-52.816	2265.803	14.551	-210.383	2481.309	2.347	-359.924	2530.469	8.297	-92.081	2319.506	97.728	-88.255	2393.479	218.957	-218.414	2528.520	209.285	-44.574	2426.250	205.335	26.433	2384.478	0.000	0.000	0.000	8.297	-92.081	2319.506	-131.536	-118.572	2317.084	-194.437	-191.865	2518.443	-21.069	-151.614	2423.068	13.605	-143.564	2403.993	0.000	0.000	0.000	16.442	-517.388	2563.927	16.442	-847.587	2563.927	16.442	-1158.189	2563.927	0.000	0.000	0.000	-49.429	-507.218	2564.833	-49.429	-837.416	2564.833	-49.429	-1148.018	2564.833	0.000	0.000	0.000	
00489	3	0.000	0.000	0.000	25.537	27.267	2233.026	11.552	-68.540	2231.398	39.884	-224.247	2443.175	37.759	-371.384	2503.582	18.685	-107.740	2284.714	110.689	-106.493	2351.729	259.460	-151.853	2510.805	352.404	-213.386	2681.917	389.941	-238.237	2751.024	0.000	0.000	0.000	18.685	-107.740	2284.714	-134.457	-122.435	2192.350	-79.642	-218.064	2385.601	116.651	-166.180	2363.667	155.910	-155.803	2359.280	0.000	0.000	0.000	75.979	-518.753	2537.592	75.979	-848.952	2537.592	75.979	-1159.553	2537.592	0.000	0.000	0.000	-4.141	-518.256	2533.126	-4.141	-848.455	2533.126	-4.141	-1159.057	2533.126	0.000	0.000	0.000	
00490	3	0.000	0.000	0.000	37.765	19.208	2211.241	24.557	-76.161	2222.076	55.703	-237.346	2429.001	61.355	-386.895	2484.134	32.406	-116.777	2274.218	110.665	-102.012	2354.693	241.148	-210.028	2498.457	143.553	-78.589	2374.290	104.378	-25.829	2324.448	0.000	0.000	0.000	32.406	-116.777	2274.218	-89.650	-84.594	2110.023	-37.869	-195.988	2295.148	163.822	-176.688	2329.307	204.160	-172.828	2336.139	0.000	0.000	0.000	39.677	-524.233	2534.986	39.677	-854.431	2534.986	39.677	-1165.032	2534.986	0.000	0.000	0.000	-11.060	-499.311	2502.780	-11.060	-829.509	2502.780	-11.060	-1140.110	2502.780	0.000	0.000	0.000	
00491	3	0.000	0.000	0.000	49.211	7.837	2174.852	59.519	-87.466	2189.397	42.844	-282.756	2367.077	42.458	-438.036	2332.912	55.324	-136.598	2234.099	126.859	-102.956	2333.489	275.468	-196.656	2468.772	349.729	-68.717	2328.128	379.735	-17.023	2271.300	0.000	0.000	0.000	55.324	-136.598	2234.099	39.676	-5.862	2053.442	5.544	-192.115	2168.813	186.700	-181.751	2262.294	222.931	-179.678	2280.990	0.000	0.000	0.000	35.146	-512.744	2400.106	35.146	-842.933	2400.106	35.146	-1153.525	2400.106	0.000	0.000	0.000	6.953	-525.816	2369.430	6.953	-856.004	2369.430	6.953	-1166.596	2369.430	0.000	0.000	0.000	
00492	3	0.000	0.000	0.000	36.933	-4.518	2169.782	71.531	-95.019	2165.607	23.279	-318.209	2299.465	20.272	-460.653	2221.474	59.398	-151.139	2199.265	132.772	-106.420	2311.223	262.569	-199.741	2464.643	344.349	-57.190	2344.409	377.471	0.544	2295.713	0.000	0.000	0.000	59.398	-151.139	2199.265	108.791	23.539	2067.422	108.791	-198.032	2067.422	108.791	-401.661	2067.422	108.791	-484.133	2067.422	0.000	0.000	0.000	67.044	-497.610	2299.119	67.044	-827.786	2299.119	67.044	-1138.366	2299.119	0.000	0.000	0.000	34.589	-510.436	2302.156	34.589	-840.612	2302.156	34.589	-1151.193	2302.156	0.000	0.000	0.000	
00493	3	0.000	0.000	0.000	18.992	-26.829	2150.000	79.872	-101.812	2141.126	8.117	-336.094	2241.507	-28.037	-477.761	2171.367	61.838	-160.694	2166.355	142.283	-123.681	2284.995	106.615	-290.793	2425.828	246.593	-144.126	2411.753	303.393	-84.612	2406.042	0.000	0.000	0.000	61.838	-160.694	2166.355	36.003	-166.716	2278.729	36.003	-388.147	2278.729	36.003	-591.379	2278.729	36.003	-673.845	2278.729	0.000	0.000	0.000	25.579	-462.988	2271.455	25.579	-793.141	2271.455	25.579	-1103.701	2271.455	0.000	0.000	0.000	5.270	-480.896	2275.176	5.270	-811.050	2275.176	5.270	-1121.609	2275.176	0.000	0.000	0.000	
00494	3	0.000	0.000	0.000	6.532	-58.962	2105.090	81.388	-120.596	2097.994	-1.269	-366.168	2155.955	-90.304	-496.614	2113.231	60.627	-182.276	2112.552	126.203	-145.559	2247.903	126.203	-367.273	2247.903	126.203	-570.372	2247.903	126.203	-653.010	2247.903	0.000	0.000	0.000	60.627	-182.276	2112.552	4.727	-184.022	2221.301	4.727	-405.736	2221.301	4.727	-608.835	2221.301	4.727	-691.472	2221.301	0.000	0.000	0.000	-1.700	-481.666	2204.127	-1.700	-812.507	2204.127	-1.700	-1123.713	2204.127	0.000	0.000	0.000	-25.538	-491.613	2211.972	-25.538	-822.454	2211.972	-25.538	-1133.660	2211.972	0.000	0.000	0.000	
00495	3	0.000	0.000	0.000	4.691	-62.976	2093.687	75.194	-129.204	2082.278	-0.171	-378.127	2138.204	-84.461	-500.382	2077.833	56.269	-191.711	2096.322	114.877	-186.370	2224.760	114.877	-408.398	2224.760	114.877	-611.645	2224.760	114.877	-694.424	2224.760	0.000	0.000	0.000	56.269	-191.711	2096.322	-76.930	-170.259	2064.475	-76.930	-392.287	2064.475	-76.930	-595.534	2064.475	-76.930	-678.313	2064.475	0.000	0.000	0.000	-1.304	-507.185	2167.462	-1.304	-838.590	2167.462	-1.304	-1150.327	2167.462	0.000	0.000	0.000	-36.763	-518.388	2171.112	-36.763	-849.793	2171.112	-36.763	-1161.530	2171.112	0.000	0.000	0.000	
00496	3	0.000	0.000	0.000	9.420	-51.109	2076.429	55.804	-134.863	2058.152	-17.266	-378.796	2135.949	-10.711	-488.364	2018.285	37.462	-196.096	2077.681	98.656	-147.427	2210.365	98.656	-369.486	2210.365	98.656	-572.561	2210.365	98.656	-655.385	2210.365	0.000	0.000	0.000	37.462	-196.096	2077.681	-98.517	-159.930	2031.329	-98.517	-381.989	2031.329	-98.517	-585.064	2031.329	-98.517	-667.888	2031.329	0.000	0.000	0.000	31.893	-502.891	2131.354	31.893	-834.478	2131.354	31.893	-1146.385	2131.354	0.000	0.000	0.000	-12.631	-510.889	2138.908	-12.631	-842.475	2138.908	-12.631	-1154.383	2138.908	0.000	0.000	0.000	
00497	3	0.000	0.000	0.000	14.549	-22.088	2052.195	41.031	-113.907	2035.560	-21.923	-341.700	2155.457	-11.340	-429.081	2024.440	25.231	-171.077	2065.651	177.900	-137.648	2111.340	177.900	-358.557	2111.340	177.900	-560.453	2111.340	177.900	-642.870	2111.340	0.000	0.000	0.000	25.231	-171.077	2065.651	-110.084	-101.439	1990.302	-110.084	-322.348	1990.302	-110.084	-524.244	1990.302	-110.084	-606.661	1990.302	0.000	0.000	0.000	21.766	-470.925	2122.289	21.766	-800.880	2122.289	21.766	-1111.252	2122.289	0.000	0.000	0.000	-10.007	-486.861	2114.945	-10.007	-816.815	2114.945	-10.007	-1127.188	2114.945	0.000	0.000	0.000	
00498	3	0.000	0.000	0.000	11.395	27.141	2012.918	33.017	-65.070	2003.714	25.639	-218.706	2215.958	10.683	-371.587	2234.330	31.180	-103.310	2056.542	120.352	-85.487	2131.994	230.818	-194.157	2283.404	121.334	-81.995	2162.588	99.437	-59.563	2138.424	0.000	0.000	0.000	31.180	-103.310	2056.542	-104.304	-46.311	1930.972	-104.304	-262.960	1930.972	-104.304	-460.858	1930.972	-104.304	-541.704	1930.972	0.000	0.000	0.000	62.649	-413.388	2314.304	62.649	-737.054	2314.304	62.649	-1041.511	2314.304	0.000	0.000	0.000	6.984	-423.050	2327.935	6.984	-746.716	2327.935	6.984	-1051.173	2327.935	0.000	0.000	0.000	
00499	3	0.000	0.000	0.000	9.840	44.807	1962.379	27.526	-45.675	1976.491	32.197	-142.221	2213.758	39.652	-232.080	2336.841	28.692	-69.771	2035.709	101.135	-77.322	2108.715	207.700	-198.440	2246.751	94.045	-84.853	2138.220	47.601	-38.437	2093.869	0.000	0.000	0.000	28.692	-69.771	2035.709	-117.220	-39.677	1922.498	-117.220	-251.996	1922.498	-117.220	-445.900	1922.498	-117.220	-525.136	1922.498	0.000	0.000	0.000	91.727	-419.922	2461.137	91.727	-737.147	2461.137	91.727	-1035.545	2461.137	0.000	0.000	0.000	0.218	-417.097	2466.909	0.218	-734.322	2466.909	0.218	-1032.720	2466.909	0.000	0.000	0.000	
00500	3	0.000	0.000	0.000	8.652	60.603	1923.802	12.198	-26.564	1945.850	13.762	-121.429	2178.009	21.800	-218.509	2297.297	12.587	-50.160	2003.596	50.969	-60.076	2089.093	190.424	-154.507	2209.654	81.645	-48.043	2097.390	37.185	-4.529	2051.506	0.000	0.000	0.000	12.587	-50.160	2003.596	-132.490	-20.672	1992.492	-132.490	-227.794	1992.492	-132.490	-416.926	1992.492	-132.490	-494.227	1992.492	0.000	0.000	0.000	105.560	-407.015	2428.611	105.560	-716.492	2428.611	105.560	-1007.601	2428.611	0.000	0.000	0.000	-28.557	-394.348	2410.740	-28.557	-703.824	2410.740	-28.557	-994.934	2410.740	0.000	0.000	0.000	
00501	3	0.000	0.000	0.000	10.596	68.336	1912.878	6.051	-18.609	1935.497	4.450	-114.286	2159.944	9.928	-218.952	2272.141	5.647	-42.736	1992.097	51.508	-50.090	2075.709	183.916	-145.928	2198.250	98.448	-31.633	2075.603	63.818	14.677	2025.909	0.000	0.000	0.000	5.647	-42.736	1992.097	-81.273	-32.700	2057.532	-81.273	-236.987	2057.532	-81.273	-425.165	2057.532	-81.273	-501.410	2057.532	0.000	0.000	0.000	99.193	-397.563	2407.375	99.193	-702.809	2407.375	99.193	-989.940	2407.375	0.000	0.000	0.000	-64.858	-398.969	2408.380	-64.858	-704.216	2408.380	-64.858	-991.347	2408.380	0.000	0.000	0.000	
00502	3	0.000	0.000	0.000	14.314	76.157	1906.470	3.059	-9.199	1927.462	1.290	-98.296	2151.063	3.273	-205.099	2260.375	2.614	-31.645	1983.794	83.176	-31.914	2051.265	190.147	-137.323	2185.361	118.123	-18.294	2063.199	88.891	30.015	2013.618	0.000	0.000	0.000	2.614	-31.645	1983.794	-53.953	-47.245	2059.991	-53.953	-248.580	2059.991	-53.953	-433.725	2059.991	-53.953	-508.869	2059.991	0.000	0.000	0.000	88.046	-322.823	2426.149	88.046	-623.662	2426.149	88.046	-906.647	2426.149	0.000	0.000	0.000	-70.381	-331.676	2435.955	-70.381	-632.516	2435.955	-70.381	-915.500	2435.955	0.000	0.000	0.000	
00503	3	0.000	0.000	0.000	22.892	102.882	1904.809	3.821	20.984	1924.652	2.098	-53.332	2145.898	2.589	-154.767	2252.420	3.384	2.147	1980.731	96.579	-9.953	2033.553	201.390	-117.114	2160.475	238.481	-228.687	2296.990	253.573	-274.085	2352.537	0.000	0.000	0.000	3.384	2.147	1980.731	-70.409	-3.829	2048.324	-160.105	-121.685	2177.331	-160.105	-301.853	2177.331	-160.105	-375.162	2177.331	0.000	0.000	0.000	89.805	-280.292	2414.313	89.805	-573.784	2414.313	89.805	-849.858	2414.313	0.000	0.000	0.000	-77.278	-308.341	2416.493	-77.278	-601.833	2416.493	-77.278	-877.907	2416.493	0.000	0.000	0.000	
00504	3	0.000	0.000	0.000	26.123	120.944	1902.594	4.571	39.314	1916.720	2.594	-33.870	2139.325	1.963	-131.663	2246.427	4.076	21.005	1972.411	93.796	6.595	2026.413	193.426	-106.249	2149.802	233.256	-231.813	2270.077	249.478	-282.951	2319.061	0.000	0.000	0.000	4.076	21.005	1972.411	-69.993	10.530	2037.865	-149.439	-113.100	2165.492	-149.439	-291.478	2165.492	-149.439	-364.126	2165.492	0.000	0.000	0.000	86.004	-284.781	2427.124	86.004	-575.627	2427.124	86.004	-849.212	2427.124	0.000	0.000	0.000	-83.861	-303.555	2400.854	-83.861	-594.400	2400.854	-83.861	-867.985	2400.854	0.000	0.000	0.000	
00505	3	0.000	0.000	0.000	38.324	209.371	1895.511	32.306	125.928	1900.285	45.022	61.001	2122.994	50.737	-32.452	2227.488	35.449	109.881	1955.331	112.667	97.233	2013.065	192.786	-41.155	2118.767	235.222	-195.194	2189.370	252.509	-257.942	2218.130	0.000	0.000	0.000	35.449	109.881	1955.331	-44.050	95.939	2015.485	-122.380	-40.257	2125.295	-122.380	-214.939	2125.295	-122.380	-286.095	2125.295	0.000	0.000	0.000	128.935	-243.787	2428.575	128.935	-528.662	2428.575	128.935	-796.630	2428.575	0.000	0.000	0.000	-14.847	-238.926	2393.905	-14.847	-523.801	2393.905	-14.847	-791.769	2393.905	0.000	0.000	0.000	
00506	3	0.000	0.000	0.000	39.221	227.525	1895.098	36.555	143.371	1900.380	47.228	76.857	2121.552	50.417	-18.660	2223.568	39.201	126.883	1955.206	115.006	105.877	2011.106	197.009	-30.737	2117.754	232.144	-190.737	2178.875	246.415	-255.729	2203.702	0.000	0.000	0.000	39.201	126.883	1955.206	-39.778	102.589	2011.424	-119.549	-34.606	2119.017	-126.118	-199.403	2177.059	-128.786	-266.343	2200.636	0.000	0.000	0.000	128.054	-230.278	2403.263	128.054	-514.612	2403.263	128.054	-782.071	2403.263	0.000	0.000	0.000	-18.777	-223.925	2374.793	-18.777	-508.259	2374.793	-18.777	-775.718	2374.793	0.000	0.000	0.000	
00507	3	0.000	0.000	0.000	43.186	255.127	1909.661	41.962	173.443	1928.717	49.298	88.977	2142.427	46.171	-16.141	2233.821	43.791	152.382	1982.003	126.912	141.347	2034.637	209.001	0.784	2134.471	234.044	-174.371	2161.402	243.984	-243.892	2172.092	0.000	0.000	0.000	43.791	152.382	1982.003	-39.356	135.837	2035.669	-117.315	-12.807	2126.722	-125.340	-185.477	2173.115	-128.525	-254.012	2191.528	0.000	0.000	0.000	120.675	-221.871	2374.968	120.675	-506.270	2374.968	120.675	-773.790	2374.968	0.000	0.000	0.000	-34.847	-227.098	2370.395	-34.847	-511.497	2370.395	-34.847	-779.017	2370.395	0.000	0.000	0.000	
00508	3	0.000	0.000	0.000	57.655	281.659	1941.510	47.028	200.103	1959.009	51.883	104.427	2171.119	46.390	-12.395	2247.408	48.228	176.454	2011.438	137.675	159.526	2056.436	221.315	12.959	2146.740	230.973	-164.481	2146.357	234.847	-235.664	2146.203	0.000	0.000	0.000	48.228	176.454	2011.438	-50.060	146.428	2042.962	-127.603	-5.592	2129.619	-131.444	-183.227	2132.771	-132.986	-254.487	2134.036	0.000	0.000	0.000	124.807	-183.518	2331.718	124.807	-468.920	2331.718	124.807	-737.383	2331.718	0.000	0.000	0.000	-43.705	-187.770	2331.787	-43.705	-473.171	2331.787	-43.705	-741.634	2331.787	0.000	0.000	0.000	
00509	3	0.000	0.000	0.000	70.112	313.085	1961.822	54.765	234.262	1987.976	54.345	121.937	2191.748	47.706	-4.426	2252.180	54.661	206.348	2038.616	153.307	189.070	2074.987	234.711	25.582	2136.144	235.934	-154.874	2126.651	236.419	-226.426	2122.886	0.000	0.000	0.000	54.661	206.348	2038.616	-50.317	185.878	2065.051	-132.742	16.775	2106.349	-136.476	-158.123	2061.046	-137.957	-227.472	2043.083	0.000	0.000	0.000	123.721	-144.393	2282.828	123.721	-431.256	2282.828	123.721	-701.094	2282.828	0.000	0.000	0.000	-36.965	-152.042	2291.451	-36.965	-438.905	2291.451	-36.965	-708.743	2291.451	0.000	0.000	0.000	
00510	3	0.000	0.000	0.000	77.972	346.091	1962.497	64.578	269.819	1997.378	56.679	144.544	2197.605	53.964	9.524	2238.177	62.633	238.978	2046.670	165.201	206.768	2069.874	239.087	34.610	2119.776	245.283	-143.336	2103.143	247.780	-215.072	2096.438	0.000	0.000	0.000	62.633	238.978	2046.670	-32.697	199.047	2067.270	-126.703	32.029	2096.517	-133.044	-134.300	2031.139	-134.312	-167.565	2018.063	0.000	0.000	0.000	134.240	-99.584	2247.071	134.240	-388.206	2247.071	134.240	-659.699	2247.071	0.000	0.000	0.000	-26.542	-103.529	2246.347	-26.542	-392.151	2246.347	-26.542	-663.643	2246.347	0.000	0.000	0.000	
00511	3	0.000	0.000	0.000	80.377	358.737	1961.344	68.080	283.545	1999.482	59.507	153.599	2197.644	60.466	16.031	2230.561	65.970	251.557	2048.264	171.995	228.038	2073.737	240.692	49.537	2116.985	238.374	-127.592	2084.285	237.443	-198.718	2071.155	0.000	0.000	0.000	65.970	251.557	2048.264	-35.733	202.963	2045.553	-114.959	28.664	2087.922	-124.978	-148.497	2056.892	-126.982	-183.929	2050.686	0.000	0.000	0.000	140.962	-87.674	2234.221	140.962	-377.263	2234.221	140.962	-649.665	2234.221	0.000	0.000	0.000	-18.435	-88.631	2232.418	-18.435	-378.220	2232.418	-18.435	-650.622	2232.418	0.000	0.000	0.000	
00512	3	0.000	0.000	0.000	86.405	372.145	1961.253	75.398	297.587	2002.394	76.070	160.498	2198.415	78.171	20.127	2223.137	75.563	263.865	2050.612	177.559	224.323	2063.350	263.636	51.895	2113.103	255.673	-126.604	2088.489	252.453	-198.762	2078.539	0.000	0.000	0.000	75.563	263.865	2050.612	-26.017	220.787	2060.161	-101.349	39.760	2094.371	-104.502	-136.726	2057.307	-105.133	-172.024	2049.894	0.000	0.000	0.000	157.966	-88.546	2222.070	157.966	-380.451	2222.070	157.966	-655.031	2222.070	0.000	0.000	0.000	-0.203	-87.214	2218.489	-0.203	-379.119	2218.489	-0.203	-653.699	2218.489	0.000	0.000	0.000	
00513	2	0.000	0.000	0.000	89.594	376.694	1961.828	78.686	301.667	2002.988	85.576	162.802	2198.184	84.066	21.155	2219.268	80.386	267.409	2051.143	176.654	229.482	2072.308	269.574	62.979	2118.470	257.619	-115.057	2087.978	252.781	-187.109	2075.638	0.000	0.000	0.000	80.386	267.409	2051.143	-23.618	217.426	2048.277	-98.350	41.242	2091.431	-100.541	-137.514	2062.949	-100.979	-173.265	2057.253	0.000	0.000	0.000	161.003	-89.713	2212.412	161.003	-383.016	2212.412	161.003	-658.911	2212.412	0.000	0.000	0.000	2.482	-83.064	2208.816	2.482	-376.367	2208.816	2.482	-652.262	2208.816	0.000	0.000	0.000	
00514	2	0.000	0.000	0.000	98.600	380.369	1961.702	82.639	305.360	2003.326	93.941	160.715	2195.475	88.595	17.332	2215.352	85.447	269.431	2051.054	191.860	231.897	2059.644	278.278	57.969	2108.048	275.840	-126.568	2094.144	274.864	-200.462	2088.576	0.000	0.000	0.000	85.447	269.431	2051.054	-21.886	217.714	2046.803	-98.280	37.195	2087.286	-88.256	-147.471	2094.453	-86.251	-184.404	2095.886	0.000	0.000	0.000	163.170	-103.462	2215.192	163.170	-400.160	2215.192	163.170	-679.250	2215.192	0.000	0.000	0.000	0.704	-87.005	2206.380	0.704	-383.703	2206.380	0.704	-662.793	2206.380	0.000	0.000	0.000	
00515	2	0.000	0.000	0.000	102.269	381.007	1961.418	84.551	305.838	2003.289	94.290	156.321	2194.584	89.189	11.874	2214.003	86.965	268.786	2050.694	198.980	234.583	2053.350	285.686	63.568	2114.292	288.392	-123.367	2110.424	289.472	-197.959	2108.881	0.000	0.000	0.000	86.965	268.786	2050.694	-19.620	216.321	2045.860	-97.380	35.355	2086.880	-97.433	-151.557	2092.437	-97.444	-188.939	2093.548	0.000	0.000	0.000	161.603	-121.266	2218.072	161.603	-419.993	2218.072	161.603	-700.991	2218.072	0.000	0.000	0.000	0.926	-102.674	2207.696	0.926	-401.401	2207.696	0.926	-682.398	2207.696	0.000	0.000	0.000	
00516	2	0.000	0.000	0.000	105.699	373.684	1962.852	87.044	296.348	2003.345	93.906	132.713	2186.640	90.082	-13.037	2213.129	88.752	255.613	2048.974	206.499	232.169	2053.476	293.483	64.981	2131.479	316.126	-126.440	2146.234	325.007	-201.520	2152.021	0.000	0.000	0.000	88.752	255.613	2048.974	-19.211	208.972	2047.809	-96.057	25.400	2092.513	-98.003	-167.484	2105.336	-98.393	-206.060	2107.901	0.000	0.000	0.000	164.247	-170.770	2229.968	164.247	-474.335	2229.968	164.247	-759.884	2229.968	0.000	0.000	0.000	12.707	-171.743	2217.435	12.707	-475.308	2217.435	12.707	-760.857	2217.435	0.000	0.000	0.000	
00517	2	0.000	0.000	0.000	106.083	367.827	1962.542	88.582	289.333	2003.495	94.862	118.726	2183.532	92.183	-27.244	2217.151	90.148	246.794	2048.385	206.164	243.702	2075.928	295.437	70.649	2152.903	319.669	-121.341	2163.238	329.255	-197.290	2167.326	0.000	0.000	0.000	90.148	246.794	2048.385	-18.164	202.483	2050.579	-95.584	14.998	2102.517	-96.677	-176.335	2133.254	-96.895	-214.602	2139.401	0.000	0.000	0.000	171.725	-186.977	2244.904	171.725	-493.886	2244.904	171.725	-782.581	2244.904	0.000	0.000	0.000	14.596	-193.900	2230.621	14.596	-500.809	2230.621	14.596	-789.504	2230.621	0.000	0.000	0.000	
00518	2	0.000	0.000	0.000	107.483	353.014	1958.495	91.014	273.164	2003.868	96.986	87.783	2180.212	94.573	-59.441	2228.280	92.507	226.833	2047.941	215.766	221.277	2072.345	303.637	32.838	2129.357	325.155	-162.785	2160.966	333.711	-240.573	2173.535	0.000	0.000	0.000	92.507	226.833	2047.941	-25.914	191.213	2054.428	-90.576	2.361	2135.881	-98.100	-195.990	2154.078	-99.605	-235.660	2157.718	0.000	0.000	0.000	167.676	-259.201	2278.555	167.676	-576.519	2278.555	167.676	-875.005	2278.555	0.000	0.000	0.000	18.822	-261.405	2269.214	18.822	-578.723	2269.214	18.822	-877.209	2269.214	0.000	0.000	0.000	
00519	2	0.000	0.000	0.000	108.750	348.285	1955.475	91.780	267.841	2004.033	97.715	76.604	2182.563	94.816	-74.340	2230.849	93.264	220.007	2048.689	223.330	208.454	2060.806	312.414	11.475	2101.068	269.337	-184.271	2131.706	252.104	-262.577	2143.963	0.000	0.000	0.000	93.264	220.007	2048.689	-28.079	185.254	2057.592	-87.680	-13.754	2129.711	-98.605	-214.004	2159.570	-100.789	-254.054	2165.541	0.000	0.000	0.000	178.620	-250.365	2263.379	178.620	-575.093	2263.379	178.620	-880.549	2263.379	0.000	0.000	0.000	0.029	-234.896	2255.551	0.029	-559.624	2255.551	0.029	-865.080	2255.551	0.000	0.000	0.000	
00520	2	0.000	0.000	0.000	110.170	344.396	1951.298	92.460	263.746	2004.191	98.186	64.295	2183.966	94.852	-92.539	2231.580	93.893	213.824	2049.188	226.913	199.789	2053.604	315.305	0.423	2115.867	244.948	-193.797	2132.495	216.667	-271.865	2139.178	0.000	0.000	0.000	93.893	213.824	2049.188	-27.517	176.752	2055.642	-86.320	-28.111	2133.169	-102.237	-228.778	2182.435	-105.420	-268.912	2192.289	0.000	0.000	0.000	175.264	-261.121	2266.660	175.264	-594.617	2266.660	175.264	-908.320	2266.660	0.000	0.000	0.000	4.760	-253.117	2265.993	4.760	-586.612	2265.993	4.760	-900.315	2265.993	0.000	0.000	0.000	
00521	2	0.000	0.000	0.000	115.584	335.850	1938.133	97.182	256.915	2003.357	99.864	35.845	2182.703	95.291	-127.952	2226.603	97.854	201.531	2048.288	237.509	189.852	2034.689	330.022	-26.113	2088.713	330.022	-244.510	2088.713	330.022	-332.889	2088.713	0.000	0.000	0.000	97.854	201.531	2048.288	-32.041	171.351	2037.279	-85.739	-38.953	2142.194	-126.586	-241.952	2211.623	-134.755	-282.552	2225.508	0.000	0.000	0.000	173.377	-286.653	2265.848	173.377	-640.476	2265.848	173.377	-973.300	2265.848	0.000	0.000	0.000	16.869	-290.980	2273.041	16.869	-644.803	2273.041	16.869	-977.627	2273.041	0.000	0.000	0.000	
00522	2	0.000	0.000	0.000	120.503	325.569	1921.368	106.640	248.304	1996.204	102.263	6.606	2168.085	95.971	-164.221	2214.896	105.543	187.719	2039.288	240.285	167.483	2033.357	331.583	-44.919	2128.355	331.583	-271.691	2128.355	331.583	-363.823	2128.355	0.000	0.000	0.000	105.543	187.719	2039.288	-30.001	171.219	2030.268	-90.156	-51.265	2126.998	-148.001	-227.100	2258.000	-159.571	-262.267	2284.201	0.000	0.000	0.000	181.809	-310.075	2265.977	181.809	-685.495	2265.977	181.809	-1032.456	2265.977	0.000	0.000	0.000	6.721	-317.077	2265.743	-26.496	-690.148	2240.153	-52.162	-1022.210	2337.407	0.000	0.000	0.000	
00523	2	0.000	0.000	0.000	120.743	317.485	1898.198	114.129	241.084	1978.842	103.742	-9.237	2151.482	95.317	-189.562	2202.402	111.525	178.318	2022.130	249.516	155.996	2015.986	339.848	-60.382	2116.903	339.848	-292.519	2116.903	339.848	-387.056	2116.903	0.000	0.000	0.000	111.525	178.318	2022.130	-23.227	158.438	2014.229	-94.872	-75.023	2088.566	-145.729	-222.193	2260.736	-155.900	-251.627	2295.170	0.000	0.000	0.000	173.108	-341.820	2262.094	173.108	-730.454	2262.094	173.108	-1086.472	2262.094	0.000	0.000	0.000	-2.197	-331.078	2246.756	-19.425	-718.909	2228.678	6.898	-1047.540	2363.057	0.000	0.000	0.000	
00524	2	0.000	0.000	0.000	111.188	311.664	1874.914	114.707	234.669	1957.698	103.613	-19.015	2134.097	92.988	-207.083	2184.714	111.924	171.047	2001.938	251.165	143.374	1990.712	336.500	-82.886	2087.763	336.500	-318.484	2087.763	336.500	-414.571	2087.763	0.000	0.000	0.000	111.924	171.047	2001.938	-24.185	149.922	1997.355	-87.972	-77.838	2106.676	-166.674	-248.785	2248.413	-182.415	-282.975	2276.760	0.000	0.000	0.000	167.330	-350.664	2249.318	167.330	-741.849	2249.318	167.330	-1103.704	2249.318	0.000	0.000	0.000	-5.536	-337.647	2233.196	-18.704	-728.557	2226.698	-20.882	-1089.381	2253.900	0.000	0.000	0.000	
00525	2	0.000	0.000	0.000	107.437	307.236	1866.472	114.484	228.226	1948.026	101.857	-26.725	2125.622	90.907	-217.859	2166.889	111.317	164.282	1992.569	252.627	138.587	1984.753	336.098	-92.883	2073.099	336.098	-329.734	2073.099	336.098	-426.381	2073.099	0.000	0.000	0.000	111.317	164.282	1992.569	-26.307	148.126	1995.240	-86.332	-79.442	2109.083	-178.832	-255.299	2237.987	-197.332	-290.471	2263.768	0.000	0.000	0.000	182.647	-328.595	2212.615	182.647	-720.723	2212.615	182.647	-1084.688	2212.615	0.000	0.000	0.000	-13.880	-321.937	2202.594	-22.355	-713.623	2219.160	-27.794	-1075.722	2255.559	0.000	0.000	0.000	
00526	2	0.000	0.000	0.000	94.952	301.101	1848.650	110.777	219.948	1928.219	86.820	-43.086	2104.427	77.140	-231.290	2130.111	104.841	154.778	1971.877	246.300	129.054	1976.217	332.718	-114.378	2024.380	332.718	-353.097	2024.380	332.718	-450.578	2024.380	0.000	0.000	0.000	104.841	154.778	1971.877	-32.535	133.697	1959.116	-108.355	-99.634	2053.216	-174.303	-279.849	2195.202	-187.493	-315.892	2223.600	0.000	0.000	0.000	162.089	-318.836	2176.033	162.089	-712.427	2176.033	162.089	-1079.529	2176.033	0.000	0.000	0.000	-10.803	-314.877	2181.118	-10.803	-708.468	2181.118	-10.803	-1075.570	2181.118	0.000	0.000	0.000	
00527	2	0.000	0.000	0.000	85.252	295.281	1840.383	104.464	214.706	1920.324	79.273	-52.176	2093.702	71.242	-239.012	2122.832	98.237	148.733	1963.183	241.673	125.763	1966.366	316.208	-120.915	2020.339	316.208	-363.990	2020.339	316.208	-461.783	2020.339	0.000	0.000	0.000	98.237	148.733	1963.183	-39.629	131.418	1954.346	-117.008	-108.877	2029.109	-179.324	-311.834	2147.477	-191.787	-352.425	2171.150	0.000	0.000	0.000	148.144	-346.610	2164.602	148.144	-740.787	2164.602	148.144	-1109.065	2164.602	0.000	0.000	0.000	-9.602	-346.790	2162.136	-9.602	-740.966	2162.136	-9.602	-1109.245	2162.136	0.000	0.000	0.000	
00528	2	0.000	0.000	0.000	71.276	285.149	1821.902	89.776	203.162	1901.399	71.518	-70.131	2068.713	65.983	-258.253	2108.660	85.265	135.630	1942.743	232.075	119.058	1941.554	298.076	-130.336	1998.198	298.076	-373.201	1998.198	298.076	-471.480	1998.198	0.000	0.000	0.000	85.265	135.630	1942.743	-52.067	117.107	1938.946	-136.036	-123.633	2007.908	-167.519	-348.779	2093.356	-173.816	-393.808	2110.446	0.000	0.000	0.000	153.964	-379.665	2162.850	153.964	-774.831	2162.850	153.964	-1144.942	2162.850	0.000	0.000	0.000	-28.061	-378.040	2159.663	-28.061	-773.206	2159.663	-28.061	-1143.317	2159.663	0.000	0.000	0.000	
00529	2	0.000	0.000	0.000	65.356	280.276	1814.783	80.463	195.777	1892.686	66.268	-78.455	2058.196	61.296	-268.652	2096.486	76.945	127.807	1933.708	222.257	110.433	1937.362	296.652	-138.675	1985.957	296.652	-381.517	1985.957	296.652	-479.991	1985.957	0.000	0.000	0.000	76.945	127.807	1933.708	-65.685	110.627	1920.528	-141.122	-134.986	1983.253	-163.817	-373.558	2022.505	-168.356	-421.272	2030.355	0.000	0.000	0.000	155.515	-388.916	2142.810	155.515	-784.520	2142.810	155.515	-1155.364	2142.810	0.000	0.000	0.000	-42.242	-384.961	2128.370	-27.950	-779.130	2158.861	-27.950	-1149.974	2158.861	0.000	0.000	0.000	
00530	2	0.000	0.000	0.000	47.159	278.729	1786.601	61.348	186.599	1856.157	56.306	-89.107	2019.091	53.608	-281.783	2052.590	60.093	117.964	1896.718	207.118	105.165	1902.916	266.007	-150.365	1942.033	266.007	-396.701	1942.033	266.007	-495.505	1942.033	0.000	0.000	0.000	60.093	117.964	1896.718	-83.272	96.845	1889.264	-155.097	-149.488	1956.007	-153.930	-395.821	1955.396	-153.697	-445.088	1955.274	0.000	0.000	0.000	147.412	-403.172	2097.849	147.412	-799.606	2097.849	147.412	-1171.692	2097.849	0.000	0.000	0.000	-49.041	-397.540	2083.815	-28.811	-788.886	2143.804	-28.811	-1160.972	2143.804	0.000	0.000	0.000	
00531	2	0.000	0.000	0.000	26.077	265.798	1762.364	45.178	175.971	1834.281	49.206	-104.478	1988.998	49.406	-297.916	2009.248	46.184	105.960	1872.904	194.275	93.943	1878.366	253.511	-163.570	1906.612	220.277	-408.642	1892.475	206.983	-506.673	1886.820	0.000	0.000	0.000	46.184	105.960	1872.904	-98.148	86.616	1883.017	-166.541	-169.997	1892.593	-133.510	-415.448	1897.839	-126.904	-464.538	1898.888	0.000	0.000	0.000	155.319	-386.733	2033.746	155.319	-788.501	2033.746	155.319	-1161.663	2033.746	0.000	0.000	0.000	-50.551	-396.201	2039.369	-27.553	-795.868	2073.348	-16.201	-1148.073	2196.120	0.000	0.000	0.000	
00532	2	0.000	0.000	0.000	10.290	257.354	1751.160	29.287	167.681	1823.806	44.171	-124.793	1963.487	45.993	-313.523	1960.061	32.965	95.403	1858.325	181.402	83.890	1854.527	233.156	-177.348	1859.889	195.000	-414.134	1803.211	179.617	-509.598	1780.360	0.000	0.000	0.000	32.965	95.403	1858.325	-116.880	78.557	1866.184	-161.019	-183.594	1849.418	-128.766	-424.297	1807.494	-122.316	-472.438	1799.109	0.000	0.000	0.000	153.931	-365.964	1966.413	153.931	-768.822	1966.413	153.931	-1142.998	1966.413	0.000	0.000	0.000	-57.381	-372.364	1979.278	-14.622	-771.356	2014.931	162.488	-925.332	2306.361	0.000	0.000	0.000	
00533	2	0.000	0.000	0.000	-1.935	241.826	1737.187	16.024	155.549	1814.563	32.399	-139.000	1939.885	35.673	-329.435	1922.764	20.131	81.666	1845.998	169.540	68.834	1832.045	220.183	-193.283	1837.561	183.784	-418.021	1744.733	169.035	-509.086	1707.118	0.000	0.000	0.000	20.131	81.666	1845.998	-129.418	58.788	1844.167	-161.553	-205.531	1824.080	-125.035	-443.266	1773.116	-117.731	-490.813	1762.923	0.000	0.000	0.000	140.036	-367.156	1929.423	140.036	-769.256	1929.423	140.036	-1144.438	1929.423	0.000	0.000	0.000	-68.315	-366.311	1940.332	33.068	-754.362	1969.017	-1.449	-1090.215	2132.643	0.000	0.000	0.000	
00534	2	0.000	0.000	0.000	-7.606	224.842	1717.725	6.099	142.657	1800.705	20.199	-146.651	1924.049	24.248	-338.483	1903.252	9.709	68.574	1832.289	165.868	67.000	1819.346	214.428	-196.262	1820.145	184.015	-424.895	1716.187	177.932	-470.622	1695.396	0.000	0.000	0.000	9.709	68.574	1832.289	-143.056	48.318	1821.937	-166.135	-217.836	1804.751	-121.189	-456.766	1734.768	-112.199	-504.552	1720.772	0.000	0.000	0.000	125.859	-367.624	1902.712	125.859	-769.635	1902.712	125.859	-1145.833	1902.712	0.000	0.000	0.000	-77.666	-368.780	1905.124	43.184	-752.016	1916.933	233.579	-1002.568	2123.083	0.000	0.000	0.000	
00535	2	0.000	0.000	0.000	-13.239	216.608	1698.427	-1.331	131.351	1779.007	13.608	-150.851	1910.835	18.123	-344.414	1894.215	2.542	58.197	1813.181	160.009	56.623	1794.387	213.529	-205.558	1815.398	184.869	-432.756	1702.172	179.137	-478.196	1679.527	0.000	0.000	0.000	2.542	58.197	1813.181	-151.393	38.950	1807.200	-185.660	-227.128	1798.656	-118.731	-464.267	1731.231	-105.345	-511.694	1717.746	0.000	0.000	0.000	121.081	-371.911	1896.476	121.081	-777.536	1896.476	121.081	-1154.764	1896.476	0.000	0.000	0.000	-82.934	-377.790	1897.165	106.608	-736.281	1906.632	106.608	-1113.508	1906.632	0.000	0.000	0.000	
00536	2	0.000	0.000	0.000	-15.048	211.520	1683.337	-4.627	127.602	1765.746	12.298	-151.775	1903.645	17.445	-346.198	1891.350	-0.236	55.122	1801.521	157.918	55.249	1781.098	213.956	-205.691	1812.862	187.585	-440.062	1710.693	182.311	-486.936	1690.260	0.000	0.000	0.000	-0.236	55.122	1801.521	-154.099	34.665	1795.950	-196.295	-230.643	1787.609	-120.747	-470.051	1732.476	-105.638	-517.933	1721.449	0.000	0.000	0.000	121.098	-376.054	1894.598	121.098	-781.313	1894.598	121.098	-1159.060	1894.598	0.000	0.000	0.000	-81.772	-387.545	1892.737	106.108	-746.138	1911.341	106.108	-1123.886	1911.341	0.000	0.000	0.000	
00537	2	0.000	0.000	0.000	-17.926	198.506	1646.900	-8.323	119.313	1734.398	11.153	-159.920	1883.028	18.805	-352.760	1885.231	-3.335	47.795	1772.465	153.143	43.885	1746.192	213.625	-210.836	1810.163	193.236	-449.184	1726.282	189.158	-496.854	1709.506	0.000	0.000	0.000	-3.335	47.795	1772.465	-156.430	23.975	1763.976	-210.239	-240.015	1770.825	-128.595	-477.306	1734.926	-112.266	-524.764	1727.746	0.000	0.000	0.000	120.497	-417.655	1895.337	103.830	-829.502	1917.822	29.358	-1123.028	2145.379	0.000	0.000	0.000	-75.086	-429.844	1893.239	88.062	-808.601	1911.329	88.062	-1187.397	1911.329	0.000	0.000	0.000	
