00951	5	0.000	0.000	0.000	43.702	51.981	2275.746	-27.112	-65.669	2246.016	-15.386	-266.039	2573.300	-35.713	-498.201	2564.087	-24.170	-115.938	2328.125	4.339	-166.766	2483.903	4.339	-486.537	2483.903	4.339	-778.458	2483.903	4.339	-897.814	2483.903	0.000	0.000	0.000	-24.170	-115.938	2328.125	-144.679	-95.379	2476.440	-292.367	-344.504	2612.007	-292.367	-636.425	2612.007	-292.367	-755.781	2612.007	0.000	0.000	0.000	0.000	0.000	0.000	0.000	-477.842	0.000	0.000	-927.325	0.000	0.000	0.000	0.000	0.000	0.000	0.000	0.000	-477.842	0.000	0.000	-927.325	0.000	0.000	0.000	0.000	
00954	5	0.000	0.000	0.000	31.840	29.212	2230.777	86.805	-89.284	2188.596	62.050	-295.924	2500.654	52.273	-516.309	2557.721	80.595	-141.126	2266.885	170.414	-124.969	2398.193	384.949	-316.292	2520.544	186.211	-125.881	2445.799	146.463	-87.799	2430.850	0.000	0.000	0.000	80.595	-141.126	2266.885	-7.831	-152.361	2386.737	-7.831	-464.771	2386.737	-7.831	-749.973	2386.737	-7.831	-866.581	2386.737	0.000	0.000	0.000	157.081	-386.210	2571.564	157.081	-853.053	2571.564	157.081	-1292.189	2571.564	0.000	0.000	0.000	0.000	0.000	0.000	0.000	-466.843	0.000	0.000	-905.979	0.000	0.000	0.000	0.000	
00955	5	0.000	0.000	0.000	47.595	35.070	2204.275	85.789	-98.572	2189.478	147.939	-319.617	2494.709	112.383	-534.308	2575.228	101.381	-154.027	2266.054	167.106	-124.350	2400.303	400.116	-301.738	2524.579	192.222	-121.853	2430.949	150.644	-85.876	2412.223	0.000	0.000	0.000	101.381	-154.027	2266.054	36.844	-236.081	2363.891	36.844	-554.208	2363.891	36.844	-844.630	2363.891	36.844	-963.372	2363.891	0.000	0.000	0.000	192.623	-620.936	2603.750	192.623	-1096.323	2603.750	192.623	-1543.496	2603.750	0.000	0.000	0.000	117.703	-647.503	2589.053	117.703	-1122.890	2589.053	117.703	-1570.063	2589.053	0.000	0.000	0.000	
00956	5	0.000	0.000	0.000	118.243	-18.113	2082.658	70.712	-120.812	2170.723	145.474	-327.769	2494.935	253.526	-493.370	2627.456	89.468	-172.733	2252.061	151.246	-121.895	2381.822	426.015	-254.212	2498.018	197.706	-91.450	2397.281	152.044	-58.898	2377.133	0.000	0.000	0.000	89.468	-172.733	2252.061	-2.601	-303.289	2281.973	-2.601	-629.644	2281.973	-2.601	-927.578	2281.973	-2.601	-1049.392	2281.973	0.000	0.000	0.000	262.259	-500.605	2514.344	262.259	-988.288	2514.344	262.259	-1447.027	2514.344	0.000	0.000	0.000	106.332	-507.617	2521.876	106.332	-995.300	2521.876	106.332	-1454.039	2521.876	0.000	0.000	0.000	
00957	5	0.000	0.000	0.000	132.748	-75.815	2045.499	60.539	-132.698	2157.215	142.768	-329.373	2490.151	256.005	-485.247	2633.532	81.168	-182.040	2240.742	140.459	-121.879	2370.154	432.977	-224.488	2481.165	194.799	-75.479	2374.280	147.164	-45.677	2352.903	0.000	0.000	0.000	81.168	-182.040	2240.742	-13.667	-316.907	2268.605	-13.667	-646.177	2268.605	-13.667	-946.771	2268.605	-13.667	-1069.673	2268.605	0.000	0.000	0.000	263.904	-503.003	2513.897	263.904	-995.042	2513.897	263.904	-1457.878	2513.897	0.000	0.000	0.000	104.874	-510.155	2521.579	104.874	-1002.194	2521.579	104.874	-1465.030	2521.579	0.000	0.000	0.000	
00958	5	0.000	0.000	0.000	140.780	-105.415	2031.246	55.041	-154.495	2138.330	140.953	-333.148	2483.588	256.656	-473.650	2642.854	76.595	-199.315	2224.948	128.934	-122.901	2352.938	187.502	-394.592	2533.790	204.552	-122.803	2387.972	207.962	-68.446	2358.808	0.000	0.000	0.000	76.595	-199.315	2224.948	-83.592	-332.283	2097.250	-83.592	-663.876	2097.250	-83.592	-972.781	2097.250	-83.592	-1096.550	2097.250	0.000	0.000	0.000	265.384	-505.162	2513.494	265.384	-1000.670	2513.494	265.384	-1466.771	2513.494	0.000	0.000	0.000	103.561	-512.440	2521.312	103.561	-1007.948	2521.312	103.561	-1474.048	2521.312	0.000	0.000	0.000	
00960	5	0.000	0.000	0.000	97.346	-151.271	2058.777	65.315	-218.923	2022.928	0.000	0.000	0.000	0.000	0.000	0.000	24.650	-272.130	2037.297	-38.260	-318.458	2186.015	-38.260	-649.854	2186.015	-38.260	-952.388	2186.015	-38.260	-1076.083	2186.015	0.000	0.000	0.000	24.650	-272.130	2037.297	-77.496	-305.896	1884.100	-77.496	-637.291	1884.100	-77.496	-939.826	1884.100	-77.496	-1063.521	1884.100	0.000	0.000	0.000	0.000	0.000	0.000	0.000	-495.214	0.000	0.000	-961.037	0.000	0.000	0.000	0.000	0.000	0.000	0.000	0.000	-495.214	0.000	0.000	-961.037	0.000	0.000	0.000	0.000	
00961	5	0.000	0.000	0.000	122.142	-162.477	2044.348	74.311	-233.505	2003.885	0.000	0.000	0.000	0.000	0.000	0.000	41.112	-286.198	2021.913	-20.266	-328.907	2177.733	-20.266	-655.951	2177.733	-20.266	-954.512	2177.733	-20.266	-1076.583	2177.733	0.000	0.000	0.000	41.112	-286.198	2021.913	-72.244	-326.809	1869.403	-72.244	-653.852	1869.403	-72.244	-952.414	1869.403	-72.244	-1074.484	1869.403	0.000	0.000	0.000	0.000	0.000	0.000	0.000	-488.711	0.000	0.000	-948.417	0.000	0.000	0.000	0.000	0.000	0.000	0.000	0.000	-488.711	0.000	0.000	-948.417	0.000	0.000	0.000	0.000	
00962	5	0.000	0.000	0.000	172.788	-202.602	2017.425	111.845	-272.814	1975.106	0.000	0.000	0.000	0.000	0.000	0.000	22.175	-342.467	2071.971	23.111	-383.333	2144.524	23.111	-709.881	2144.524	23.111	-1007.989	2144.524	23.111	-1129.874	2144.524	0.000	0.000	0.000	22.175	-342.467	2071.971	-18.961	-381.065	1833.819	-18.961	-707.612	1833.819	-18.961	-1005.721	1833.819	-18.961	-1127.606	1833.819	0.000	0.000	0.000	0.000	0.000	0.000	0.000	-487.969	0.000	0.000	-946.978	0.000	0.000	0.000	0.000	0.000	0.000	0.000	0.000	-487.969	0.000	0.000	-946.978	0.000	0.000	0.000	0.000	
00963	5	0.000	0.000	0.000	196.989	-226.417	2003.255	126.936	-290.000	1966.111	0.000	0.000	0.000	0.000	0.000	0.000	-32.287	-378.723	2158.032	42.642	-412.097	2131.526	42.642	-743.803	2131.526	42.642	-1046.621	2131.526	42.642	-1170.432	2131.526	0.000	0.000	0.000	-32.287	-378.723	2158.032	10.578	-405.998	1816.509	10.578	-737.704	1816.509	10.578	-1040.522	1816.509	10.578	-1164.332	1816.509	0.000	0.000	0.000	0.000	0.000	0.000	0.000	-495.678	0.000	0.000	-961.937	0.000	0.000	0.000	0.000	0.000	0.000	0.000	0.000	-495.678	0.000	0.000	-961.937	0.000	0.000	0.000	0.000	
00964	5	0.000	0.000	0.000	220.581	-251.351	1988.797	138.541	-306.354	1960.898	0.000	0.000	0.000	0.000	0.000	0.000	-71.494	-406.058	2221.032	60.495	-441.783	2121.265	60.495	-777.616	2121.265	60.495	-1084.201	2121.265	60.495	-1209.552	2121.265	0.000	0.000	0.000	-71.494	-406.058	2221.032	40.686	-428.892	1801.028	40.686	-764.725	1801.028	40.686	-1071.310	1801.028	40.686	-1196.661	1801.028	0.000	0.000	0.000	0.000	0.000	0.000	0.000	-501.844	0.000	0.000	-973.905	0.000	0.000	0.000	0.000	0.000	0.000	0.000	0.000	-501.844	0.000	0.000	-973.905	0.000	0.000	0.000	0.000	
00965	5	0.000	0.000	0.000	240.503	-277.602	1976.860	114.752	-327.161	2009.193	-14.749	-491.652	1994.000	0.000	0.000	0.000	-81.100	-423.459	2248.679	65.928	-505.376	2140.609	65.928	-844.510	2140.609	65.928	-1154.109	2140.609	65.928	-1280.692	2140.609	0.000	0.000	0.000	-81.100	-423.459	2248.679	72.925	-437.040	1815.308	72.925	-776.174	1815.308	72.925	-1085.773	1815.308	72.925	-1212.357	1815.308	0.000	0.000	0.000	0.000	0.000	0.000	0.000	-506.778	0.000	0.000	-983.479	0.000	0.000	0.000	0.000	0.000	0.000	0.000	0.000	-506.778	0.000	0.000	-983.479	0.000	0.000	0.000	0.000	
00966	5	0.000	0.000	0.000	110.779	-320.101	2185.393	57.125	-431.004	2161.861	-51.895	-669.681	2382.358	-88.017	-873.017	2408.840	29.774	-490.883	2217.179	8.713	-529.845	2307.682	183.682	-456.454	2072.814	183.682	-717.059	2072.814	183.682	-823.610	2072.814	0.000	0.000	0.000	29.774	-490.883	2217.179	-74.299	-505.499	2264.601	19.816	-447.839	1983.565	159.182	-356.370	2183.878	187.055	-338.077	2223.941	0.000	0.000	0.000	3.846	-852.563	2489.781	3.846	-1279.142	2489.781	3.846	-1680.405	2489.781	0.000	0.000	0.000	-172.588	-884.318	2361.237	-172.588	-1310.897	2361.237	-172.588	-1712.160	2361.237	0.000	0.000	0.000	
00967	5	0.000	0.000	0.000	110.779	-320.101	2185.393	57.125	-431.004	2161.861	-51.895	-669.681	2382.358	-88.017	-873.017	2408.840	29.774	-490.883	2217.179	8.713	-529.845	2307.682	183.682	-456.454	2072.814	183.682	-717.059	2072.814	183.682	-823.610	2072.814	0.000	0.000	0.000	29.774	-490.883	2217.179	-74.299	-505.499	2264.601	19.816	-447.839	1983.565	159.182	-356.370	2183.878	187.055	-338.077	2223.941	0.000	0.000	0.000	3.846	-852.563	2489.781	3.846	-1279.142	2489.781	3.846	-1680.405	2489.781	0.000	0.000	0.000	-172.588	-884.318	2361.237	-172.588	-1310.897	2361.237	-172.588	-1712.160	2361.237	0.000	0.000	0.000	
00968	5	0.000	0.000	0.000	149.154	-341.227	2170.313	63.263	-432.331	2162.923	-5.433	-746.725	2280.857	-24.740	-954.034	2282.279	46.029	-511.206	2192.510	37.128	-551.063	2298.369	198.589	-449.815	2068.265	198.589	-710.420	2068.265	198.589	-816.971	2068.265	0.000	0.000	0.000	46.029	-511.206	2192.510	-42.971	-558.772	2239.427	49.924	-493.448	1963.073	180.692	-372.910	2153.559	206.846	-348.802	2191.656	0.000	0.000	0.000	99.644	-978.542	2271.269	99.644	-1405.122	2271.269	99.644	-1806.385	2271.269	0.000	0.000	0.000	-20.823	-1076.338	2305.414	-20.823	-1502.918	2305.414	-20.823	-1904.180	2305.414	0.000	0.000	0.000	
00969	5	0.000	0.000	0.000	195.808	-418.057	2122.928	81.481	-439.135	2164.625	33.589	-771.041	2235.444	14.542	-978.158	2244.988	69.466	-522.403	2182.392	151.572	-588.115	2239.661	285.114	-543.829	1982.308	285.114	-808.649	1982.308	285.114	-915.200	1982.308	0.000	0.000	0.000	69.466	-522.403	2182.392	-9.056	-590.816	2125.456	158.831	-540.537	1890.274	393.339	-439.413	1960.340	440.241	-419.189	1974.354	0.000	0.000	0.000	100.745	-1059.775	2334.264	100.745	-1486.353	2334.264	100.745	-1887.614	2334.264	0.000	0.000	0.000	-66.749	-1058.347	2349.224	-66.749	-1484.925	2349.224	-66.749	-1886.185	2349.224	0.000	0.000	0.000	
00970	5	0.000	0.000	0.000	210.311	-450.734	2116.157	96.964	-453.705	2159.592	66.265	-793.674	2190.677	47.782	-1001.063	2188.190	89.263	-538.996	2167.391	185.977	-601.543	2216.629	308.433	-631.097	1953.472	379.772	-480.583	1748.656	408.567	-419.830	1665.984	0.000	0.000	0.000	89.263	-538.996	2167.391	74.408	-616.323	2081.625	211.228	-618.315	1823.949	453.205	-523.072	1778.454	501.600	-504.023	1769.356	0.000	0.000	0.000	143.173	-1081.287	2219.571	143.173	-1507.897	2219.571	143.173	-1909.187	2219.571	0.000	0.000	0.000	-37.612	-1009.498	2093.475	-37.612	-1436.108	2093.475	-37.612	-1837.399	2093.475	0.000	0.000	0.000	
00971	5	0.000	0.000	0.000	159.189	-363.585	2118.956	115.202	-473.538	2149.308	133.544	-815.836	2143.032	121.793	-1023.640	2135.428	119.804	-559.414	2147.734	214.559	-623.732	2181.292	336.860	-647.236	1918.766	355.120	-541.114	1678.401	362.510	-498.169	1581.132	0.000	0.000	0.000	119.804	-559.414	2147.734	129.310	-626.661	2050.278	190.776	-758.599	1798.793	399.824	-598.667	1789.251	441.634	-566.680	1787.343	0.000	0.000	0.000	236.036	-1038.726	2159.022	236.036	-1465.437	2159.022	236.036	-1866.823	2159.022	0.000	0.000	0.000	94.695	-1038.678	2247.127	94.695	-1465.389	2247.127	94.695	-1866.775	2247.127	0.000	0.000	0.000	
00972	5	0.000	0.000	0.000	262.756	-484.053	2161.894	154.320	-526.900	2120.802	225.992	-862.748	2124.693	248.874	-1065.435	2080.860	172.301	-611.157	2121.778	291.149	-609.579	2026.394	429.292	-758.590	1820.181	258.376	-694.642	1630.993	224.192	-681.852	1593.155	0.000	0.000	0.000	172.301	-611.157	2121.778	164.773	-668.214	2000.836	-12.581	-779.727	2200.641	178.734	-729.504	2027.522	216.998	-719.460	1992.898	0.000	0.000	0.000	328.787	-1141.443	2047.345	328.787	-1568.883	2047.345	328.787	-1970.955	2047.345	0.000	0.000	0.000	139.576	-1114.379	2072.211	139.576	-1541.819	2072.211	139.576	-1943.892	2072.211	0.000	0.000	0.000	
00973	5	0.000	0.000	0.000	154.513	-544.234	2204.954	182.912	-599.992	2097.031	232.662	-940.847	2100.978	243.313	-1142.510	2046.077	195.393	-685.505	2098.021	313.170	-696.997	2010.404	454.936	-878.381	1827.260	241.029	-848.587	1677.109	153.937	-836.456	1615.976	0.000	0.000	0.000	195.393	-685.505	2098.021	164.753	-757.539	2003.594	-37.084	-852.393	2195.437	189.230	-810.974	2067.937	234.493	-802.690	2042.437	0.000	0.000	0.000	335.193	-1220.326	2031.421	335.193	-1649.082	2031.421	335.193	-2052.392	2031.421	0.000	0.000	0.000	136.762	-1201.519	2051.961	136.762	-1630.275	2051.961	136.762	-2033.584	2051.961	0.000	0.000	0.000	
00974	5	0.000	0.000	0.000	164.740	-561.111	2025.425	207.172	-665.294	2081.129	244.180	-1008.474	2091.344	243.161	-1213.140	2045.324	216.457	-751.390	2083.692	378.405	-722.609	2033.427	439.841	-969.614	1887.628	503.156	-993.637	1633.212	528.974	-1003.433	1529.471	0.000	0.000	0.000	216.457	-751.390	2083.692	96.413	-757.500	2199.921	37.907	-1018.980	2319.288	165.856	-850.799	2162.263	217.822	-782.494	2098.490	0.000	0.000	0.000	351.330	-1282.249	2009.569	351.330	-1712.040	2009.569	351.330	-2116.323	2009.569	0.000	0.000	0.000	255.799	-1330.349	2112.261	255.799	-1760.140	2112.261	255.799	-2164.423	2112.261	0.000	0.000	0.000	
00975	5	0.000	0.000	0.000	182.873	-586.152	2013.632	225.273	-690.813	2069.088	252.986	-1035.006	2083.694	243.982	-1241.404	2046.261	232.226	-777.163	2072.752	401.860	-742.181	2018.715	437.028	-1006.099	1897.768	536.853	-1009.640	1654.089	577.579	-1011.085	1554.672	0.000	0.000	0.000	232.226	-777.163	2072.752	109.306	-710.147	2219.211	109.306	-1002.581	2219.211	109.306	-1265.938	2219.211	109.306	-1373.040	2219.211	0.000	0.000	0.000	348.645	-1318.947	2080.847	348.645	-1749.105	2080.847	348.645	-2153.734	2080.847	0.000	0.000	0.000	191.798	-1348.959	2115.360	191.798	-1779.118	2115.360	191.798	-2183.746	2115.360	0.000	0.000	0.000	
00976	5	0.000	0.000	0.000	334.843	-611.709	2017.938	321.027	-727.986	1969.208	303.924	-1071.311	2014.899	291.286	-1270.649	1947.946	316.736	-814.119	1980.671	483.419	-761.048	1877.232	561.044	-1024.382	1785.947	508.553	-839.363	1605.483	487.097	-763.733	1531.715	0.000	0.000	0.000	316.736	-814.119	1980.671	162.225	-792.326	2050.241	78.814	-1068.168	2024.601	78.814	-1331.900	2024.601	78.814	-1439.668	2024.601	0.000	0.000	0.000	382.009	-1335.339	1910.536	382.009	-1766.939	1910.536	382.009	-2172.923	1910.536	0.000	0.000	0.000	269.727	-1379.042	1973.025	269.727	-1810.642	1973.025	269.727	-2216.626	1973.025	0.000	0.000	0.000	
00977	3	0.000	0.000	0.000	285.369	-656.225	2131.641	189.710	-689.304	2088.183	164.258	-989.539	2135.125	161.816	-1171.237	2099.094	183.325	-764.627	2099.960	342.719	-738.871	2027.949	549.752	-816.167	1902.757	353.911	-691.122	1918.823	314.743	-666.114	1922.036	0.000	0.000	0.000	183.325	-764.627	2099.960	48.325	-763.343	2151.628	-83.909	-978.999	2174.357	46.084	-825.957	2056.342	98.995	-763.664	2008.306	0.000	0.000	0.000	247.671	-1265.104	2067.897	247.671	-1644.646	2067.897	247.671	-2001.661	2067.897	0.000	0.000	0.000	107.749	-1292.587	2097.638	107.749	-1672.129	2097.638	107.749	-2029.144	2097.638	0.000	0.000	0.000	
00978	3	0.000	0.000	0.000	277.971	-673.901	2145.892	176.160	-689.161	2107.367	155.959	-990.387	2138.721	154.065	-1170.884	2101.089	171.092	-764.732	2115.233	328.044	-724.329	2036.645	541.890	-773.889	1911.250	333.421	-673.188	1918.235	291.727	-653.047	1919.632	0.000	0.000	0.000	171.092	-764.732	2115.233	34.788	-765.096	2166.991	-89.543	-984.440	2185.437	46.989	-846.471	2059.054	102.610	-790.265	2007.567	0.000	0.000	0.000	243.216	-1260.897	2095.732	243.216	-1638.670	2095.732	243.216	-1994.022	2095.732	0.000	0.000	0.000	122.913	-1294.108	2119.355	122.913	-1671.880	2119.355	122.913	-2027.233	2119.355	0.000	0.000	0.000	
00979	3	0.000	0.000	0.000	260.524	-673.397	2179.140	155.311	-684.043	2150.393	115.141	-981.173	2181.865	112.383	-1162.004	2152.971	145.233	-758.586	2158.288	308.301	-691.532	2069.860	522.591	-699.554	1939.219	293.892	-679.604	1929.641	248.153	-675.615	1927.726	0.000	0.000	0.000	145.233	-758.586	2158.288	10.150	-766.107	2196.667	-108.611	-987.106	2207.015	40.249	-890.016	2061.389	100.971	-850.412	2001.987	0.000	0.000	0.000	213.421	-1217.795	2133.812	213.421	-1593.022	2133.812	213.421	-1945.979	2133.812	0.000	0.000	0.000	52.594	-1258.303	2161.817	52.594	-1633.529	2161.817	52.594	-1986.486	2161.817	0.000	0.000	0.000	
00980	3	0.000	0.000	0.000	258.730	-615.234	2219.935	165.694	-655.048	2178.437	101.974	-944.217	2227.663	101.931	-1123.857	2196.339	149.708	-727.594	2190.786	322.545	-662.071	2103.211	518.701	-673.213	1948.602	298.451	-608.731	1941.776	208.761	-582.473	1938.997	0.000	0.000	0.000	149.708	-727.594	2190.786	10.020	-727.670	2206.756	-114.045	-944.454	2217.604	46.957	-881.999	2066.302	112.394	-856.614	2004.807	0.000	0.000	0.000	205.125	-1103.904	2263.617	205.125	-1477.501	2263.617	205.125	-1828.925	2263.617	0.000	0.000	0.000	13.803	-1116.928	2280.689	13.803	-1490.525	2280.689	13.803	-1841.949	2280.689	0.000	0.000	0.000	
00981	3	0.000	0.000	0.000	253.302	-564.315	2223.413	181.104	-637.623	2186.036	104.020	-921.930	2241.274	102.229	-1103.807	2233.143	161.765	-708.950	2199.894	335.399	-648.777	2109.289	513.233	-667.575	1935.126	311.388	-561.040	1953.459	229.126	-517.622	1960.930	0.000	0.000	0.000	161.765	-708.950	2199.894	21.334	-698.313	2210.771	-111.093	-908.706	2233.341	47.980	-886.885	2070.102	112.711	-878.006	2003.677	0.000	0.000	0.000	181.556	-1114.526	2316.037	181.556	-1487.544	2316.037	181.556	-1838.423	2316.037	0.000	0.000	0.000	50.585	-1110.077	2337.045	50.585	-1483.094	2337.045	50.585	-1833.974	2337.045	0.000	0.000	0.000	
00982	3	0.000	0.000	0.000	280.525	-519.239	2125.428	222.186	-596.867	2175.726	113.512	-866.921	2244.160	96.004	-1046.770	2262.826	194.922	-664.618	2192.895	358.697	-609.269	2074.180	390.544	-811.559	2215.946	334.962	-961.060	2378.967	312.283	-1022.059	2445.481	0.000	0.000	0.000	194.922	-664.618	2192.895	68.381	-666.618	2199.802	-94.461	-852.201	2232.584	72.333	-862.504	2077.377	140.321	-866.703	2014.112	0.000	0.000	0.000	213.122	-1059.911	2247.017	213.122	-1432.094	2247.017	213.122	-1782.189	2247.017	0.000	0.000	0.000	-10.151	-1088.788	2296.321	-10.151	-1460.972	2296.321	-10.151	-1811.067	2296.321	0.000	0.000	0.000	
00983	3	0.000	0.000	0.000	293.241	-516.402	2093.662	236.290	-574.744	2166.439	113.787	-835.595	2245.365	93.433	-1015.100	2263.024	205.557	-640.186	2186.240	351.879	-607.142	2044.274	519.775	-551.581	1869.180	321.384	-531.745	1979.258	240.404	-523.648	2024.191	0.000	0.000	0.000	205.557	-640.186	2186.240	81.181	-641.895	2194.118	-84.172	-824.641	2228.709	91.465	-807.399	2084.751	163.100	-800.366	2026.036	0.000	0.000	0.000	201.994	-1069.463	2284.360	201.994	-1441.350	2284.360	201.994	-1791.166	2284.360	0.000	0.000	0.000	21.709	-1085.558	2346.846	21.709	-1457.445	2346.846	21.709	-1807.261	2346.846	0.000	0.000	0.000	
00984	3	0.000	0.000	0.000	307.392	-463.757	2060.076	252.301	-523.990	2132.586	112.197	-764.661	2239.932	80.090	-941.696	2262.300	217.152	-584.370	2159.517	360.783	-591.630	2016.858	537.398	-475.954	1885.641	316.655	-474.750	1939.776	226.497	-474.258	1961.885	0.000	0.000	0.000	217.152	-584.370	2159.517	97.909	-588.348	2174.511	-68.349	-768.161	2217.143	98.744	-741.468	2065.396	166.955	-730.571	2003.450	0.000	0.000	0.000	180.052	-1012.413	2241.457	180.052	-1383.873	2241.457	180.052	-1733.288	2241.457	0.000	0.000	0.000	-39.032	-1018.260	2301.350	-39.032	-1389.721	2301.350	-39.032	-1739.135	2301.350	0.000	0.000	0.000	
00985	3	0.000	0.000	0.000	305.601	-413.047	2048.684	255.871	-489.580	2108.538	109.119	-722.761	2222.959	69.894	-898.510	2243.440	219.054	-548.080	2137.243	391.529	-583.440	2056.618	431.505	-417.194	1876.325	233.703	-420.223	1987.906	152.898	-421.460	2033.489	0.000	0.000	0.000	219.054	-548.080	2137.243	102.199	-554.069	2154.737	34.895	-752.098	2020.587	248.867	-676.118	2015.312	336.243	-645.092	2013.158	0.000	0.000	0.000	161.070	-964.372	2205.800	161.070	-1335.681	2205.800	161.070	-1684.952	2205.800	0.000	0.000	0.000	-37.160	-1007.006	2254.025	-37.160	-1378.315	2254.025	-37.160	-1727.586	2254.025	0.000	0.000	0.000	
00986	3	0.000	0.000	0.000	281.602	-315.540	2040.027	243.653	-416.175	2059.148	89.393	-626.873	2203.880	40.999	-800.127	2227.047	204.952	-469.035	2095.458	236.909	-455.582	2228.403	354.001	-444.358	2009.317	297.879	-250.457	1905.060	274.945	-171.222	1862.457	0.000	0.000	0.000	204.952	-469.035	2095.458	100.127	-486.766	2127.433	102.219	-667.788	1956.958	267.000	-518.355	2003.151	334.318	-457.306	2022.021	0.000	0.000	0.000	121.756	-894.349	2255.356	121.756	-1265.939	2255.356	121.756	-1615.476	2255.356	0.000	0.000	0.000	-77.453	-834.010	2253.841	-77.453	-1205.600	2253.841	-77.453	-1555.137	2253.841	0.000	0.000	0.000	
00987	3	0.000	0.000	0.000	269.503	-277.344	2034.647	230.165	-379.231	2042.949	80.122	-583.875	2201.752	30.632	-756.632	2229.602	192.522	-430.572	2082.789	225.606	-400.645	2216.112	344.430	-393.821	1995.363	315.273	-209.388	1864.947	303.357	-134.014	1811.649	0.000	0.000	0.000	192.522	-430.572	2082.789	83.112	-445.781	2109.368	91.715	-644.513	1956.633	241.930	-476.296	1988.453	303.308	-407.563	2001.454	0.000	0.000	0.000	100.524	-856.848	2275.146	100.524	-1229.423	2275.146	100.524	-1579.886	2275.146	0.000	0.000	0.000	-90.538	-791.109	2235.002	-90.538	-1163.684	2235.002	-90.538	-1514.147	2235.002	0.000	0.000	0.000	
00988	3	0.000	0.000	0.000	244.593	-207.969	2013.768	204.259	-310.271	2024.671	53.525	-506.698	2197.576	-5.574	-675.341	2239.094	166.443	-359.550	2068.049	208.572	-339.087	2195.371	208.572	-591.553	2195.371	208.572	-821.558	2195.371	208.572	-915.454	2195.371	0.000	0.000	0.000	166.443	-359.550	2068.049	36.897	-351.216	2007.327	86.864	-590.771	1945.233	130.437	-803.231	2021.816	148.222	-889.953	2053.076	0.000	0.000	0.000	73.195	-779.522	2250.523	73.195	-1155.388	2250.523	73.195	-1508.947	2250.523	0.000	0.000	0.000	-125.785	-745.304	2224.156	-125.785	-1121.170	2224.156	-125.785	-1474.729	2224.156	0.000	0.000	0.000	
00989	3	0.000	0.000	0.000	233.036	-174.279	1998.348	191.742	-275.580	2016.796	39.948	-469.137	2194.020	-20.661	-636.475	2241.398	153.660	-324.139	2061.258	203.987	-310.704	2183.594	203.987	-563.965	2183.594	203.987	-794.790	2183.594	203.987	-889.051	2183.594	0.000	0.000	0.000	153.660	-324.139	2061.258	36.346	-313.369	1956.552	88.675	-560.597	1939.788	88.675	-791.422	1939.788	88.675	-885.673	1939.788	0.000	0.000	0.000	41.712	-729.111	2321.816	41.712	-1106.444	2321.816	41.712	-1461.383	2321.816	0.000	0.000	0.000	-127.008	-691.170	2185.611	-127.008	-1068.503	2185.611	-127.008	-1423.442	2185.611	0.000	0.000	0.000	
00990	3	0.000	0.000	0.000	229.276	-129.961	1986.385	179.984	-226.752	2010.591	32.140	-422.381	2190.467	-27.574	-590.212	2239.434	142.893	-275.831	2055.718	199.269	-282.325	2172.374	199.269	-536.218	2172.374	199.269	-767.696	2172.374	199.269	-862.246	2172.374	0.000	0.000	0.000	142.893	-275.831	2055.718	29.071	-293.065	1960.973	95.052	-532.883	1910.026	95.052	-764.361	1910.026	95.052	-858.903	1910.026	0.000	0.000	0.000	34.904	-687.069	2322.393	34.904	-1065.571	2322.393	34.904	-1421.610	2322.393	0.000	0.000	0.000	-120.495	-649.967	2169.577	-120.495	-1028.469	2169.577	-120.495	-1384.507	2169.577	0.000	0.000	0.000	
00991	3	0.000	0.000	0.000	221.765	-48.124	1968.234	169.056	-142.148	1997.785	41.770	-357.673	2172.805	-2.877	-532.930	2214.253	137.123	-196.219	2041.694	185.020	-204.489	2159.740	185.020	-459.260	2159.740	185.020	-691.648	2159.740	185.020	-786.604	2159.740	0.000	0.000	0.000	137.123	-196.219	2041.694	22.680	-221.380	1946.143	97.100	-454.655	1875.769	97.100	-687.044	1875.769	97.100	-781.995	1875.769	0.000	0.000	0.000	54.252	-627.889	2300.716	54.252	-1008.027	2300.716	54.252	-1365.603	2300.716	0.000	0.000	0.000	-108.995	-608.451	2169.786	-108.995	-988.588	2169.786	-108.995	-1346.164	2169.786	0.000	0.000	0.000	
00992	3	0.000	0.000	0.000	212.872	-14.604	1960.994	166.021	-111.258	1992.475	42.723	-331.393	2165.365	-0.618	-507.093	2207.510	135.089	-166.485	2035.849	165.015	-175.647	2155.377	165.015	-430.707	2155.377	165.015	-663.398	2155.377	165.015	-758.489	2155.377	0.000	0.000	0.000	135.089	-166.485	2035.849	24.666	-192.717	1928.700	91.661	-432.798	1874.586	91.661	-665.489	1874.586	91.661	-760.576	1874.586	0.000	0.000	0.000	43.411	-590.891	2311.149	43.411	-971.574	2311.149	43.411	-1329.664	2311.149	0.000	0.000	0.000	-101.218	-591.978	2158.598	-101.218	-972.661	2158.598	-101.218	-1330.751	2158.598	0.000	0.000	0.000	
00993	3	0.000	0.000	0.000	194.010	30.708	1948.240	155.527	-68.790	1982.795	29.690	-282.858	2162.354	-12.068	-459.607	2203.217	123.957	-122.495	2027.842	170.279	-112.831	2153.266	170.279	-368.254	2153.266	170.279	-601.332	2153.266	170.279	-696.599	2153.266	0.000	0.000	0.000	123.957	-122.495	2027.842	18.695	-143.936	1900.043	52.012	-395.506	1871.003	52.012	-628.585	1871.003	52.012	-723.849	1871.003	0.000	0.000	0.000	18.790	-538.015	2313.330	18.790	-919.407	2313.330	18.790	-1278.163	2313.330	0.000	0.000	0.000	-118.614	-523.025	2156.265	-118.614	-904.416	2156.265	-118.614	-1263.172	2156.265	0.000	0.000	0.000	
00994	3	0.000	0.000	0.000	183.021	60.593	1935.283	142.021	-34.678	1978.186	6.211	-244.055	2156.482	-37.496	-419.809	2200.265	107.949	-87.206	2022.917	167.234	-87.065	2146.302	167.234	-342.649	2146.302	167.234	-575.911	2146.302	167.234	-671.264	2146.302	0.000	0.000	0.000	107.949	-87.206	2022.917	1.235	-118.162	1908.522	34.719	-365.149	1851.954	34.719	-598.411	1851.954	34.719	-693.761	1851.954	0.000	0.000	0.000	-0.628	-501.119	2305.207	-0.628	-882.858	2305.207	-0.628	-1241.941	2305.207	0.000	0.000	0.000	-130.788	-513.849	2155.006	-130.788	-895.588	2155.006	-130.788	-1254.671	2155.006	0.000	0.000	0.000	
00995	3	0.000	0.000	0.000	181.863	91.488	1930.778	138.132	-0.684	1977.632	2.538	-214.344	2151.056	-42.271	-389.257	2197.194	104.115	-54.286	2021.141	163.102	-51.044	2146.932	163.102	-306.657	2146.932	163.102	-539.957	2146.932	163.102	-635.329	2146.932	0.000	0.000	0.000	104.115	-54.286	2021.141	-5.913	-77.596	1905.817	30.582	-323.007	1844.340	30.582	-556.308	1844.340	30.582	-651.679	1844.340	0.000	0.000	0.000	-6.489	-477.800	2306.398	-6.489	-859.618	2306.398	-6.489	-1218.776	2306.398	0.000	0.000	0.000	-139.593	-473.268	2141.574	67.596	-782.746	2057.421	67.596	-1141.904	2057.421	0.000	0.000	0.000	
00996	3	0.000	0.000	0.000	177.329	118.219	1929.003	134.183	26.428	1977.154	-1.171	-191.283	2145.706	-47.785	-365.070	2194.316	100.226	-28.191	2019.440	153.893	-39.275	2139.461	153.893	-294.890	2139.461	153.893	-528.203	2139.461	153.893	-623.583	2139.461	0.000	0.000	0.000	100.226	-28.191	2019.440	-2.059	-65.920	1914.235	10.781	-312.888	1849.574	10.781	-546.201	1849.574	10.781	-641.580	1849.574	0.000	0.000	0.000	-7.212	-468.338	2298.939	-7.212	-850.288	2298.939	-7.212	-1209.478	2298.939	0.000	0.000	0.000	-138.748	-458.450	2132.721	66.096	-780.025	2110.029	66.096	-1139.214	2110.029	0.000	0.000	0.000	
00997	3	0.000	0.000	0.000	152.671	162.145	1932.265	124.055	62.612	1975.620	-6.417	-164.810	2134.936	-53.021	-337.790	2186.339	91.322	5.557	2015.589	157.065	-2.993	2133.504	157.065	-258.575	2133.504	157.065	-491.872	2133.504	157.065	-587.250	2133.504	0.000	0.000	0.000	91.322	5.557	2015.589	-20.914	-14.967	1918.292	-21.539	-269.749	1898.105	-21.539	-503.046	1898.105	-21.539	-598.424	1898.105	0.000	0.000	0.000	-6.077	-436.392	2284.712	-6.077	-823.160	2284.712	-6.077	-1182.344	2284.712	0.000	0.000	0.000	-160.459	-418.404	2144.480	15.712	-762.717	2143.084	15.712	-1121.900	2143.084	0.000	0.000	0.000	
00998	3	0.000	0.000	0.000	137.851	177.384	1932.744	117.114	75.382	1974.824	-9.659	-156.908	2130.047	-55.903	-331.233	2177.040	85.309	17.106	2013.766	163.409	18.996	2132.474	163.409	-236.573	2132.474	163.409	-469.865	2132.474	163.409	-565.242	2132.474	0.000	0.000	0.000	85.309	17.106	2013.766	-30.095	1.180	1920.055	-17.242	-253.419	1901.890	-17.242	-486.711	1901.890	-17.242	-582.088	1901.890	0.000	0.000	0.000	-11.319	-410.768	2276.822	-11.319	-803.556	2276.822	-11.319	-1162.738	2276.822	0.000	0.000	0.000	-162.212	-399.021	2135.999	2.062	-755.133	2157.935	2.062	-1114.314	2157.935	0.000	0.000	0.000	
00999	3	0.000	0.000	0.000	123.973	192.981	1934.397	108.351	89.116	1974.072	-13.931	-143.231	2132.795	-58.248	-320.023	2171.771	77.673	30.825	2013.892	153.260	33.162	2131.409	153.260	-222.409	2131.409	153.260	-455.705	2131.409	153.260	-551.087	2131.409	0.000	0.000	0.000	77.673	30.825	2013.892	-39.059	17.440	1918.976	-9.460	-232.663	1875.518	-9.460	-465.960	1875.518	-9.460	-561.341	1875.518	0.000	0.000	0.000	-13.037	-384.260	2270.533	-13.037	-774.873	2270.533	-13.037	-1134.068	2270.533	0.000	0.000	0.000	-161.131	-369.458	2122.728	-5.898	-725.209	2166.573	-5.898	-1084.404	2166.573	0.000	0.000	0.000	
01000	3	0.000	0.000	0.000	114.347	210.197	1937.874	100.053	104.756	1973.741	-17.195	-127.367	2136.594	-59.181	-306.210	2168.171	70.638	46.521	2014.597	154.778	57.186	2128.032	154.778	-198.403	2128.032	154.778	-431.718	2128.032	154.778	-527.108	2128.032	0.000	0.000	0.000	70.638	46.521	2014.597	-50.991	42.962	1924.440	-12.120	-206.474	1884.490	-12.120	-439.790	1884.490	-12.120	-535.180	1884.490	0.000	0.000	0.000	-5.318	-362.049	2261.502	-5.318	-750.947	2261.502	-5.318	-1110.176	2261.502	0.000	0.000	0.000	-166.429	-347.752	2129.331	-21.710	-705.658	2176.246	-21.710	-1064.887	2176.246	0.000	0.000	0.000	
01001	3	0.000	0.000	0.000	100.473	248.326	1944.800	85.597	140.768	1973.518	-11.756	-87.112	2150.787	-40.239	-265.981	2177.965	60.994	83.179	2018.317	164.747	87.431	2117.617	164.747	-168.212	2117.617	164.747	-401.582	2117.617	164.747	-496.995	2117.617	0.000	0.000	0.000	60.994	83.179	2018.317	-68.466	63.942	1958.138	-78.524	-190.799	1939.186	-78.524	-424.169	1939.186	-78.524	-519.583	1939.186	0.000	0.000	0.000	55.337	-295.197	2231.067	55.337	-686.565	2231.067	55.337	-1045.883	2231.067	0.000	0.000	0.000	-144.124	-304.166	2146.212	-14.967	-671.441	2186.176	6.020	-993.992	2343.115	0.000	0.000	0.000	
01002	3	0.000	0.000	0.000	93.136	268.703	1943.835	78.159	161.361	1973.335	-12.713	-65.776	2155.737	-36.707	-245.494	2184.065	55.228	104.044	2019.363	155.100	101.025	2113.512	155.100	-154.635	2113.512	155.100	-388.024	2113.512	155.100	-483.446	2113.512	0.000	0.000	0.000	55.228	104.044	2019.363	-72.149	80.447	1964.942	-108.559	-170.882	1935.433	-108.559	-404.270	1935.433	-108.559	-499.692	1935.433	0.000	0.000	0.000	26.567	-308.517	2262.156	26.567	-698.041	2262.156	26.567	-1057.390	2262.156	0.000	0.000	0.000	-136.709	-309.960	2170.656	-33.518	-685.166	2188.035	-0.540	-1025.863	2297.438	0.000	0.000	0.000	
01003	3	0.000	0.000	0.000	86.253	287.087	1944.315	71.796	180.612	1977.064	-11.108	-44.582	2166.172	-27.440	-226.685	2190.824	50.900	123.852	2024.729	164.130	135.342	2115.071	164.130	-120.330	2115.071	164.130	-353.731	2115.071	164.130	-449.158	2115.071	0.000	0.000	0.000	50.900	123.852	2024.729	-78.789	97.597	1984.378	-114.696	-151.508	1939.371	-114.696	-384.909	1939.371	-114.696	-480.336	1939.371	0.000	0.000	0.000	50.104	-273.673	2256.618	50.104	-661.718	2256.618	50.104	-1022.418	2256.618	0.000	0.000	0.000	-127.790	-270.567	2167.063	-47.019	-649.565	2187.447	-37.795	-998.777	2277.283	0.000	0.000	0.000	
01004	3	0.000	0.000	0.000	72.403	313.792	1949.871	63.435	210.225	1992.427	15.458	-9.602	2199.865	-0.698	-192.715	2237.805	51.362	154.910	2044.624	169.538	179.056	2120.495	169.538	-76.605	2120.495	169.538	-309.996	2120.495	169.538	-405.420	2120.495	0.000	0.000	0.000	51.362	154.910	2044.624	-74.252	111.979	1987.853	-143.671	-134.069	1989.730	-143.671	-367.461	1989.730	-143.671	-462.885	1989.730	0.000	0.000	0.000	52.710	-289.895	2300.832	52.710	-675.768	2300.832	52.710	-1040.175	2300.832	0.000	0.000	0.000	-99.444	-264.249	2226.831	-105.855	-602.223	2040.740	-70.003	-889.939	2261.480	0.000	0.000	0.000	
01005	3	0.000	0.000	0.000	61.744	337.817	1956.217	60.104	234.320	1999.768	22.083	18.515	2210.909	2.504	-163.456	2261.900	50.485	179.722	2053.186	165.150	169.077	2115.543	165.150	-86.514	2115.543	165.150	-319.844	2115.543	165.150	-415.243	2115.543	0.000	0.000	0.000	50.485	179.722	2053.186	-80.759	141.006	1987.713	-159.330	-101.915	1999.674	-171.536	-331.339	2040.394	-173.977	-377.224	2048.539	0.000	0.000	0.000	53.326	-289.873	2331.020	44.617	-671.959	2372.130	44.617	-1036.115	2372.130	0.000	0.000	0.000	-97.356	-261.297	2245.318	-94.669	-641.138	2186.420	-70.340	-970.145	2340.600	0.000	0.000	0.000	
01006	3	0.000	0.000	0.000	48.826	346.629	1956.711	51.191	243.010	1999.808	7.505	16.220	2201.326	-15.687	-162.646	2256.527	40.224	186.074	2050.400	160.095	184.332	2116.303	160.095	-71.144	2116.303	160.095	-304.368	2116.303	160.095	-400.795	2116.303	0.000	0.000	0.000	40.224	186.074	2050.400	-94.218	155.377	1992.686	-179.401	-84.762	2011.253	-195.481	-315.030	2044.603	-198.697	-361.083	2051.273	0.000	0.000	0.000	51.153	-321.704	2330.708	18.966	-695.846	2407.690	18.966	-1058.080	2407.690	0.000	0.000	0.000	-123.538	-312.551	2268.975	-92.618	-694.382	2255.040	-75.436	-1055.513	2277.465	0.000	0.000	0.000	
01007	3	0.000	0.000	0.000	42.051	347.365	1956.742	43.290	243.756	1999.851	-4.879	11.216	2193.620	-30.154	-166.036	2251.371	31.199	185.384	2048.490	155.278	188.293	2115.550	155.278	-67.132	2115.550	155.278	-300.311	2115.550	155.278	-396.505	2115.550	0.000	0.000	0.000	31.199	185.384	2048.490	-101.085	153.537	1995.357	-184.706	-86.180	2023.382	-206.748	-311.646	2078.626	-211.157	-356.739	2089.675	0.000	0.000	0.000	47.896	-312.115	2329.677	37.701	-688.358	2400.275	37.701	-1049.896	2400.275	0.000	0.000	0.000	-149.673	-301.471	2263.900	-23.809	-645.339	2375.971	22.766	-943.764	2574.674	0.000	0.000	0.000	
01008	3	0.000	0.000	0.000	29.601	357.686	1951.047	22.479	254.059	1999.931	-26.737	16.204	2189.390	-51.349	-163.484	2247.070	10.129	194.372	2047.473	139.622	191.965	2114.017	176.129	-25.296	2236.582	200.246	-230.073	2347.804	205.069	-271.029	2370.049	0.000	0.000	0.000	10.129	194.372	2047.473	-118.450	150.501	2002.824	-205.352	-83.583	2037.606	-220.978	-307.334	2105.259	-224.103	-352.085	2118.790	0.000	0.000	0.000	8.149	-339.556	2336.854	4.738	-711.662	2431.623	4.738	-1073.413	2431.623	0.000	0.000	0.000	-160.993	-335.684	2273.876	-122.863	-711.129	2202.861	-113.515	-1058.520	2303.340	0.000	0.000	0.000	
01009	3	0.000	0.000	0.000	28.380	362.583	1948.562	18.768	262.084	1999.959	-28.380	16.902	2184.222	-51.725	-162.284	2244.673	6.938	200.565	2046.193	137.463	192.734	2111.918	178.434	-29.413	2231.506	201.657	-232.420	2349.549	206.302	-273.021	2373.157	0.000	0.000	0.000	6.938	200.565	2046.193	-120.660	153.215	2011.792	-212.208	-82.321	2050.147	-232.860	-310.731	2105.712	-236.991	-356.413	2116.825	0.000	0.000	0.000	9.619	-343.136	2333.724	5.087	-716.843	2432.617	5.087	-1080.843	2432.617	0.000	0.000	0.000	-162.159	-336.984	2280.138	-135.887	-714.725	2202.170	-118.428	-1059.326	2318.103	0.000	0.000	0.000	
01010	3	0.000	0.000	0.000	26.283	362.712	1948.529	16.037	263.423	1999.985	-29.066	14.947	2182.978	-52.106	-164.445	2244.632	4.720	201.079	2045.899	137.372	192.602	2110.151	180.423	-35.372	2221.792	203.185	-233.768	2349.716	207.738	-273.447	2375.300	0.000	0.000	0.000	4.720	201.079	2045.899	-124.863	154.376	2011.395	-212.645	-84.122	2052.653	-241.362	-312.506	2109.746	-247.105	-358.182	2121.165	0.000	0.000	0.000	11.173	-344.198	2332.689	5.832	-715.960	2445.239	5.832	-1083.992	2445.239	0.000	0.000	0.000	-163.444	-336.987	2280.638	-116.771	-721.794	2306.102	-127.451	-1082.888	2376.417	0.000	0.000	0.000	
