03407	1	0.000	0.000	0.000	110.144	99.971	2844.263	170.571	16.940	2831.142	99.787	-257.250	2891.032	130.643	-312.373	2738.201	153.215	-50.292	2845.828	199.870	-143.908	2793.544	24.465	20.334	2736.060	208.209	-8.806	2844.031	244.957	-14.633	2865.626	0.000	0.000	0.000	153.215	-50.292	2845.828	3.715	27.628	2844.893	3.715	-219.448	2844.893	3.715	-434.550	2844.893	3.715	-522.496	2844.893	0.000	0.000	0.000	214.543	-318.048	2828.464	214.543	-670.145	2828.464	214.543	-1001.345	2828.464	0.000	0.000	0.000	148.495	-384.471	2764.385	148.495	-736.567	2764.385	148.495	-1067.767	2764.385	0.000	0.000	0.000	
03410	1	0.000	0.000	0.000	140.402	81.731	2886.484	149.379	5.053	2862.782	124.970	-213.418	2882.119	125.486	-339.583	2836.794	143.255	-49.757	2867.634	235.432	-64.787	2933.483	0.000	0.000	0.000	8.356	1.952	167.575	10.028	2.343	201.090	0.000	0.000	0.000	143.255	-49.757	2867.634	87.699	-91.524	2798.363	87.699	-275.326	2798.363	87.699	-443.121	2798.363	87.699	-511.725	2798.363	0.000	0.000	0.000	0.000	0.000	0.000	0.000	-274.660	0.000	0.000	-533.020	0.000	0.000	0.000	0.000	0.000	0.000	0.000	0.000	-274.660	0.000	0.000	-533.020	0.000	0.000	0.000	0.000	
03411	1	0.000	0.000	0.000	110.915	162.583	2847.761	90.917	79.780	2843.720	154.742	-132.534	2915.514	154.976	-267.473	2872.707	106.929	26.515	2861.732	146.462	134.454	2733.322	146.462	-59.638	2733.322	146.462	-236.827	2733.322	146.462	-309.292	2733.322	0.000	0.000	0.000	106.929	26.515	2861.732	-35.964	125.643	2851.467	-35.964	-68.449	2851.467	-35.964	-245.638	2851.467	-35.964	-318.084	2851.467	0.000	0.000	0.000	208.355	-360.645	2834.357	208.355	-650.683	2834.357	208.355	-923.508	2834.357	0.000	0.000	0.000	94.143	-353.333	2834.788	94.143	-643.370	2834.788	94.143	-916.195	2834.788	0.000	0.000	0.000	
03412	1	0.000	0.000	0.000	140.615	163.005	2831.635	81.341	97.518	2841.705	148.405	-126.090	2908.911	150.746	-267.563	2866.972	98.166	41.419	2858.565	193.896	22.945	2811.051	193.896	-179.388	2811.051	193.896	-364.101	2811.051	193.896	-439.639	2811.051	0.000	0.000	0.000	98.166	41.419	2858.565	-43.969	39.748	2853.078	-43.969	-162.586	2853.078	-43.969	-347.299	2853.078	-43.969	-422.821	2853.078	0.000	0.000	0.000	186.669	-382.187	2870.441	186.669	-684.540	2870.441	186.669	-968.949	2870.441	0.000	0.000	0.000	90.420	-361.112	2831.450	90.420	-663.465	2831.450	90.420	-947.874	2831.450	0.000	0.000	0.000	
03415	1	0.000	0.000	0.000	156.156	55.666	2898.315	167.868	-35.538	2849.428	117.168	-311.582	2896.456	115.658	-431.569	2772.009	155.149	-104.792	2861.226	184.496	-202.493	2873.650	0.000	0.000	0.000	10.171	0.281	216.138	12.205	0.337	259.366	0.000	0.000	0.000	155.149	-104.792	2861.226	39.576	-120.218	2777.961	39.576	-357.237	2777.961	39.576	-573.615	2777.961	39.576	-662.083	2777.961	0.000	0.000	0.000	0.000	0.000	0.000	0.000	-354.185	0.000	0.000	-687.349	0.000	0.000	0.000	0.000	0.000	0.000	0.000	0.000	-354.185	0.000	0.000	-687.349	0.000	0.000	0.000	0.000	
03416	1	0.000	0.000	0.000	150.374	105.789	2863.064	190.974	11.851	2843.835	145.594	-266.681	2880.201	152.755	-416.039	2793.486	179.589	-58.027	2852.958	332.895	39.905	2929.894	332.895	-197.084	2929.894	332.895	-413.434	2929.894	332.895	-501.096	2929.894	0.000	0.000	0.000	179.589	-58.027	2852.958	58.270	-76.132	2789.215	58.270	-313.121	2789.215	58.270	-529.471	2789.215	58.270	-617.929	2789.215	0.000	0.000	0.000	0.000	0.000	0.000	0.000	-354.140	0.000	0.000	-687.262	0.000	0.000	0.000	0.000	0.000	0.000	0.000	0.000	-354.140	0.000	0.000	-687.262	0.000	0.000	0.000	0.000	
03417	1	0.000	0.000	0.000	138.735	112.346	2845.302	190.688	22.146	2843.352	164.016	-256.050	2896.548	173.715	-394.293	2793.287	183.997	-47.647	2856.698	312.687	-71.502	2912.021	312.687	-308.451	2912.021	312.687	-524.765	2912.021	312.687	-612.570	2912.021	0.000	0.000	0.000	183.997	-47.647	2856.698	44.203	-56.743	2817.126	44.203	-293.692	2817.126	44.203	-510.005	2817.126	44.203	-598.448	2817.126	0.000	0.000	0.000	0.000	0.000	0.000	0.000	-354.080	0.000	0.000	-687.145	0.000	0.000	0.000	0.000	0.000	0.000	0.000	0.000	-354.080	0.000	0.000	-687.145	0.000	0.000	0.000	0.000	
03419	1	0.000	0.000	0.000	153.149	51.636	2888.569	162.478	-37.388	2841.129	106.708	-303.587	2892.722	119.639	-404.614	2758.903	148.487	-104.172	2854.073	193.751	-175.952	2924.893	193.751	-406.520	2924.893	193.751	-617.008	2924.893	193.751	-703.068	2924.893	0.000	0.000	0.000	148.487	-104.172	2854.073	42.566	-115.422	2759.118	42.566	-345.990	2759.118	42.566	-556.478	2759.118	42.566	-642.539	2759.118	0.000	0.000	0.000	0.000	0.000	0.000	0.000	-344.545	0.000	0.000	-668.641	0.000	0.000	0.000	0.000	0.000	0.000	0.000	0.000	-344.545	0.000	0.000	-668.641	0.000	0.000	0.000	0.000	
03420	1	0.000	0.000	0.000	166.774	55.154	2849.823	178.137	-43.560	2830.888	131.647	-309.637	2889.583	127.987	-433.552	2776.323	166.474	-110.313	2845.613	201.550	-34.263	2668.043	201.550	-264.484	2668.043	201.550	-474.655	2668.043	201.550	-560.586	2668.043	0.000	0.000	0.000	166.474	-110.313	2845.613	28.054	-68.972	2767.779	28.054	-299.193	2767.779	28.054	-509.364	2767.779	28.054	-595.295	2767.779	0.000	0.000	0.000	0.000	0.000	0.000	0.000	-344.026	0.000	0.000	-667.633	0.000	0.000	0.000	0.000	0.000	0.000	0.000	0.000	-344.026	0.000	0.000	-667.633	0.000	0.000	0.000	0.000	
03421	1	0.000	0.000	0.000	179.017	53.828	2836.875	197.357	-44.254	2825.252	151.644	-302.000	2899.304	145.049	-431.858	2797.300	185.888	-108.917	2843.830	146.869	46.757	2699.270	146.869	-179.823	2699.270	146.869	-386.670	2699.270	146.869	-471.242	2699.270	0.000	0.000	0.000	185.888	-108.917	2843.830	43.044	-9.031	2784.625	43.044	-235.612	2784.625	43.044	-442.459	2784.625	43.044	-527.031	2784.625	0.000	0.000	0.000	0.000	0.000	0.000	0.000	-338.585	0.000	0.000	-657.076	0.000	0.000	0.000	0.000	0.000	0.000	0.000	0.000	-338.585	0.000	0.000	-657.076	0.000	0.000	0.000	0.000	
03422	1	0.000	0.000	0.000	171.117	56.891	2844.162	198.659	-36.248	2826.693	155.360	-282.088	2923.374	162.220	-398.084	2809.605	187.796	-97.924	2850.948	284.726	62.616	2921.858	284.726	-160.342	2921.858	284.726	-363.884	2921.858	284.726	-447.104	2921.858	0.000	0.000	0.000	187.796	-97.924	2850.948	39.308	-21.547	2801.611	39.308	-244.505	2801.611	39.308	-448.047	2801.611	39.308	-531.267	2801.611	0.000	0.000	0.000	237.434	-411.068	2795.866	237.434	-744.242	2795.866	237.434	-1057.642	2795.866	0.000	0.000	0.000	162.246	-415.175	2930.043	162.246	-748.348	2930.043	162.246	-1061.749	2930.043	0.000	0.000	0.000	
03423	1	0.000	0.000	0.000	164.515	64.004	2858.908	198.519	-20.007	2834.557	158.087	-249.238	2939.133	165.611	-361.462	2832.455	188.376	-77.516	2860.793	268.407	-13.892	2693.424	268.407	-226.430	2693.424	268.407	-420.459	2693.424	268.407	-499.790	2693.424	0.000	0.000	0.000	188.376	-77.516	2860.793	51.328	-25.957	2778.527	51.328	-238.496	2778.527	51.328	-432.524	2778.527	51.328	-511.855	2778.527	0.000	0.000	0.000	236.628	-365.100	2786.778	236.628	-682.702	2786.778	236.628	-981.456	2786.778	0.000	0.000	0.000	159.778	-367.943	2945.174	159.778	-685.545	2945.174	159.778	-984.299	2945.174	0.000	0.000	0.000	
03424	1	0.000	0.000	0.000	159.083	69.850	2852.747	193.044	-13.599	2835.367	154.575	-242.681	2927.034	156.127	-363.080	2834.753	183.393	-71.071	2858.364	177.967	-94.771	2704.602	177.967	-302.762	2704.602	177.967	-492.640	2704.602	177.967	-570.274	2704.602	0.000	0.000	0.000	183.393	-71.071	2858.364	46.624	-23.609	2786.616	46.624	-231.601	2786.616	46.624	-421.479	2786.616	46.624	-499.113	2786.616	0.000	0.000	0.000	191.309	-438.140	2842.985	191.309	-748.948	2842.985	191.309	-1041.311	2842.985	0.000	0.000	0.000	164.898	-377.752	2938.459	164.898	-688.560	2938.459	164.898	-980.922	2938.459	0.000	0.000	0.000	
03425	1	0.000	0.000	0.000	142.088	86.830	2842.478	178.067	3.750	2836.306	151.968	-225.139	2915.794	154.881	-348.445	2832.086	171.474	-54.068	2856.385	125.973	-113.472	2753.243	125.973	-317.843	2753.243	125.973	-504.416	2753.243	125.973	-580.699	2753.243	0.000	0.000	0.000	171.474	-54.068	2856.385	27.848	-13.281	2813.984	27.848	-217.652	2813.984	27.848	-404.225	2813.984	27.848	-480.508	2813.984	0.000	0.000	0.000	207.531	-413.509	2849.387	207.531	-718.907	2849.387	207.531	-1006.180	2849.387	0.000	0.000	0.000	113.982	-408.173	2887.116	113.982	-713.571	2887.116	113.982	-1000.844	2887.116	0.000	0.000	0.000	
03426	1	0.000	0.000	0.000	140.542	111.659	2831.553	160.475	26.259	2840.353	154.851	-205.969	2894.809	153.575	-339.434	2837.390	159.061	-32.145	2854.048	267.031	-61.388	2898.201	267.031	-260.596	2898.201	267.031	-442.456	2898.201	267.031	-516.812	2898.201	0.000	0.000	0.000	159.061	-32.145	2854.048	37.125	-30.992	2777.987	37.125	-230.201	2777.987	37.125	-412.061	2777.987	37.125	-486.417	2777.987	0.000	0.000	0.000	204.270	-417.089	2847.491	204.270	-714.773	2847.491	204.270	-994.789	2847.491	0.000	0.000	0.000	116.491	-411.905	2883.243	116.491	-709.589	2883.243	116.491	-989.605	2883.243	0.000	0.000	0.000	
03427	1	0.000	0.000	0.000	143.673	117.138	2828.323	152.335	31.326	2841.300	153.786	-200.972	2896.781	152.535	-335.214	2844.750	152.696	-26.506	2855.113	280.902	-42.481	2840.660	280.902	-239.880	2840.660	280.902	-420.089	2840.660	280.902	-493.769	2840.660	0.000	0.000	0.000	152.696	-26.506	2855.113	39.659	-26.192	2764.013	39.659	-223.592	2764.013	39.659	-403.800	2764.013	39.659	-477.480	2764.013	0.000	0.000	0.000	201.569	-423.313	2848.323	201.569	-718.294	2848.323	201.569	-995.767	2848.323	0.000	0.000	0.000	117.426	-420.184	2882.545	117.426	-715.164	2882.545	117.426	-992.638	2882.545	0.000	0.000	0.000	
