03672	1	0.000	0.000	0.000	-8.278	163.120	2663.164	4.057	93.354	2730.642	4.035	-151.079	2831.549	2.243	-304.754	2779.155	4.051	31.355	2756.236	134.650	26.896	2723.027	287.663	-132.481	2695.242	138.232	4.155	2676.552	77.152	60.005	2668.913	0.000	0.000	0.000	4.051	31.355	2756.236	-128.063	46.193	2773.647	45.732	-21.892	2652.216	-144.351	3.810	2719.714	-182.368	8.950	2733.213	0.000	0.000	0.000	61.221	-361.323	2766.479	61.221	-694.078	2766.479	61.221	-1007.085	2766.479	0.000	0.000	0.000	-77.533	-342.043	2794.906	-77.533	-674.799	2794.906	-77.533	-987.805	2794.906	0.000	0.000	0.000	
03673	1	0.000	0.000	0.000	-8.272	168.093	2650.599	4.137	100.256	2720.021	4.030	-143.171	2824.907	2.139	-291.937	2763.381	4.110	38.648	2746.566	133.865	35.450	2727.052	224.572	-165.075	2692.971	118.587	7.239	2672.233	75.264	77.676	2663.756	0.000	0.000	0.000	4.110	38.648	2746.566	-120.867	56.506	2779.506	-135.820	-151.832	2702.232	-145.829	49.626	2728.108	-147.830	89.917	2733.283	0.000	0.000	0.000	80.397	-321.603	2762.315	80.397	-654.404	2762.315	80.397	-967.454	2762.315	0.000	0.000	0.000	-45.578	-347.852	2773.471	-45.578	-680.654	2773.471	-45.578	-993.703	2773.471	0.000	0.000	0.000	
03674	1	0.000	0.000	0.000	-19.735	152.991	2631.109	4.141	100.820	2710.411	-5.620	-149.506	2799.765	-10.018	-302.079	2750.409	1.678	37.666	2732.954	109.848	-2.024	2699.465	109.848	-224.794	2699.465	109.848	-428.193	2699.465	109.848	-511.343	2699.465	0.000	0.000	0.000	1.678	37.666	2732.954	-111.006	8.837	2722.695	-174.821	-190.429	2646.227	-145.626	4.758	2695.427	-139.787	43.795	2705.267	0.000	0.000	0.000	53.875	-353.032	2747.030	53.875	-685.924	2747.030	53.875	-999.060	2747.030	0.000	0.000	0.000	-61.954	-360.871	2749.106	-61.954	-693.763	2749.106	-61.954	-1006.899	2749.106	0.000	0.000	0.000	
03675	1	0.000	0.000	0.000	-12.922	126.965	2629.240	-1.130	75.643	2710.818	-10.267	-176.456	2789.317	-16.991	-324.535	2733.984	-3.451	11.608	2730.757	129.699	15.350	2672.594	129.699	-207.443	2672.594	129.699	-410.855	2672.594	129.699	-494.014	2672.594	0.000	0.000	0.000	-3.451	11.608	2730.757	-121.894	7.360	2765.281	-164.204	-146.738	2610.040	-116.478	41.717	2669.902	-106.932	79.408	2681.875	0.000	0.000	0.000	29.310	-389.083	2727.348	29.310	-722.008	2727.348	29.310	-1035.174	2727.348	0.000	0.000	0.000	-99.177	-352.878	2722.308	-99.177	-685.803	2722.308	-99.177	-998.969	2722.308	0.000	0.000	0.000	
03676	1	0.000	0.000	0.000	-11.017	147.127	2579.817	-0.646	96.525	2662.386	-16.142	-154.027	2739.934	-16.534	-302.135	2682.660	-4.604	32.521	2682.196	80.092	22.763	2558.253	80.092	-200.057	2558.253	80.092	-403.486	2558.253	80.092	-486.654	2558.253	0.000	0.000	0.000	-4.604	32.521	2682.196	-149.376	71.632	2670.322	-41.584	-29.598	2503.644	-137.539	36.987	2670.204	-156.730	50.304	2703.516	0.000	0.000	0.000	59.044	-336.547	2711.513	59.044	-669.512	2711.513	59.044	-982.717	2711.513	0.000	0.000	0.000	-88.869	-337.883	2718.163	-88.869	-670.849	2718.163	-88.869	-984.053	2718.163	0.000	0.000	0.000	
03677	3	0.000	0.000	0.000	-15.159	165.351	2548.865	-7.331	110.118	2628.826	-21.353	-140.372	2710.033	-19.942	-289.927	2655.290	-10.900	46.363	2649.495	105.108	48.104	2547.780	105.108	-174.719	2547.780	105.108	-379.580	2547.780	105.108	-462.750	2547.780	0.000	0.000	0.000	-10.900	46.363	2649.495	-118.041	82.312	2728.960	-81.478	-5.919	2527.644	-212.116	15.690	2683.961	-238.243	20.012	2715.225	0.000	0.000	0.000	50.654	-314.309	2702.915	50.654	-647.280	2702.915	50.654	-960.489	2702.915	0.000	0.000	0.000	-103.650	-299.615	2694.859	-103.650	-632.585	2694.859	-103.650	-945.794	2694.859	0.000	0.000	0.000	
03678	3	0.000	0.000	0.000	-21.136	173.320	2524.353	-13.441	116.408	2603.238	-24.755	-137.995	2674.562	-21.285	-289.228	2625.694	-16.312	51.844	2621.339	68.701	9.901	2531.171	68.701	-212.914	2531.171	68.701	-417.479	2531.171	68.701	-500.645	2531.171	0.000	0.000	0.000	-16.312	51.844	2621.339	-113.412	21.743	2669.034	-104.523	-45.210	2456.703	38.540	83.925	2388.116	67.153	109.752	2374.399	0.000	0.000	0.000	65.513	-283.077	2669.693	65.513	-616.035	2669.693	65.513	-929.233	2669.693	0.000	0.000	0.000	-108.821	-275.431	2676.005	-108.821	-608.389	2676.005	-108.821	-921.586	2676.005	0.000	0.000	0.000	
03679	3	0.000	0.000	0.000	-35.904	180.634	2487.454	-21.963	121.809	2564.151	-26.116	-134.586	2632.838	-22.377	-282.698	2583.365	-23.012	57.010	2581.510	42.896	-0.206	2496.503	42.896	-222.946	2496.503	42.896	-427.027	2496.503	42.896	-510.165	2496.503	0.000	0.000	0.000	-23.012	57.010	2581.510	-107.975	22.909	2644.718	-58.644	-51.298	2440.579	-35.863	147.465	2400.285	-31.307	187.217	2392.226	0.000	0.000	0.000	61.671	-300.343	2603.079	61.671	-633.189	2603.079	61.671	-946.282	2603.079	0.000	0.000	0.000	-80.087	-307.349	2650.489	-80.087	-640.196	2650.489	-80.087	-953.288	2650.489	0.000	0.000	0.000	
03680	3	0.000	0.000	0.000	-39.712	183.218	2470.662	-25.156	123.315	2545.105	-26.482	-134.793	2608.412	-22.835	-280.550	2556.675	-25.491	58.179	2561.082	56.408	-0.307	2501.581	33.529	-221.776	2499.352	33.529	-425.634	2499.352	33.529	-508.742	2499.352	0.000	0.000	0.000	-25.491	58.179	2561.082	-99.069	13.820	2624.963	-33.264	-68.818	2428.959	-34.834	132.238	2395.307	-35.148	172.449	2388.577	0.000	0.000	0.000	57.896	-307.658	2577.524	57.896	-640.383	2577.524	57.896	-953.361	2577.524	0.000	0.000	0.000	-78.813	-306.424	2626.201	-78.813	-639.149	2626.201	-78.813	-952.127	2626.201	0.000	0.000	0.000	
03681	3	0.000	0.000	0.000	-40.399	180.688	2434.718	-33.882	121.212	2511.007	-42.742	-124.226	2605.134	-43.047	-274.496	2572.411	-36.138	58.707	2534.978	58.088	-3.135	2523.785	36.800	-223.849	2506.972	36.800	-429.798	2506.972	36.800	-512.801	2506.972	0.000	0.000	0.000	-36.138	58.707	2534.978	-151.958	28.725	2550.856	-27.212	-148.811	2502.175	-29.722	19.175	2383.054	-30.224	52.772	2359.230	0.000	0.000	0.000	23.373	-345.522	2581.692	23.373	-677.822	2581.692	23.373	-990.401	2581.692	0.000	0.000	0.000	-114.055	-340.210	2583.927	-114.055	-672.510	2583.927	-114.055	-985.088	2583.927	0.000	0.000	0.000	
03682	3	0.000	0.000	0.000	-36.936	175.493	2429.725	-46.145	113.010	2503.361	-47.462	-122.074	2613.814	-48.238	-271.904	2578.047	-46.484	52.443	2531.818	70.009	9.624	2503.419	31.760	-209.125	2510.031	31.760	-414.296	2510.031	31.760	-497.220	2510.031	0.000	0.000	0.000	-46.484	52.443	2531.818	-131.706	17.615	2591.450	-50.488	-180.030	2530.643	-25.344	-41.803	2381.123	-15.184	14.052	2320.704	0.000	0.000	0.000	36.346	-312.428	2572.292	36.346	-644.417	2572.292	36.346	-956.702	2572.292	0.000	0.000	0.000	-128.307	-320.659	2581.097	-128.307	-652.648	2581.097	-128.307	-964.933	2581.097	0.000	0.000	0.000	
03683	3	0.000	0.000	0.000	-38.196	172.602	2421.555	-51.204	110.440	2496.551	-60.206	-117.687	2622.695	-61.625	-265.056	2582.451	-53.511	51.979	2528.877	56.919	-1.651	2494.840	35.023	-222.245	2504.980	35.023	-426.713	2504.980	35.023	-509.542	2504.980	0.000	0.000	0.000	-53.511	51.979	2528.877	-183.248	94.861	2577.665	-186.433	-124.942	2547.323	-43.142	-98.123	2403.951	14.895	-87.261	2345.882	0.000	0.000	0.000	-3.862	-325.238	2600.344	-3.862	-656.846	2600.344	-3.862	-968.773	2600.344	0.000	0.000	0.000	-103.024	-334.833	2602.626	-103.024	-666.440	2602.626	-103.024	-978.367	2602.626	0.000	0.000	0.000	
03684	3	0.000	0.000	0.000	-39.512	171.748	2416.931	-61.287	101.929	2481.729	-90.969	-114.774	2626.092	-94.711	-262.254	2585.484	-68.835	46.820	2518.442	78.738	43.321	2491.410	36.977	-149.989	2392.192	36.977	-355.735	2392.192	36.977	-438.322	2392.192	0.000	0.000	0.000	-68.835	46.820	2518.442	-172.838	6.187	2520.785	-251.395	-200.441	2530.296	-118.973	-71.767	2439.528	-65.824	-20.122	2403.097	0.000	0.000	0.000	-9.374	-291.589	2605.230	-9.374	-622.228	2605.230	-9.374	-933.243	2605.230	0.000	0.000	0.000	-168.247	-309.846	2587.285	-168.247	-640.485	2587.285	-168.247	-951.501	2587.285	0.000	0.000	0.000	
03685	3	0.000	0.000	0.000	-36.273	174.333	2414.981	-60.105	99.844	2473.104	-92.536	-114.407	2620.947	-94.624	-262.632	2582.702	-68.330	45.505	2510.600	73.499	38.107	2508.632	87.305	-150.412	2394.374	87.305	-355.052	2394.374	87.305	-437.493	2394.374	0.000	0.000	0.000	-68.330	45.505	2510.600	-177.600	12.578	2511.872	-257.252	-191.338	2541.172	-209.030	-8.359	2463.258	-189.604	65.350	2431.872	0.000	0.000	0.000	-2.785	-286.399	2593.189	-2.785	-616.456	2593.189	-2.785	-926.924	2593.189	0.000	0.000	0.000	-131.029	-340.474	2608.643	-131.029	-670.531	2608.643	-131.029	-980.999	2608.643	0.000	0.000	0.000	
03686	3	0.000	0.000	0.000	-44.231	188.018	2400.694	-57.967	108.821	2454.822	-101.153	-95.691	2607.417	-107.606	-246.395	2580.409	-69.024	56.459	2493.891	59.537	34.495	2510.415	60.706	-158.250	2404.408	60.706	-360.991	2404.408	60.706	-443.098	2404.408	0.000	0.000	0.000	-69.024	56.459	2493.891	-202.381	84.611	2486.133	-242.247	-129.598	2516.379	-234.809	64.093	2456.945	-231.798	142.530	2432.876	0.000	0.000	0.000	-47.210	-301.062	2628.123	-47.210	-629.780	2628.123	-47.210	-938.988	2628.123	0.000	0.000	0.000	-195.259	-280.177	2594.775	-195.259	-608.895	2594.775	-195.259	-918.103	2594.775	0.000	0.000	0.000	
03687	3	0.000	0.000	0.000	-55.418	211.443	2369.007	-63.910	135.545	2427.763	-113.890	-47.280	2600.465	-125.878	-195.118	2578.774	-76.764	88.524	2472.180	48.213	73.131	2502.180	13.698	-124.527	2413.365	-2.168	66.551	2352.061	-8.608	144.122	2327.173	0.000	0.000	0.000	-76.764	88.524	2472.180	-200.983	85.476	2454.391	-218.356	-132.313	2474.738	-215.437	64.391	2432.081	-214.251	144.244	2414.764	0.000	0.000	0.000	-29.942	-210.479	2572.222	-29.942	-537.646	2572.222	-29.942	-845.395	2572.222	0.000	0.000	0.000	-218.679	-216.228	2570.114	-218.679	-543.395	2570.114	-218.679	-851.144	2570.114	0.000	0.000	0.000	
03688	3	0.000	0.000	0.000	-53.784	234.151	2365.198	-63.878	154.004	2417.211	-108.261	-17.557	2603.380	-118.849	-163.443	2578.412	-75.236	110.099	2464.854	54.231	120.034	2495.820	9.775	-81.521	2423.321	-3.163	100.539	2340.347	-8.423	174.553	2306.615	0.000	0.000	0.000	-75.236	110.099	2464.854	-184.746	84.561	2460.242	-241.519	-123.445	2497.216	-192.652	45.045	2400.153	-172.787	113.540	2360.694	0.000	0.000	0.000	-20.088	-156.521	2585.004	-20.088	-482.840	2585.004	-20.088	-789.793	2585.004	0.000	0.000	0.000	-214.684	-173.000	2579.095	-214.684	-499.319	2579.095	-214.684	-806.271	2579.095	0.000	0.000	0.000	
03689	3	0.000	0.000	0.000	-50.397	253.628	2362.527	-63.468	171.208	2409.555	-96.893	1.450	2600.051	-106.558	-144.222	2579.350	-71.988	127.936	2458.113	36.881	104.417	2491.450	55.496	-110.134	2457.048	207.228	-172.487	2572.663	268.683	-197.741	2619.490	0.000	0.000	0.000	-71.988	127.936	2458.113	-181.951	98.688	2453.605	-256.763	-97.210	2513.514	-154.493	-75.363	2342.223	-113.072	-66.514	2272.847	0.000	0.000	0.000	-10.239	-150.785	2563.261	-10.239	-476.212	2563.261	-10.239	-782.325	2563.261	0.000	0.000	0.000	-204.113	-146.635	2577.776	-204.113	-472.062	2577.776	-204.113	-778.176	2577.776	0.000	0.000	0.000	
03690	3	0.000	0.000	0.000	-45.958	263.538	2358.908	-63.091	180.997	2403.770	-91.635	10.247	2594.279	-102.549	-135.902	2581.569	-70.344	137.610	2452.177	35.991	111.941	2485.325	17.369	-93.277	2416.026	4.396	94.460	2347.634	1.801	132.007	2333.956	0.000	0.000	0.000	-70.344	137.610	2452.177	-180.147	110.942	2455.027	-270.979	-74.843	2522.083	-173.626	-155.364	2366.747	-134.218	-187.959	2303.867	0.000	0.000	0.000	-4.948	-140.013	2579.332	-4.948	-464.509	2579.332	-4.948	-769.746	2579.332	0.000	0.000	0.000	-200.566	-140.423	2578.295	-200.566	-464.919	2578.295	-200.566	-770.156	2578.295	0.000	0.000	0.000	
03691	3	0.000	0.000	0.000	-41.009	268.760	2352.392	-62.987	191.675	2403.171	-86.230	22.616	2595.377	-100.377	-124.902	2585.892	-68.866	148.913	2451.788	45.112	135.644	2485.752	18.361	-51.692	2381.614	-6.364	140.057	2337.470	-16.408	217.954	2319.537	0.000	0.000	0.000	-68.866	148.913	2451.788	-182.428	125.488	2457.923	-278.603	-60.590	2510.651	-147.296	-114.118	2372.010	-93.954	-135.862	2315.690	0.000	0.000	0.000	-7.862	-156.124	2569.370	-7.862	-478.658	2569.370	-7.862	-782.049	2569.370	0.000	0.000	0.000	-195.782	-151.585	2571.172	-195.782	-474.119	2571.172	-195.782	-777.510	2571.172	0.000	0.000	0.000	
03692	3	0.000	0.000	0.000	-37.554	277.604	2350.803	-57.815	200.913	2402.306	-66.902	32.109	2595.393	-76.978	-116.343	2583.787	-60.109	158.284	2451.067	76.876	152.921	2427.428	145.579	-51.006	2433.749	17.292	86.722	2374.135	-34.889	142.743	2349.886	0.000	0.000	0.000	-60.109	158.284	2451.067	-178.624	130.172	2440.736	-266.993	-53.314	2510.522	-281.748	-245.110	2554.983	-287.749	-323.123	2573.068	0.000	0.000	0.000	18.378	-119.595	2583.999	18.378	-441.106	2583.999	18.378	-743.536	2583.999	0.000	0.000	0.000	-171.780	-121.206	2572.765	-171.780	-442.718	2572.765	-171.780	-745.148	2572.765	0.000	0.000	0.000	
03693	3	0.000	0.000	0.000	-35.100	286.702	2347.677	-50.611	210.907	2401.526	-65.516	43.706	2594.980	-77.846	-106.492	2583.350	-54.370	168.739	2450.316	72.729	161.348	2458.361	98.169	-3.190	2316.501	90.046	21.019	2511.429	86.738	30.876	2590.797	0.000	0.000	0.000	-54.370	168.739	2450.316	-177.076	149.044	2434.364	-265.276	-37.720	2506.366	-305.225	-222.651	2559.781	-321.490	-297.949	2581.529	0.000	0.000	0.000	12.564	-131.136	2562.962	12.564	-451.604	2562.962	12.564	-753.052	2562.962	0.000	0.000	0.000	-173.124	-114.064	2576.685	-173.124	-434.532	2576.685	-173.124	-735.980	2576.685	0.000	0.000	0.000	
03694	3	0.000	0.000	0.000	-29.907	302.914	2346.106	-41.256	228.191	2401.467	-38.882	64.311	2593.458	-46.435	-88.391	2609.281	-40.652	186.504	2450.304	96.374	196.238	2432.943	181.318	-4.777	2451.980	181.318	-199.910	2451.980	181.318	-279.479	2451.980	0.000	0.000	0.000	-40.652	186.504	2450.304	-173.845	185.233	2440.560	-252.254	-10.195	2500.933	-241.992	-204.081	2520.420	-237.807	-283.142	2528.367	0.000	0.000	0.000	39.938	-137.675	2627.037	39.938	-456.232	2627.037	39.938	-755.883	2627.037	0.000	0.000	0.000	-121.818	-160.399	2633.164	-121.818	-478.956	2633.164	-121.818	-778.607	2633.164	0.000	0.000	0.000	
03695	3	0.000	0.000	0.000	-26.608	314.011	2345.642	-34.682	239.480	2401.510	-29.132	77.101	2594.956	-31.870	-76.496	2588.650	-33.274	198.289	2450.582	99.876	209.046	2440.754	180.484	6.403	2464.105	180.484	-188.236	2464.105	180.484	-267.646	2464.105	0.000	0.000	0.000	-33.274	198.289	2450.582	-170.162	195.890	2419.317	-243.943	3.595	2494.723	-278.531	-187.906	2490.834	-292.643	-266.036	2489.248	0.000	0.000	0.000	29.373	-129.182	2534.934	29.373	-447.102	2534.934	29.373	-746.154	2534.934	0.000	0.000	0.000	-98.160	-126.844	2538.851	-98.160	-444.764	2538.851	-98.160	-743.815	2538.851	0.000	0.000	0.000	
03696	3	0.000	0.000	0.000	-25.672	346.705	2344.045	-32.774	271.165	2398.352	-46.190	108.536	2586.964	-59.650	-44.830	2588.040	-36.214	229.460	2446.720	102.325	230.750	2410.391	180.824	30.870	2454.764	180.824	-163.240	2454.764	180.824	-242.495	2454.764	0.000	0.000	0.000	-36.214	229.460	2446.720	-164.863	225.072	2419.746	-268.597	48.136	2497.313	-297.476	-140.962	2530.269	-309.268	-218.171	2543.725	0.000	0.000	0.000	22.760	-97.437	2583.339	22.760	-414.735	2583.339	22.760	-713.202	2583.339	0.000	0.000	0.000	-151.204	-76.761	2596.811	-151.204	-394.059	2596.811	-151.204	-692.526	2596.811	0.000	0.000	0.000	
03697	3	0.000	0.000	0.000	-25.551	360.659	2341.316	-32.684	285.430	2396.024	-59.581	118.866	2578.789	-79.834	-33.661	2587.670	-39.599	242.606	2443.012	100.043	247.107	2418.237	170.075	40.812	2416.865	45.733	177.775	2358.318	-5.050	233.713	2334.407	0.000	0.000	0.000	-39.599	242.606	2443.012	-159.241	229.490	2416.818	-263.799	56.206	2497.468	-298.879	-133.129	2521.335	-313.206	-210.455	2531.082	0.000	0.000	0.000	-9.665	-106.930	2601.148	-9.665	-424.186	2601.148	-9.665	-722.614	2601.148	0.000	0.000	0.000	-161.892	-92.750	2608.872	-161.892	-410.006	2608.872	-161.892	-708.434	2608.872	0.000	0.000	0.000	
03698	3	0.000	0.000	0.000	-26.360	394.034	2336.859	-32.728	318.038	2390.744	-74.660	150.504	2572.696	-100.602	-4.082	2587.015	-43.428	275.289	2437.171	101.061	272.454	2406.918	151.352	62.484	2415.211	172.995	255.097	2378.563	181.698	332.550	2363.827	0.000	0.000	0.000	-43.428	275.289	2437.171	-156.975	250.341	2405.542	-272.381	84.944	2483.068	-296.389	-107.143	2520.982	-306.043	-184.384	2536.228	0.000	0.000	0.000	-24.095	-51.694	2565.445	-24.095	-369.257	2565.445	-24.095	-667.972	2565.445	0.000	0.000	0.000	-181.955	-48.817	2588.297	-181.955	-366.380	2588.297	-181.955	-665.096	2588.297	0.000	0.000	0.000	
03699	3	0.000	0.000	0.000	-27.284	405.060	2333.455	-32.753	329.222	2387.832	-76.893	160.331	2568.482	-98.752	5.464	2583.140	-44.013	286.140	2433.913	96.784	281.668	2414.708	214.848	117.734	2489.964	140.057	197.641	2326.385	109.882	229.879	2260.388	0.000	0.000	0.000	-44.013	286.140	2433.913	-163.699	279.400	2399.428	-258.317	105.142	2484.038	-289.676	-84.946	2524.293	-302.328	-161.637	2540.535	0.000	0.000	0.000	-22.337	-39.373	2562.436	-22.337	-357.278	2562.436	-22.337	-656.316	2562.436	0.000	0.000	0.000	-181.173	-31.198	2582.501	-181.173	-349.103	2582.501	-181.173	-648.141	2582.501	0.000	0.000	0.000	
03700	3	0.000	0.000	0.000	-28.054	416.202	2328.246	-32.781	341.927	2385.041	-76.190	169.482	2562.834	-93.530	14.531	2580.730	-43.860	297.915	2430.418	95.282	292.484	2411.912	171.486	91.617	2426.658	110.619	242.656	2316.515	85.997	303.756	2271.958	0.000	0.000	0.000	-43.860	297.915	2430.418	-160.866	287.371	2398.620	-255.747	111.687	2479.276	-286.744	-75.130	2532.075	-299.283	-150.703	2553.434	0.000	0.000	0.000	-17.354	-41.968	2573.749	-17.354	-360.360	2573.749	-17.354	-659.855	2573.749	0.000	0.000	0.000	-172.763	-38.238	2591.016	-172.763	-356.630	2591.016	-172.763	-656.126	2591.016	0.000	0.000	0.000	
