02957	3	0.000	0.000	0.000	102.532	499.069	2278.336	111.834	375.922	2266.290	75.593	52.440	2359.126	55.510	-158.264	2356.244	102.474	292.379	2290.266	240.318	253.565	2242.556	304.412	-26.140	2199.144	168.607	195.296	2147.005	113.081	285.833	2125.688	0.000	0.000	0.000	102.474	292.379	2290.266	-30.463	288.252	2330.388	-30.463	-1.967	2330.388	-30.463	-266.912	2330.388	-30.463	-375.238	2330.388	0.000	0.000	0.000	179.668	-161.483	2350.680	179.668	-595.167	2350.680	179.668	-1003.112	2350.680	0.000	0.000	0.000	-40.528	-148.918	2431.559	-40.528	-582.602	2431.559	-40.528	-990.547	2431.559	0.000	0.000	0.000	
02958	3	0.000	0.000	0.000	97.480	501.832	2270.538	107.433	379.976	2259.784	76.055	54.688	2339.482	58.273	-155.836	2332.250	99.289	295.552	2280.469	234.719	261.407	2212.708	301.174	-20.699	2210.881	171.008	199.864	2144.413	117.788	290.044	2117.237	0.000	0.000	0.000	99.289	295.552	2280.469	-34.017	292.866	2329.643	-34.017	3.032	2329.643	-34.017	-261.561	2329.643	-34.017	-369.743	2329.643	0.000	0.000	0.000	186.069	-142.559	2339.272	186.069	-575.667	2339.272	186.069	-983.070	2339.272	0.000	0.000	0.000	-44.133	-137.328	2402.755	-44.133	-570.435	2402.755	-44.133	-977.839	2402.755	0.000	0.000	0.000	
02959	3	0.000	0.000	0.000	95.107	504.611	2263.077	105.045	383.338	2252.804	77.009	58.857	2326.188	63.927	-151.226	2313.074	97.731	298.688	2271.948	235.749	265.495	2211.887	297.743	-16.564	2197.500	163.529	201.308	2132.716	108.654	290.388	2106.229	0.000	0.000	0.000	97.731	298.688	2271.948	-36.980	302.029	2329.370	-36.980	12.879	2329.370	-36.980	-251.088	2329.370	-36.980	-359.014	2329.370	0.000	0.000	0.000	187.638	-155.158	2326.354	187.638	-587.242	2326.354	187.638	-993.682	2326.354	0.000	0.000	0.000	-42.308	-142.735	2377.993	-42.308	-574.819	2377.993	-42.308	-981.259	2377.993	0.000	0.000	0.000	
02960	3	0.000	0.000	0.000	91.008	508.984	2241.681	98.424	388.130	2236.097	78.645	66.644	2318.390	71.882	-142.174	2305.811	93.281	304.540	2257.494	229.900	267.316	2202.935	304.488	-9.745	2198.089	158.012	190.579	2114.152	98.123	272.484	2079.834	0.000	0.000	0.000	93.281	304.540	2257.494	-39.179	299.351	2314.617	-39.179	12.384	2314.617	-39.179	-249.590	2314.617	-39.179	-356.701	2314.617	0.000	0.000	0.000	166.347	-174.725	2296.717	166.347	-603.547	2296.717	166.347	-1006.918	2296.717	0.000	0.000	0.000	-22.303	-138.428	2373.889	-22.303	-567.250	2373.889	-22.303	-970.622	2373.889	0.000	0.000	0.000	
02961	3	0.000	0.000	0.000	89.266	509.859	2231.018	96.974	389.378	2227.609	81.008	68.246	2314.691	74.966	-139.661	2304.514	92.852	306.472	2250.091	227.317	267.979	2192.209	304.261	-6.573	2177.472	152.179	192.346	2105.095	89.998	273.676	2075.503	0.000	0.000	0.000	92.852	306.472	2250.091	-36.012	298.705	2311.714	-36.012	13.195	2311.714	-36.012	-247.450	2311.714	-36.012	-354.018	2311.714	0.000	0.000	0.000	167.527	-139.059	2267.734	167.527	-565.705	2267.734	167.527	-967.030	2267.734	0.000	0.000	0.000	-15.767	-96.400	2382.002	-15.767	-523.046	2382.002	-15.767	-924.371	2382.002	0.000	0.000	0.000	
02962	3	0.000	0.000	0.000	83.297	512.170	2224.990	94.223	393.183	2219.676	83.083	73.621	2310.296	71.139	-131.644	2305.740	91.376	311.517	2242.835	213.626	264.027	2179.355	272.901	-11.243	2164.497	157.152	209.140	2098.955	109.827	299.246	2072.157	0.000	0.000	0.000	91.376	311.517	2242.835	-31.671	304.767	2314.004	-31.671	22.796	2314.004	-31.671	-234.618	2314.004	-31.671	-339.865	2314.004	0.000	0.000	0.000	194.335	-76.916	2289.385	194.335	-498.273	2289.385	194.335	-894.624	2289.385	0.000	0.000	0.000	-23.453	-53.402	2379.147	-23.453	-474.760	2379.147	-23.453	-871.110	2379.147	0.000	0.000	0.000	
02963	3	0.000	0.000	0.000	81.206	512.306	2223.324	92.756	393.899	2216.909	83.718	75.991	2309.137	70.502	-127.732	2306.074	90.455	312.949	2240.394	208.090	264.193	2169.613	245.552	-13.181	2164.987	138.336	195.653	2063.993	94.500	281.038	2022.700	0.000	0.000	0.000	90.455	312.949	2240.394	-32.172	304.896	2310.896	-32.172	24.964	2310.896	-32.172	-230.588	2310.896	-32.172	-335.073	2310.896	0.000	0.000	0.000	188.869	-67.192	2263.884	188.869	-485.501	2263.884	188.869	-878.984	2263.884	0.000	0.000	0.000	-23.889	-57.660	2378.609	-23.889	-475.969	2378.609	-23.889	-869.453	2378.609	0.000	0.000	0.000	
02964	2	0.000	0.000	0.000	80.887	512.394	2217.105	91.733	395.391	2206.911	85.692	78.631	2289.933	68.401	-121.063	2276.535	90.203	315.153	2227.941	198.577	267.351	2138.467	236.786	-3.527	2170.481	144.931	204.076	2062.380	107.375	288.956	2018.182	0.000	0.000	0.000	90.203	315.153	2227.941	-24.790	305.030	2310.602	-24.790	29.604	2310.602	-24.790	-221.836	2310.602	-24.790	-324.640	2310.602	0.000	0.000	0.000	158.511	-113.413	2233.807	158.511	-524.990	2233.807	158.511	-912.141	2233.807	0.000	0.000	0.000	-21.903	-50.196	2349.442	-21.903	-461.774	2349.442	-21.903	-848.924	2349.442	0.000	0.000	0.000	
02965	2	0.000	0.000	0.000	80.901	512.365	2211.741	91.528	396.054	2200.611	86.487	78.352	2270.043	64.297	-117.973	2245.271	90.253	315.728	2218.166	191.996	267.219	2124.359	238.379	2.055	2169.831	139.091	204.846	2064.322	98.496	287.759	2021.183	0.000	0.000	0.000	90.253	315.728	2218.166	-17.860	305.657	2311.829	-17.860	32.653	2311.829	-17.860	-216.574	2311.829	-17.860	-318.474	2311.829	0.000	0.000	0.000	158.283	-93.176	2213.300	158.283	-501.132	2213.300	158.283	-884.877	2213.300	0.000	0.000	0.000	-17.174	-49.187	2324.990	143.421	-286.379	2034.511	143.421	-670.124	2034.511	0.000	0.000	0.000	
02966	2	0.000	0.000	0.000	80.731	511.280	2203.974	91.443	396.184	2192.636	87.698	76.742	2238.439	54.682	-115.015	2205.855	90.497	315.539	2204.199	171.794	268.032	2096.933	59.810	503.860	2167.712	101.045	277.159	2078.931	117.905	184.469	2042.631	0.000	0.000	0.000	90.497	315.539	2204.199	-4.039	296.735	2306.792	-4.039	26.245	2306.792	-4.039	-220.688	2306.792	-4.039	-321.650	2306.792	0.000	0.000	0.000	153.304	-76.493	2192.611	153.304	-480.694	2192.611	153.304	-860.906	2192.611	0.000	0.000	0.000	-8.873	-23.192	2302.319	137.454	-331.084	2085.134	-25.504	-310.488	2428.036	0.000	0.000	0.000	
02967	2	0.000	0.000	0.000	78.806	512.910	2184.005	91.368	400.606	2173.231	89.779	83.809	2188.588	1.530	-54.185	2085.633	90.968	320.803	2177.100	134.943	272.418	2057.608	107.505	528.034	2122.929	89.419	289.503	2085.335	82.025	191.976	2069.964	0.000	0.000	0.000	90.968	320.803	2177.100	30.942	307.123	2312.188	30.942	41.871	2312.188	30.942	-200.281	2312.188	30.942	-299.288	2312.188	0.000	0.000	0.000	185.709	45.802	2138.680	185.709	-350.573	2138.680	185.709	-727.442	2138.680	0.000	0.000	0.000	-11.368	30.659	2242.250	65.327	-334.962	2109.767	65.327	-711.830	2109.767	0.000	0.000	0.000	
02968	2	0.000	0.000	0.000	75.414	513.883	2175.435	91.336	402.490	2165.798	88.959	88.391	2173.075	33.380	-32.394	2035.256	90.738	323.428	2167.630	130.987	290.137	2033.765	150.986	516.940	2164.512	90.496	295.778	2094.665	65.764	205.353	2066.107	0.000	0.000	0.000	90.738	323.428	2167.630	45.163	300.955	2304.314	45.163	38.401	2304.314	45.163	-201.287	2304.314	45.163	-299.286	2304.314	0.000	0.000	0.000	180.138	33.894	2097.922	180.138	-358.447	2097.922	180.138	-730.719	2097.922	0.000	0.000	0.000	-23.549	1.279	2139.985	221.005	77.839	1842.893	221.005	-294.433	1842.893	0.000	0.000	0.000	
02969	2	0.000	0.000	0.000	71.692	510.233	2161.872	91.212	399.823	2157.228	87.987	88.764	2161.995	49.805	-53.950	2043.311	90.401	321.576	2158.427	112.146	284.913	2024.376	214.136	478.739	2164.138	126.158	277.127	2075.421	90.187	194.696	2039.148	0.000	0.000	0.000	90.401	321.576	2158.427	30.569	317.904	2301.810	30.569	58.089	2301.810	30.569	-179.099	2301.810	30.569	-276.077	2301.810	0.000	0.000	0.000	178.322	-8.588	2121.327	178.322	-396.838	2121.327	178.322	-764.617	2121.327	0.000	0.000	0.000	-11.903	-19.812	2162.233	142.756	51.368	1813.303	142.756	-316.411	1813.303	0.000	0.000	0.000	
02970	2	0.000	0.000	0.000	56.718	490.733	2131.356	89.801	385.286	2141.215	77.161	79.751	2153.643	65.080	-101.523	2112.642	86.624	308.500	2144.338	168.084	339.278	1992.362	214.444	359.080	2242.685	229.800	125.771	2262.537	236.038	31.007	2270.601	0.000	0.000	0.000	86.624	308.500	2144.338	39.301	287.733	2276.623	39.301	32.384	2276.623	39.301	-202.271	2276.623	39.301	-297.581	2276.623	0.000	0.000	0.000	185.900	0.374	2144.670	185.900	-381.201	2144.670	185.900	-741.776	2144.670	0.000	0.000	0.000	-30.550	-19.104	2182.730	10.735	-392.138	2251.582	10.735	-752.713	2251.582	0.000	0.000	0.000	
02971	2	0.000	0.000	0.000	55.528	466.216	2100.653	80.395	365.095	2126.577	40.575	66.995	2157.252	72.289	-114.056	2161.425	70.394	290.224	2134.281	181.676	442.163	2006.900	76.640	213.869	1987.148	187.004	112.093	2162.854	231.935	70.658	2234.386	0.000	0.000	0.000	70.394	290.224	2134.281	-27.236	293.093	2009.313	-27.236	41.019	2009.313	-27.236	-190.090	2009.313	-27.236	-284.177	2009.313	0.000	0.000	0.000	140.573	-48.551	2182.547	140.573	-425.232	2182.547	140.573	-780.610	2182.547	0.000	0.000	0.000	-34.494	-40.389	2106.153	-19.452	-416.693	2098.546	-19.452	-772.071	2098.546	0.000	0.000	0.000	
02972	2	0.000	0.000	0.000	55.363	456.370	2089.186	73.651	355.741	2118.342	22.353	62.239	2159.475	120.134	-88.095	2123.629	60.769	282.041	2128.671	185.357	432.093	2007.705	185.357	181.351	2007.705	185.357	-48.344	2007.705	185.357	-141.934	2007.705	0.000	0.000	0.000	60.769	282.041	2128.671	-50.822	241.411	2073.802	-50.822	-9.330	2073.802	-50.822	-239.025	2073.802	-50.822	-332.616	2073.802	0.000	0.000	0.000	140.987	-12.037	2150.986	140.987	-386.727	2150.986	140.987	-740.023	2150.986	0.000	0.000	0.000	-36.381	-17.992	2092.022	9.733	-351.886	1928.373	9.733	-705.182	1928.373	0.000	0.000	0.000	
02973	2	0.000	0.000	0.000	56.238	447.215	2073.232	67.890	345.922	2107.295	9.310	59.250	2170.821	121.426	68.134	2027.701	53.183	273.950	2123.244	204.868	390.769	2008.372	204.868	141.209	2008.372	204.868	-87.250	2008.372	204.868	-180.399	2008.372	0.000	0.000	0.000	53.183	273.950	2123.244	-62.321	237.333	2064.710	-62.321	-12.227	2064.710	-62.321	-240.685	2064.710	-62.321	-333.835	2064.710	0.000	0.000	0.000	141.565	50.222	2121.982	141.565	-322.703	2121.982	141.565	-674.169	2121.982	0.000	0.000	0.000	-38.941	35.971	2059.961	-4.822	-333.245	2020.107	-4.822	-684.711	2020.107	0.000	0.000	0.000	
02974	2	0.000	0.000	0.000	55.628	434.865	2039.104	57.301	333.833	2079.831	6.218	69.510	2205.399	50.929	82.999	2030.999	44.479	267.489	2111.348	201.455	235.207	2085.302	201.455	-12.326	2085.302	201.455	-238.706	2085.302	201.455	-331.099	2085.302	0.000	0.000	0.000	44.479	267.489	2111.348	-60.820	223.341	2013.677	-60.820	-24.192	2013.677	-60.820	-250.572	2013.677	-60.820	-342.965	2013.677	0.000	0.000	0.000	137.296	55.695	2108.223	137.296	-314.201	2108.223	137.296	-662.575	2108.223	0.000	0.000	0.000	-59.855	69.225	2051.151	-40.577	-292.703	1977.266	-40.577	-641.077	1977.266	0.000	0.000	0.000	
02975	2	0.000	0.000	0.000	54.399	431.759	2024.322	53.003	328.917	2064.235	14.723	58.018	2177.260	33.940	-37.750	2026.193	43.396	260.929	2092.601	144.570	246.244	2186.917	144.570	-0.400	2186.917	144.570	-225.887	2186.917	144.570	-317.948	2186.917	0.000	0.000	0.000	43.396	260.929	2092.601	-67.204	209.366	2025.142	-67.204	-37.277	2025.142	-67.204	-262.765	2025.142	-67.204	-354.826	2025.142	0.000	0.000	0.000	71.568	-80.781	2128.040	29.782	-434.448	2222.991	29.782	-781.485	2222.991	0.000	0.000	0.000	-46.604	-66.360	2093.311	-22.047	-427.131	2164.604	-22.047	-774.169	2164.604	0.000	0.000	0.000	
02976	2	0.000	0.000	0.000	49.952	427.634	2012.467	49.599	322.204	2047.092	15.116	48.183	2141.831	8.008	-125.810	2099.154	40.855	252.715	2071.117	146.510	226.363	2153.799	146.510	-19.453	2153.799	146.510	-244.119	2153.799	146.510	-335.871	2153.799	0.000	0.000	0.000	40.855	252.715	2071.117	-79.548	209.288	2023.971	-79.548	-36.527	2023.971	-79.548	-261.194	2023.971	-79.548	-352.945	2023.971	0.000	0.000	0.000	73.721	-161.523	2127.254	15.797	-522.475	2163.161	15.797	-868.280	2163.161	0.000	0.000	0.000	-71.057	-145.183	2094.818	-25.291	-491.888	2207.209	-25.291	-837.693	2207.209	0.000	0.000	0.000	
02977	2	0.000	0.000	0.000	33.465	415.138	1985.525	43.921	310.895	2022.931	-5.840	34.945	2110.113	-23.849	-139.501	2107.099	31.451	241.743	2044.779	142.936	219.242	2129.170	142.936	-25.053	2129.170	142.936	-248.238	2129.170	142.936	-339.422	2129.170	0.000	0.000	0.000	31.451	241.743	2044.779	-91.160	208.148	1996.716	-91.160	-36.147	1996.716	-91.160	-259.332	1996.716	-91.160	-350.516	1996.716	0.000	0.000	0.000	74.688	-182.373	2096.532	-16.653	-526.248	2014.840	-16.653	-869.816	2014.840	0.000	0.000	0.000	-121.432	-168.435	2071.045	-96.528	-531.848	2047.019	31.100	-649.178	2343.639	0.000	0.000	0.000	
02978	2	0.000	0.000	0.000	26.414	405.540	1967.558	39.979	303.940	2012.029	-19.817	30.777	2105.536	-39.105	-142.704	2101.426	25.099	235.965	2035.298	141.342	224.443	2125.988	141.342	-19.143	2125.988	141.342	-241.647	2125.988	141.342	-332.566	2125.988	0.000	0.000	0.000	25.099	235.965	2035.298	-92.007	200.253	1974.487	-92.007	-43.332	1974.487	-92.007	-265.837	1974.487	-92.007	-356.756	1974.487	0.000	0.000	0.000	59.274	-178.905	2095.465	-5.003	-532.718	2039.088	-5.003	-875.253	2039.088	0.000	0.000	0.000	-139.096	-150.024	2069.195	-119.632	-509.486	2015.322	-43.519	-705.158	2285.969	0.000	0.000	0.000	
02979	2	0.000	0.000	0.000	18.566	397.037	1954.631	34.635	300.520	2005.957	-33.327	33.604	2103.279	-52.882	-140.157	2092.582	17.613	233.667	2030.332	124.781	220.853	2129.599	124.781	-22.048	2129.599	124.781	-243.900	2129.599	124.781	-334.564	2129.599	0.000	0.000	0.000	17.613	233.667	2030.332	-92.348	189.003	1971.319	-92.348	-53.898	1971.319	-92.348	-275.750	1971.319	-92.348	-366.414	1971.319	0.000	0.000	0.000	40.712	-179.225	2089.790	-3.327	-534.448	2029.566	-3.327	-875.992	2029.566	0.000	0.000	0.000	-149.676	-159.496	2070.573	-145.278	-512.315	1985.431	-68.761	-667.892	2279.698	0.000	0.000	0.000	
02980	2	0.000	0.000	0.000	11.416	377.715	1942.022	23.894	287.502	2001.368	-33.862	27.049	2106.960	-53.456	-147.198	2092.422	9.226	221.355	2028.185	119.252	194.747	2111.418	119.252	-47.167	2111.418	119.252	-268.081	2111.418	119.252	-358.377	2111.418	0.000	0.000	0.000	9.226	221.355	2028.185	-93.587	168.472	1958.499	-93.587	-73.442	1958.499	-93.587	-294.357	1958.499	-93.587	-384.652	1958.499	0.000	0.000	0.000	35.099	-187.172	2063.038	-39.805	-527.286	2159.958	-39.805	-867.404	2159.958	0.000	0.000	0.000	-152.561	-162.556	2074.061	-163.870	-508.090	1968.420	-88.960	-670.705	2257.599	0.000	0.000	0.000	
02981	2	0.000	0.000	0.000	9.342	370.678	1932.623	17.272	283.220	1995.602	-35.435	24.279	2098.651	-57.161	-150.540	2086.177	3.751	216.792	2022.038	118.838	190.051	2098.837	118.838	-51.512	2098.837	118.838	-272.093	2098.837	118.838	-362.258	2098.837	0.000	0.000	0.000	3.751	216.792	2022.038	-112.774	174.419	1965.538	-112.774	-67.144	1965.538	-112.774	-287.725	1965.538	-112.774	-377.890	1965.538	0.000	0.000	0.000	19.648	-215.107	2074.668	-51.704	-548.474	2193.323	-51.704	-888.084	2193.323	0.000	0.000	0.000	-147.421	-194.543	2075.418	-170.879	-549.387	2013.455	-81.315	-699.113	2304.824	0.000	0.000	0.000	
02982	2	0.000	0.000	0.000	6.914	358.158	1916.405	7.892	276.180	1985.396	-47.428	19.202	2077.941	-73.637	-154.885	2070.083	-6.521	209.225	2009.509	121.587	178.985	2070.128	121.587	-62.074	2070.128	121.587	-282.174	2070.128	121.587	-372.150	2070.128	0.000	0.000	0.000	-6.521	209.225	2009.509	-123.602	169.195	1956.828	-123.602	-71.864	1956.828	-123.602	-291.964	1956.828	-123.602	-381.941	1956.828	0.000	0.000	0.000	10.326	-210.148	2061.091	-46.994	-543.136	2185.964	-46.994	-882.015	2185.964	0.000	0.000	0.000	-166.904	-191.819	2073.628	-171.060	-551.112	2048.123	-82.720	-759.845	2300.047	0.000	0.000	0.000	
02983	2	0.000	0.000	0.000	5.440	350.483	1907.466	3.596	272.572	1980.528	-54.442	15.490	2068.750	-80.573	-157.853	2067.108	-11.555	205.457	2003.559	121.400	174.200	2057.264	121.400	-66.679	2057.264	121.400	-286.608	2057.264	121.400	-376.518	2057.264	0.000	0.000	0.000	-11.555	205.457	2003.559	-128.882	166.985	1953.249	-128.882	-73.895	1953.249	-128.882	-293.824	1953.249	-128.882	-383.733	1953.249	0.000	0.000	0.000	-1.308	-223.327	2061.238	-74.802	-572.576	2108.042	-74.802	-911.196	2108.042	0.000	0.000	0.000	-172.917	-202.776	2072.933	-177.276	-558.861	2020.482	-89.193	-759.729	2278.469	0.000	0.000	0.000	
02984	2	0.000	0.000	0.000	3.782	338.588	1893.647	-0.346	262.948	1968.299	-59.336	6.422	2060.520	-83.721	-166.637	2065.937	-15.676	196.286	1992.264	122.753	166.146	2035.954	220.966	-52.767	2017.792	220.966	-272.451	2017.792	220.966	-362.264	2017.792	0.000	0.000	0.000	-15.676	196.286	1992.264	-135.687	160.570	1950.899	-135.687	-80.051	1950.899	-135.687	-299.735	1950.899	-135.687	-389.548	1950.899	0.000	0.000	0.000	-0.741	-234.700	2058.699	-107.314	-570.079	1984.858	-107.314	-911.131	1984.858	0.000	0.000	0.000	-177.397	-220.404	2073.400	-196.213	-578.613	2048.478	-101.618	-788.835	2299.825	0.000	0.000	0.000	
02985	2	0.000	0.000	0.000	3.592	337.785	1887.861	-1.045	260.419	1960.449	-59.891	4.889	2056.649	-84.101	-168.327	2065.157	-16.310	194.136	1985.403	124.642	162.016	2018.372	189.404	-64.818	1971.396	189.404	-284.415	1971.396	189.404	-374.194	1971.396	0.000	0.000	0.000	-16.310	194.136	1985.403	-133.273	155.980	1939.385	-133.273	-84.550	1939.385	-133.273	-304.147	1939.385	-133.273	-393.925	1939.385	0.000	0.000	0.000	-0.266	-235.609	2055.871	-56.313	-561.173	2197.495	-56.313	-901.532	2197.495	0.000	0.000	0.000	-178.096	-222.656	2073.474	-196.883	-580.784	2049.349	-134.122	-816.730	2286.488	0.000	0.000	0.000	
02986	2	0.000	0.000	0.000	3.490	335.828	1881.405	-1.203	257.830	1953.112	-60.476	3.840	2052.721	-84.690	-169.332	2064.419	-16.580	191.938	1978.953	127.560	163.306	2007.166	210.303	-60.807	1979.847	210.303	-280.334	1979.847	210.303	-370.085	1979.847	0.000	0.000	0.000	-16.580	191.938	1978.953	-130.127	151.373	1931.146	-130.127	-89.083	1931.146	-130.127	-308.610	1931.146	-130.127	-398.361	1931.146	0.000	0.000	0.000	-1.359	-234.208	2052.090	-62.347	-568.041	2170.189	-62.347	-907.845	2170.189	0.000	0.000	0.000	-177.824	-221.350	2073.446	-196.624	-579.341	2048.935	-121.804	-805.453	2291.302	0.000	0.000	0.000	
02987	2	0.000	0.000	0.000	5.641	329.910	1864.528	-0.998	251.951	1935.840	-60.856	2.230	2041.459	-85.207	-171.096	2054.687	-16.605	186.840	1963.378	125.174	158.533	1991.224	231.235	-54.868	1959.924	231.235	-274.294	1959.924	231.235	-364.006	1959.924	0.000	0.000	0.000	-16.605	186.840	1963.378	-127.316	146.318	1911.374	-127.316	-94.033	1911.374	-127.316	-313.460	1911.374	-127.316	-403.172	1911.374	0.000	0.000	0.000	-2.724	-233.751	2039.002	-28.695	-582.679	2141.805	-28.695	-921.683	2141.805	0.000	0.000	0.000	-176.563	-220.473	2071.484	-198.081	-583.857	2049.502	-141.954	-823.622	2282.496	0.000	0.000	0.000	
02988	2	0.000	0.000	0.000	69.256	285.384	1782.174	50.505	204.024	1846.771	-40.382	-51.116	1966.063	-73.276	-218.662	1972.500	28.286	141.651	1875.934	189.173	129.994	1857.961	322.639	-69.475	1867.629	205.946	-246.201	1924.499	158.235	-318.457	1947.750	0.000	0.000	0.000	28.286	141.651	1875.934	-75.788	109.876	1842.227	-75.788	-130.321	1842.227	-75.788	-349.601	1842.227	-75.788	-439.255	1842.227	0.000	0.000	0.000	20.603	-256.210	1953.959	20.603	-616.173	1953.959	20.603	-953.928	1953.959	0.000	0.000	0.000	-167.948	-250.830	1993.898	-141.675	-608.744	1965.959	-141.675	-946.499	1965.959	0.000	0.000	0.000	
02989	2	0.000	0.000	0.000	99.122	275.871	1722.235	103.495	187.142	1789.250	86.063	-72.205	1948.672	74.725	-263.029	1983.975	99.134	122.259	1829.134	235.394	86.248	1812.364	309.410	-164.046	1834.285	303.159	-400.608	1841.459	300.663	-495.063	1844.323	0.000	0.000	0.000	99.134	122.259	1829.134	-37.480	108.311	1834.227	-117.581	-134.071	1892.884	-164.060	-364.511	1920.978	-173.356	-410.599	1926.597	0.000	0.000	0.000	166.519	-381.956	2010.418	166.519	-760.484	2010.418	166.519	-1116.488	2010.418	0.000	0.000	0.000	-28.199	-372.849	2018.405	-28.199	-751.377	2018.405	-28.199	-1107.381	2018.405	0.000	0.000	0.000	
02990	2	0.000	0.000	0.000	84.229	277.447	1713.701	93.862	184.208	1784.612	74.313	-89.407	1947.594	65.626	-281.478	1981.453	89.065	117.069	1824.604	229.796	84.477	1805.335	304.394	-169.160	1829.418	298.849	-409.711	1841.814	297.739	-457.821	1844.294	0.000	0.000	0.000	89.065	117.069	1824.604	-50.055	107.331	1831.850	-121.223	-142.446	1886.831	-166.322	-376.966	1918.701	-175.341	-423.870	1925.075	0.000	0.000	0.000	157.709	-394.075	2010.175	157.709	-782.540	2010.175	157.709	-1147.912	2010.175	0.000	0.000	0.000	-35.078	-384.641	2016.847	-35.078	-773.105	2016.847	-35.078	-1138.477	2016.847	0.000	0.000	0.000	
02991	2	0.000	0.000	0.000	69.136	277.257	1707.654	79.824	180.523	1779.571	33.025	-100.405	1938.583	17.375	-293.063	1973.015	68.306	111.379	1818.708	218.191	83.091	1803.851	328.247	-163.413	1811.921	283.985	-403.627	1838.002	275.132	-451.670	1843.218	0.000	0.000	0.000	68.306	111.379	1818.708	-63.783	100.830	1827.043	-131.080	-152.853	1890.745	-131.080	-398.500	1890.745	-131.080	-497.983	1890.745	0.000	0.000	0.000	89.102	-403.074	2033.674	89.102	-801.384	2033.674	89.102	-1176.030	2033.674	0.000	0.000	0.000	-93.710	-360.200	2008.118	-93.710	-758.510	2008.118	-93.710	-1133.156	2008.118	0.000	0.000	0.000	
02992	2	0.000	0.000	0.000	59.274	276.086	1705.485	68.722	177.075	1775.955	21.209	-105.787	1933.553	5.653	-298.959	1969.148	56.960	107.053	1814.968	207.388	77.925	1798.714	283.059	-182.499	1816.832	284.091	-429.416	1832.272	284.297	-478.800	1835.360	0.000	0.000	0.000	56.960	107.053	1814.968	-74.766	94.633	1822.769	-147.753	-155.985	1898.521	-147.753	-403.387	1898.521	-147.753	-503.778	1898.521	0.000	0.000	0.000	102.411	-388.942	2002.200	102.411	-790.881	2002.200	102.411	-1168.946	2002.200	0.000	0.000	0.000	-76.279	-408.546	2023.264	-76.279	-810.485	2023.264	-76.279	-1188.550	2023.264	0.000	0.000	0.000	
02993	2	0.000	0.000	0.000	50.514	273.043	1704.968	60.010	172.123	1774.215	23.867	-115.225	1931.850	12.855	-308.602	1967.411	51.064	100.996	1813.234	200.962	72.523	1795.195	264.080	-192.288	1823.550	275.686	-440.669	1833.702	278.007	-490.346	1835.732	0.000	0.000	0.000	51.064	100.996	1813.234	-85.797	92.451	1825.405	-157.888	-159.251	1905.162	-157.888	-408.111	1905.162	-157.888	-509.250	1905.162	0.000	0.000	0.000	113.213	-397.806	2003.393	113.213	-802.737	2003.393	113.213	-1183.621	2003.393	0.000	0.000	0.000	-73.558	-413.882	2025.776	-73.558	-818.813	2025.776	-73.558	-1199.697	2025.776	0.000	0.000	0.000	
02994	2	0.000	0.000	0.000	42.598	268.774	1704.208	52.805	166.615	1772.648	29.339	-125.673	1931.015	24.596	-318.613	1966.501	47.023	94.591	1811.672	198.816	69.946	1790.006	254.675	-198.013	1823.917	263.649	-447.526	1838.177	265.444	-497.428	1841.029	0.000	0.000	0.000	47.023	94.591	1811.672	-94.234	87.396	1828.048	-164.862	-165.728	1911.785	-164.862	-415.809	1911.785	-164.862	-517.570	1911.785	0.000	0.000	0.000	128.702	-406.389	2007.124	128.702	-813.804	2007.124	128.702	-1197.027	2007.124	0.000	0.000	0.000	-73.865	-407.317	2025.271	-73.865	-814.731	2025.271	-73.865	-1197.954	2025.271	0.000	0.000	0.000	
02995	2	0.000	0.000	0.000	31.972	264.373	1703.235	40.167	160.124	1770.064	31.065	-139.847	1931.999	32.059	-332.152	1966.179	37.954	87.208	1809.427	187.658	61.415	1787.613	253.274	-213.145	1823.048	250.357	-463.640	1850.313	249.773	-513.740	1855.766	0.000	0.000	0.000	37.954	87.208	1809.427	-109.050	83.415	1830.522	-184.955	-177.754	1914.030	-215.505	-427.781	1921.301	-221.615	-477.787	1922.755	0.000	0.000	0.000	139.422	-419.737	2011.603	139.422	-830.977	2011.603	139.422	-1217.803	2011.603	0.000	0.000	0.000	-70.819	-420.607	2020.858	-70.819	-831.848	2020.858	-70.819	-1218.674	2020.858	0.000	0.000	0.000	
02996	2	0.000	0.000	0.000	22.349	263.981	1702.791	29.507	158.984	1768.740	-4.616	-138.426	1930.515	-13.923	-330.318	1958.173	21.164	86.271	1808.292	169.781	48.413	1795.077	267.079	-221.243	1819.155	243.348	-467.036	1873.057	238.601	-516.194	1883.838	0.000	0.000	0.000	21.164	86.271	1808.292	-125.297	82.836	1821.975	-199.484	-181.051	1909.271	-199.484	-433.801	1909.271	-199.484	-535.921	1909.271	0.000	0.000	0.000	98.401	-395.868	1959.813	98.401	-808.599	1959.813	98.401	-1196.828	1959.813	0.000	0.000	0.000	-128.996	-363.051	2000.643	-128.996	-775.781	2000.643	-128.996	-1164.010	2000.643	0.000	0.000	0.000	
02997	2	0.000	0.000	0.000	0.324	267.376	1699.532	2.133	163.643	1764.645	-54.071	-131.817	1921.241	-68.802	-322.032	1942.460	-11.737	90.731	1803.289	156.692	69.569	1786.722	236.942	-207.334	1827.214	228.571	-456.545	1875.564	226.897	-506.388	1885.234	0.000	0.000	0.000	-11.737	90.731	1803.289	-146.601	75.876	1822.964	-234.463	-189.825	1903.202	-234.463	-443.821	1903.202	-234.463	-546.890	1903.202	0.000	0.000	0.000	30.169	-384.343	1982.180	30.169	-799.471	1982.180	30.169	-1189.957	1982.180	0.000	0.000	0.000	-111.571	-417.139	2011.704	-111.571	-832.267	2011.704	-111.571	-1222.753	2011.704	0.000	0.000	0.000	
02998	2	0.000	0.000	0.000	-6.154	267.481	1698.961	-4.135	164.166	1762.862	-33.383	-133.611	1919.749	-39.643	-322.443	1950.997	-11.397	90.239	1801.811	151.714	69.516	1785.165	211.894	-212.543	1826.823	227.941	-461.321	1878.122	231.150	-511.077	1888.382	0.000	0.000	0.000	-11.397	90.239	1801.811	-150.966	71.285	1822.522	-240.294	-193.926	1903.747	-240.294	-448.445	1903.747	-240.294	-551.883	1903.747	0.000	0.000	0.000	63.346	-406.636	1994.762	63.346	-822.746	1994.762	63.346	-1214.157	1994.762	0.000	0.000	0.000	-121.608	-425.237	2015.147	-121.608	-841.347	2015.147	-121.608	-1232.758	2015.147	0.000	0.000	0.000	
02999	2	0.000	0.000	0.000	-12.326	267.451	1698.397	-8.688	164.331	1760.664	-15.454	-137.531	1919.588	-13.508	-325.403	1957.949	-10.354	89.971	1799.813	147.324	67.110	1784.523	213.385	-213.370	1827.980	225.892	-468.676	1868.376	228.393	-519.737	1876.455	0.000	0.000	0.000	-10.354	89.971	1799.813	-157.981	72.840	1821.506	-240.350	-194.477	1903.228	-240.350	-453.261	1903.228	-240.350	-557.018	1903.228	0.000	0.000	0.000	94.051	-429.789	2008.075	94.051	-846.775	2008.075	94.051	-1239.011	2008.075	0.000	0.000	0.000	-115.289	-430.480	2018.331	-115.289	-847.466	2018.331	-115.289	-1239.702	2018.331	0.000	0.000	0.000	
03000	2	0.000	0.000	0.000	-25.092	265.343	1698.389	-14.039	164.401	1761.351	-8.472	-141.619	1920.926	-5.190	-330.198	1961.766	-12.679	89.611	1800.350	143.994	64.865	1785.081	210.435	-215.738	1830.308	208.348	-473.459	1878.413	207.931	-525.003	1888.034	0.000	0.000	0.000	-12.679	89.611	1800.350	-164.434	69.998	1823.917	-242.194	-199.921	1903.260	-263.788	-460.971	1914.452	-272.377	-564.800	1918.904	0.000	0.000	0.000	104.751	-436.428	2012.896	104.751	-854.930	2012.896	104.751	-1248.593	2012.896	0.000	0.000	0.000	-114.912	-429.836	2013.518	-114.912	-848.338	2013.518	-114.912	-1242.001	2013.518	0.000	0.000	0.000	
03001	2	0.000	0.000	0.000	-30.851	264.533	1698.296	-16.693	164.405	1761.688	-14.316	-143.439	1922.952	-14.147	-332.774	1959.534	-16.115	89.561	1800.895	140.860	63.009	1785.764	207.696	-217.519	1830.714	204.392	-474.877	1875.739	203.731	-526.349	1884.744	0.000	0.000	0.000	-16.115	89.561	1800.895	-166.821	68.578	1824.636	-243.717	-202.065	1902.243	-272.387	-461.641	1910.611	-283.853	-565.453	1913.958	0.000	0.000	0.000	94.484	-426.657	2008.958	78.235	-845.510	2007.067	78.235	-1239.805	2007.067	0.000	0.000	0.000	-122.670	-425.800	2009.818	-122.670	-844.973	2009.818	-122.670	-1239.267	2009.818	0.000	0.000	0.000	
03002	2	0.000	0.000	0.000	-34.990	264.039	1697.992	-19.628	164.312	1761.768	-22.903	-143.287	1924.437	-25.401	-333.042	1955.284	-20.424	89.512	1801.325	139.248	63.809	1785.786	206.415	-216.683	1831.300	202.704	-473.614	1874.895	201.961	-525.001	1883.615	0.000	0.000	0.000	-20.424	89.512	1801.325	-169.652	67.568	1825.427	-248.044	-203.397	1900.868	-274.187	-462.537	1910.432	-284.689	-566.633	1914.274	0.000	0.000	0.000	81.507	-421.476	2002.672	85.236	-841.251	2005.308	85.236	-1236.136	2005.308	0.000	0.000	0.000	-131.633	-424.448	2004.458	-131.633	-844.249	2004.458	-131.633	-1239.134	2004.458	0.000	0.000	0.000	
03003	2	0.000	0.000	0.000	-41.100	260.601	1699.325	-28.145	157.983	1761.836	-43.025	-148.814	1923.774	-46.547	-338.077	1950.276	-31.781	83.011	1801.409	132.780	59.929	1786.410	200.556	-222.003	1839.322	195.082	-479.939	1873.508	193.987	-531.526	1880.346	0.000	0.000	0.000	-31.781	83.011	1801.409	-185.239	70.366	1823.153	-274.656	-200.251	1898.324	-292.497	-459.709	1907.942	-299.699	-564.433	1911.824	0.000	0.000	0.000	57.525	-429.285	1999.177	85.217	-849.330	2000.944	85.217	-1245.307	2000.944	0.000	0.000	0.000	-149.460	-430.022	2004.147	-149.460	-850.983	2004.147	-149.460	-1246.959	2004.147	0.000	0.000	0.000	
03004	2	0.000	0.000	0.000	-46.896	258.629	1700.526	-33.487	153.552	1761.945	-48.448	-153.067	1923.529	-50.671	-342.048	1950.139	-37.151	78.457	1801.519	129.364	58.891	1786.837	197.573	-222.219	1851.783	189.896	-481.154	1873.591	188.361	-532.941	1877.953	0.000	0.000	0.000	-37.151	78.457	1801.519	-192.933	70.162	1822.967	-279.519	-203.406	1897.507	-294.751	-462.869	1902.932	-300.916	-567.865	1905.127	0.000	0.000	0.000	54.932	-432.013	1999.106	79.144	-852.820	2000.397	79.144	-1249.308	2000.397	0.000	0.000	0.000	-153.875	-433.739	2004.345	-153.875	-855.244	2004.345	-153.875	-1251.732	2004.345	0.000	0.000	0.000	
03005	2	0.000	0.000	0.000	-58.055	256.430	1701.701	-43.805	146.208	1762.162	-53.134	-160.857	1921.831	-53.167	-349.615	1950.315	-46.100	70.668	1801.442	122.850	58.876	1787.670	187.514	-220.848	1868.286	192.469	-480.480	1872.551	193.460	-532.407	1873.405	0.000	0.000	0.000	-46.100	70.668	1801.442	-202.887	62.587	1823.414	-285.773	-214.878	1894.608	-298.143	-474.163	1886.239	-303.168	-579.478	1882.839	0.000	0.000	0.000	53.900	-439.846	2000.021	80.370	-861.561	2000.561	80.370	-1259.027	2000.561	0.000	0.000	0.000	-159.297	-438.857	2003.417	-159.297	-861.401	2003.417	-159.297	-1258.868	2003.417	0.000	0.000	0.000	
03006	2	0.000	0.000	0.000	-60.778	256.432	1701.665	-48.105	143.666	1762.273	-53.548	-164.069	1920.117	-53.072	-353.251	1950.035	-49.446	67.817	1801.177	120.000	58.919	1788.204	185.618	-217.563	1870.284	193.923	-477.071	1872.486	195.584	-528.973	1872.926	0.000	0.000	0.000	-49.446	67.817	1801.177	-205.697	55.670	1821.730	-287.185	-221.240	1886.272	-297.097	-480.644	1880.851	-301.128	-586.147	1878.646	0.000	0.000	0.000	53.807	-446.366	2000.715	80.680	-868.321	2011.805	80.680	-1266.173	2011.805	0.000	0.000	0.000	-160.748	-444.093	2001.429	-160.748	-867.047	2001.429	-160.748	-1264.900	2001.429	0.000	0.000	0.000	
03007	2	0.000	0.000	0.000	-63.487	256.994	1701.278	-56.861	142.738	1762.427	-65.442	-167.312	1912.158	-67.057	-357.641	1945.060	-58.988	65.883	1799.542	103.597	48.999	1792.732	163.486	-228.377	1852.985	183.700	-486.094	1876.303	187.743	-537.637	1880.967	0.000	0.000	0.000	-58.988	65.883	1799.542	-213.431	55.749	1820.487	-289.544	-220.788	1863.944	-299.365	-479.467	1882.886	-303.368	-584.875	1890.604	0.000	0.000	0.000	21.770	-451.585	2013.608	-88.325	-706.258	1693.590	-88.325	-1104.667	1693.590	0.000	0.000	0.000	-179.311	-438.316	1982.635	-179.311	-861.862	1982.635	-179.311	-1260.270	1982.635	0.000	0.000	0.000	
03008	2	0.000	0.000	0.000	-67.620	258.579	1700.320	-66.474	143.148	1762.445	-90.169	-167.875	1901.169	-94.612	-358.683	1931.458	-72.403	65.326	1797.156	89.774	49.195	1799.788	81.693	-239.231	1814.284	133.133	-481.400	1896.824	143.421	-529.834	1913.332	0.000	0.000	0.000	-72.403	65.326	1797.156	-221.216	56.709	1819.174	-292.568	-219.600	1864.197	-303.870	-479.691	1882.367	-308.453	-585.158	1889.736	0.000	0.000	0.000	7.052	-425.314	1984.730	-222.864	-572.900	1660.807	-222.864	-971.505	1660.807	0.000	0.000	0.000	-201.214	-429.913	1968.092	-201.214	-853.669	1968.092	-201.214	-1252.275	1968.092	0.000	0.000	0.000	
03009	2	0.000	0.000	0.000	-70.036	259.628	1699.613	-70.910	143.529	1762.454	-87.566	-166.772	1901.188	-91.589	-357.665	1928.290	-75.092	65.613	1797.290	95.016	63.516	1791.959	165.581	-206.453	1857.676	175.397	-465.390	1885.887	177.360	-517.177	1891.529	0.000	0.000	0.000	-75.092	65.613	1797.290	-222.338	49.446	1817.427	-291.320	-225.343	1861.178	-301.073	-485.027	1881.404	-305.035	-590.504	1889.618	0.000	0.000	0.000	12.682	-430.073	1976.397	84.106	-845.125	2024.791	84.106	-1243.889	2024.791	0.000	0.000	0.000	-184.874	-447.903	1977.016	-184.874	-871.827	1977.016	-184.874	-1270.591	1977.016	0.000	0.000	0.000	
03010	2	0.000	0.000	0.000	-72.652	258.392	1699.352	-70.728	143.694	1767.517	-61.539	-164.362	1917.690	-60.208	-354.750	1939.732	-68.436	66.868	1804.969	95.656	62.749	1800.422	166.618	-211.500	1844.549	179.746	-470.184	1869.330	182.371	-521.921	1874.286	0.000	0.000	0.000	-68.436	66.868	1804.969	-225.965	50.076	1817.071	-289.790	-225.607	1863.127	-297.080	-485.426	1875.143	-300.048	-591.209	1880.035	0.000	0.000	0.000	47.553	-439.285	1991.884	79.394	-861.970	2007.393	79.394	-1260.961	2007.393	0.000	0.000	0.000	-172.781	-439.866	1976.897	-172.781	-864.032	1976.897	-172.781	-1263.024	1976.897	0.000	0.000	0.000	
03011	2	0.000	0.000	0.000	-75.586	257.258	1698.651	-70.526	143.854	1770.526	-69.462	-169.104	1916.662	-68.456	-359.143	1936.182	-70.263	66.356	1806.713	92.125	54.975	1802.701	92.125	-230.801	1802.701	92.125	-490.710	1802.701	92.125	-596.695	1802.701	0.000	0.000	0.000	-70.263	66.356	1806.713	-230.301	55.108	1815.095	-291.368	-219.904	1863.130	-298.539	-479.660	1857.818	-301.464	-585.577	1855.652	0.000	0.000	0.000	38.056	-438.705	1981.699	77.332	-860.811	1999.927	77.332	-1259.948	1999.927	0.000	0.000	0.000	-178.206	-437.647	1973.218	-178.206	-861.968	1973.218	-178.206	-1261.105	1973.218	0.000	0.000	0.000	
03012	2	0.000	0.000	0.000	-82.057	255.831	1697.657	-76.201	143.631	1771.217	-78.715	-170.124	1913.582	-78.453	-359.698	1933.935	-76.825	65.727	1806.566	88.975	58.612	1799.657	88.975	-226.574	1799.657	88.975	-486.297	1799.657	88.975	-592.308	1799.657	0.000	0.000	0.000	-76.825	65.727	1806.566	-235.821	54.522	1814.823	-297.006	-219.884	1862.666	-301.204	-479.571	1861.645	-302.917	-585.564	1861.228	0.000	0.000	0.000	28.873	-439.400	1983.010	67.593	-860.967	2013.239	67.593	-1260.198	2013.239	0.000	0.000	0.000	-187.400	-442.166	1975.076	-187.400	-866.585	1975.076	-187.400	-1265.816	1975.076	0.000	0.000	0.000	
03013	2	0.000	0.000	0.000	-88.706	254.768	1697.360	-78.726	143.409	1771.274	-80.111	-169.983	1913.582	-79.864	-359.652	1934.604	-79.070	65.507	1806.649	87.335	59.208	1798.656	87.335	-225.769	1798.656	87.335	-485.426	1798.656	87.335	-591.445	1798.656	0.000	0.000	0.000	-79.070	65.507	1806.649	-236.163	50.683	1816.343	-303.419	-222.350	1862.618	-303.059	-482.003	1861.150	-302.911	-588.018	1860.551	0.000	0.000	0.000	29.549	-437.969	1984.717	71.157	-860.022	2002.096	71.157	-1259.285	2002.096	0.000	0.000	0.000	-190.367	-443.065	1975.246	-190.367	-867.520	1975.246	-190.367	-1266.784	1975.246	0.000	0.000	0.000	
03014	2	0.000	0.000	0.000	-104.872	253.288	1697.703	-86.898	142.960	1771.078	-83.271	-169.722	1913.626	-82.646	-360.043	1936.112	-85.995	65.105	1806.571	81.838	60.796	1796.122	134.365	-213.804	1849.743	159.741	-471.689	1864.707	170.108	-577.036	1870.820	0.000	0.000	0.000	-85.995	65.105	1806.571	-246.713	51.461	1815.086	-321.983	-219.232	1860.907	-315.306	-478.706	1862.032	-312.579	-584.700	1862.492	0.000	0.000	0.000	30.276	-438.579	1986.032	69.464	-861.127	1974.960	69.464	-1260.438	1974.960	0.000	0.000	0.000	-197.104	-443.262	1975.392	-197.104	-867.768	1975.392	-197.104	-1267.079	1975.392	0.000	0.000	0.000	
03015	2	0.000	0.000	0.000	-113.610	252.737	1697.657	-96.939	142.389	1770.875	-87.691	-169.770	1913.705	-86.310	-361.096	1937.527	-94.635	64.602	1806.467	71.893	57.161	1794.226	131.350	-215.226	1850.798	169.208	-475.306	1856.420	184.480	-580.218	1858.688	0.000	0.000	0.000	-94.635	64.602	1806.467	-254.918	46.129	1816.591	-325.544	-225.732	1861.686	-326.934	-488.609	1862.531	-327.494	-594.646	1862.871	0.000	0.000	0.000	26.807	-441.722	1988.191	65.908	-864.177	1972.855	65.908	-1263.519	1972.855	0.000	0.000	0.000	-203.898	-441.566	1974.119	-203.898	-866.104	1974.119	-203.898	-1265.446	1974.119	0.000	0.000	0.000	
03016	2	0.000	0.000	0.000	-115.333	252.639	1697.558	-101.625	142.091	1770.772	-92.264	-169.913	1913.812	-89.779	-361.700	1938.316	-99.291	64.328	1806.423	64.599	51.841	1794.157	130.368	-218.909	1851.249	165.520	-478.560	1860.517	179.738	-583.580	1864.265	0.000	0.000	0.000	-99.291	64.328	1806.423	-260.137	46.473	1816.080	-334.194	-224.158	1862.610	-331.470	-486.328	1862.646	-330.369	-592.366	1862.661	0.000	0.000	0.000	22.791	-442.898	1989.561	63.459	-865.191	1973.531	63.459	-1264.544	1973.531	0.000	0.000	0.000	-207.599	-441.279	1973.880	-207.599	-865.829	1973.880	-207.599	-1265.182	1973.880	0.000	0.000	0.000	
