00730	3	0.000	0.000	0.000	100.200	175.150	2512.629	65.752	71.541	2541.685	66.836	-231.013	2578.750	28.127	-240.665	2397.925	66.024	-4.363	2550.984	0.494	-36.252	2667.902	0.494	-295.504	2667.902	0.494	-527.274	2667.902	0.494	-622.036	2667.902	0.000	0.000	0.000	66.024	-4.363	2550.984	-85.590	65.256	2635.839	92.180	-37.038	2477.266	26.090	19.801	2692.019	12.872	31.168	2734.969	0.000	0.000	0.000	56.655	-284.251	2601.129	56.655	-663.632	2601.129	56.655	-1020.497	2601.129	0.000	0.000	0.000	5.212	-270.056	2597.399	5.212	-649.437	2597.399	5.212	-1006.302	2597.399	0.000	0.000	0.000	
00731	3	0.000	0.000	0.000	110.675	200.920	2505.356	78.839	93.812	2517.945	17.700	-160.110	2674.986	57.941	-277.125	2537.279	63.500	30.109	2557.343	-6.153	5.395	2640.240	-6.153	-255.186	2640.240	-6.153	-487.370	2640.240	-6.153	-582.113	2640.240	0.000	0.000	0.000	63.500	30.109	2557.343	48.752	-20.513	2644.522	77.244	78.460	2405.158	37.018	66.589	2633.522	20.604	61.745	2726.707	0.000	0.000	0.000	70.406	-272.112	2681.566	70.406	-651.415	2681.566	70.406	-1008.207	2681.566	0.000	0.000	0.000	-8.485	-281.407	2665.836	-8.485	-660.710	2665.836	-8.485	-1017.502	2665.836	0.000	0.000	0.000	
00732	3	0.000	0.000	0.000	113.941	214.391	2503.911	86.162	105.866	2496.980	9.778	-162.987	2618.303	78.081	-314.509	2536.842	66.999	38.417	2527.418	-9.569	38.086	2624.308	-9.569	-221.090	2624.308	-9.569	-453.131	2624.308	-9.569	-547.853	2624.308	0.000	0.000	0.000	66.999	38.417	2527.418	98.358	-18.546	2616.746	32.115	141.109	2423.629	27.629	88.509	2649.585	25.797	67.037	2741.823	0.000	0.000	0.000	70.404	-272.109	2681.553	70.404	-651.330	2681.553	70.404	-1008.044	2681.553	0.000	0.000	0.000	-8.478	-281.403	2665.825	-8.478	-660.624	2665.825	-8.478	-1017.338	2665.825	0.000	0.000	0.000	
00733	3	0.000	0.000	0.000	117.330	218.234	2511.704	95.988	113.452	2478.210	10.039	-165.583	2564.982	86.478	-297.184	2459.733	74.426	43.448	2499.979	-11.380	66.124	2605.503	-11.380	-191.891	2605.503	-11.380	-423.786	2605.503	-11.380	-518.478	2605.503	0.000	0.000	0.000	74.426	43.448	2499.979	130.643	-11.700	2592.698	91.474	129.614	2380.406	27.607	115.848	2602.907	1.528	110.227	2693.763	0.000	0.000	0.000	65.442	-243.349	2624.303	65.442	-622.450	2624.303	65.442	-979.053	2624.303	0.000	0.000	0.000	1.731	-252.836	2614.213	1.731	-631.937	2614.213	1.731	-988.540	2614.213	0.000	0.000	0.000	
00734	3	0.000	0.000	0.000	116.073	212.433	2513.197	106.121	119.130	2452.420	26.152	-166.070	2522.875	83.649	-209.484	2352.526	86.058	47.580	2470.096	0.853	81.375	2585.599	0.853	-174.976	2585.599	0.853	-406.666	2585.599	0.853	-501.318	2585.599	0.000	0.000	0.000	86.058	47.580	2470.096	160.735	8.024	2574.551	199.203	94.737	2336.397	28.556	243.694	2385.094	-41.158	304.547	2404.988	0.000	0.000	0.000	69.282	-195.720	2533.754	69.282	-574.660	2533.754	69.282	-931.110	2533.754	0.000	0.000	0.000	21.509	-196.715	2527.082	21.509	-575.654	2527.082	21.509	-932.104	2527.082	0.000	0.000	0.000	
00735	3	0.000	0.000	0.000	114.580	223.373	2507.431	110.944	127.987	2449.328	86.535	-165.091	2528.400	89.334	-164.210	2343.420	104.820	54.460	2469.166	15.171	86.412	2589.873	15.171	-169.448	2589.873	15.171	-401.155	2589.873	15.171	-495.830	2589.873	0.000	0.000	0.000	104.820	54.460	2469.166	168.745	20.228	2574.630	240.298	77.846	2335.833	74.966	240.161	2338.581	7.413	306.483	2339.704	0.000	0.000	0.000	87.591	-177.270	2529.438	87.591	-556.301	2529.438	87.591	-912.837	2529.438	0.000	0.000	0.000	42.129	-168.560	2520.288	42.129	-547.591	2520.288	42.129	-904.127	2520.288	0.000	0.000	0.000	
00736	3	0.000	0.000	0.000	118.313	277.936	2491.160	121.065	169.131	2462.770	102.965	-112.693	2583.033	103.035	-185.327	2411.295	116.524	98.427	2492.941	29.583	114.175	2603.639	29.583	-142.610	2603.639	29.583	-376.075	2603.639	29.583	-471.498	2603.639	0.000	0.000	0.000	116.524	98.427	2492.941	152.756	61.812	2599.561	288.619	56.690	2381.723	126.998	217.147	2330.361	60.939	282.730	2309.368	0.000	0.000	0.000	96.241	-175.533	2591.058	96.241	-557.561	2591.058	96.241	-916.916	2591.058	0.000	0.000	0.000	56.211	-184.854	2578.958	56.211	-566.882	2578.958	56.211	-926.237	2578.958	0.000	0.000	0.000	
00737	3	0.000	0.000	0.000	143.988	383.277	2409.110	137.133	282.451	2377.557	161.649	39.278	2532.345	165.971	-101.455	2427.167	143.284	221.444	2416.390	226.846	208.498	2505.913	226.846	-32.457	2505.913	226.846	-252.427	2505.913	226.846	-342.364	2505.913	0.000	0.000	0.000	143.284	221.444	2416.390	64.815	222.655	2523.116	64.815	-18.300	2523.116	64.815	-238.270	2523.116	64.815	-328.207	2523.116	0.000	0.000	0.000	225.556	-144.695	2466.835	225.556	-504.760	2466.835	225.556	-843.457	2466.835	0.000	0.000	0.000	140.867	-150.406	2507.188	140.867	-510.471	2507.188	140.867	-849.167	2507.188	0.000	0.000	0.000	
00738	3	0.000	0.000	0.000	121.646	430.054	2411.300	139.313	320.155	2409.342	113.940	73.015	2588.872	113.182	-63.238	2461.959	132.947	258.153	2454.382	242.108	268.984	2540.228	242.108	13.689	2540.228	242.108	-219.373	2540.228	242.108	-314.663	2540.228	0.000	0.000	0.000	132.947	258.153	2454.382	100.163	303.540	2578.184	100.163	48.245	2578.184	100.163	-184.816	2578.184	100.163	-280.106	2578.184	0.000	0.000	0.000	166.511	-123.997	2495.092	166.511	-505.491	2495.092	166.511	-864.345	2495.092	0.000	0.000	0.000	98.818	-124.676	2545.281	98.818	-506.171	2545.281	98.818	-865.024	2545.281	0.000	0.000	0.000	
00739	3	0.000	0.000	0.000	124.731	438.025	2412.053	139.304	327.132	2415.627	114.163	68.149	2579.739	117.001	-62.458	2446.102	132.996	262.159	2456.799	254.066	278.736	2538.979	254.066	22.512	2538.979	254.066	-211.397	2538.979	254.066	-307.033	2538.979	0.000	0.000	0.000	132.996	262.159	2456.799	-3.274	357.766	2512.897	-3.274	101.542	2512.897	-3.274	-132.366	2512.897	-3.274	-228.003	2512.897	0.000	0.000	0.000	200.056	-99.533	2473.678	200.056	-482.414	2473.678	200.056	-842.573	2473.678	0.000	0.000	0.000	112.625	-121.768	2540.183	112.625	-504.650	2540.183	112.625	-864.808	2540.183	0.000	0.000	0.000	
00740	3	0.000	0.000	0.000	126.360	447.583	2413.987	139.292	336.485	2424.656	115.355	62.184	2563.789	117.571	-73.551	2434.586	133.287	267.669	2459.562	263.002	283.786	2538.753	263.002	26.840	2538.753	263.002	-207.729	2538.753	263.002	-303.636	2538.753	0.000	0.000	0.000	133.287	267.669	2459.562	23.331	319.671	2556.449	23.331	62.724	2556.449	23.331	-171.845	2556.449	23.331	-267.751	2556.449	0.000	0.000	0.000	197.747	-114.372	2469.541	197.747	-498.334	2469.541	197.747	-859.509	2469.541	0.000	0.000	0.000	113.228	-130.735	2529.926	113.228	-514.698	2529.926	113.228	-875.872	2529.926	0.000	0.000	0.000	
00741	3	0.000	0.000	0.000	128.278	455.516	2416.018	139.282	344.397	2431.013	121.312	76.358	2583.794	122.313	-70.990	2467.455	134.774	277.152	2469.343	278.530	309.366	2534.947	306.194	109.179	2375.524	193.458	315.355	2375.958	147.365	399.652	2376.136	0.000	0.000	0.000	134.774	277.152	2469.343	4.781	317.049	2543.178	4.781	59.647	2543.178	4.781	-175.338	2543.178	4.781	-271.414	2543.178	0.000	0.000	0.000	211.996	-99.257	2489.959	211.996	-483.901	2489.959	211.996	-845.717	2489.959	0.000	0.000	0.000	64.158	-101.872	2564.036	64.158	-486.516	2564.036	64.158	-848.332	2564.036	0.000	0.000	0.000	
00742	3	0.000	0.000	0.000	129.826	465.253	2417.175	139.273	354.298	2435.245	130.926	90.016	2595.560	130.450	-58.516	2480.564	137.179	287.995	2475.464	285.497	326.192	2532.760	306.443	96.991	2417.187	199.971	303.689	2382.277	156.439	388.199	2368.004	0.000	0.000	0.000	137.179	287.995	2475.464	1.207	330.920	2545.117	-58.279	101.375	2444.620	-16.737	332.716	2438.726	-8.429	378.984	2437.547	0.000	0.000	0.000	183.503	-116.605	2517.483	183.503	-501.461	2517.483	183.503	-863.475	2517.483	0.000	0.000	0.000	150.325	-99.561	2437.384	150.325	-484.417	2437.384	150.325	-846.432	2437.384	0.000	0.000	0.000	
00743	3	0.000	0.000	0.000	134.168	472.965	2417.856	139.271	362.038	2437.316	141.176	100.638	2601.738	137.973	-35.003	2472.177	139.749	296.459	2478.566	289.769	337.289	2530.039	299.914	101.387	2428.031	194.162	306.122	2382.902	150.924	389.830	2364.451	0.000	0.000	0.000	139.749	296.459	2478.566	-7.473	364.100	2538.911	45.456	140.869	2422.618	-14.742	367.567	2433.583	-26.782	412.907	2435.775	0.000	0.000	0.000	196.902	-87.049	2515.803	196.902	-471.408	2515.803	196.902	-832.955	2515.803	0.000	0.000	0.000	109.933	-98.034	2530.837	109.933	-482.393	2530.837	109.933	-843.940	2530.837	0.000	0.000	0.000	
00744	3	0.000	0.000	0.000	135.575	491.100	2418.918	139.267	382.302	2444.029	141.872	118.983	2599.428	134.737	-13.707	2469.639	139.921	316.241	2483.015	298.340	336.370	2501.494	332.043	96.938	2421.537	230.302	305.409	2406.025	188.704	390.645	2399.683	0.000	0.000	0.000	139.921	316.241	2483.015	-5.697	371.509	2541.932	-51.116	125.850	2492.479	-25.022	351.591	2443.366	-14.353	443.888	2423.286	0.000	0.000	0.000	224.938	-19.999	2468.988	224.938	-400.560	2468.988	224.938	-758.535	2468.988	0.000	0.000	0.000	134.955	-57.670	2581.125	134.955	-438.231	2581.125	134.955	-796.206	2581.125	0.000	0.000	0.000	
00745	3	0.000	0.000	0.000	135.649	501.405	2419.225	139.265	394.137	2446.484	138.780	128.056	2591.396	129.394	-4.585	2468.495	139.143	327.383	2482.839	301.297	337.134	2480.590	349.488	97.092	2419.437	242.087	300.520	2406.977	198.175	383.693	2401.882	0.000	0.000	0.000	139.143	327.383	2482.839	-18.745	361.152	2514.395	-46.216	110.577	2502.575	-57.066	335.989	2456.267	-61.502	428.152	2437.333	0.000	0.000	0.000	213.255	-20.219	2457.159	213.255	-397.317	2457.159	213.255	-752.035	2457.159	0.000	0.000	0.000	61.485	-46.072	2487.645	61.485	-423.170	2487.645	61.485	-777.888	2487.645	0.000	0.000	0.000	
00746	3	0.000	0.000	0.000	135.697	522.680	2420.635	139.262	418.850	2449.703	139.413	154.248	2580.220	129.025	17.891	2473.847	139.300	352.467	2482.447	297.885	366.533	2473.479	342.511	128.719	2430.588	235.185	324.146	2405.774	191.303	404.048	2395.628	0.000	0.000	0.000	139.300	352.467	2482.447	-8.634	361.071	2506.729	-33.673	119.215	2471.154	-57.270	342.188	2463.906	-66.918	433.354	2460.943	0.000	0.000	0.000	209.569	-19.045	2485.867	209.569	-386.256	2485.867	209.569	-731.674	2485.867	0.000	0.000	0.000	100.727	-42.550	2539.775	100.727	-409.761	2539.775	100.727	-755.179	2539.775	0.000	0.000	0.000	
00747	3	0.000	0.000	0.000	135.684	529.809	2423.492	139.263	427.748	2452.167	138.140	164.646	2574.263	129.790	20.575	2485.017	138.981	361.741	2482.799	287.281	362.621	2490.444	346.885	136.869	2428.425	234.302	325.245	2406.530	188.272	402.265	2397.578	0.000	0.000	0.000	138.981	361.741	2482.799	-3.011	370.098	2515.810	-30.986	131.490	2490.382	-52.772	349.509	2465.226	-61.680	438.649	2454.941	0.000	0.000	0.000	217.387	17.623	2455.548	217.387	-343.383	2455.548	217.387	-682.963	2455.548	0.000	0.000	0.000	100.829	-38.077	2546.664	100.829	-399.083	2546.664	100.829	-738.663	2546.664	0.000	0.000	0.000	
00748	3	0.000	0.000	0.000	135.521	548.627	2435.129	139.263	449.615	2458.936	133.792	201.817	2573.016	129.095	46.267	2527.236	137.862	386.141	2488.157	279.275	374.416	2493.635	348.377	158.563	2443.926	228.931	329.717	2407.755	180.094	399.695	2392.966	0.000	0.000	0.000	137.862	386.141	2488.157	5.313	379.915	2519.447	-40.710	152.915	2505.600	-47.305	363.209	2481.058	-50.001	449.190	2471.023	0.000	0.000	0.000	196.034	0.395	2538.723	196.034	-346.336	2538.723	196.034	-672.489	2538.723	0.000	0.000	0.000	73.294	-5.614	2544.499	73.294	-352.346	2544.499	73.294	-678.499	2544.499	0.000	0.000	0.000	
00749	3	0.000	0.000	0.000	141.072	559.016	2439.407	139.263	461.926	2462.023	131.291	231.324	2598.281	128.784	98.847	2513.885	137.229	403.083	2496.792	276.842	388.771	2495.303	352.528	181.508	2441.946	223.216	339.888	2408.145	170.345	404.643	2394.325	0.000	0.000	0.000	137.229	403.083	2496.792	8.875	378.936	2500.733	-42.265	157.952	2509.920	-50.589	364.971	2505.212	-53.992	449.613	2503.287	0.000	0.000	0.000	202.378	78.154	2527.687	202.378	-261.073	2527.687	202.378	-580.167	2527.687	0.000	0.000	0.000	63.637	72.663	2526.388	63.637	-266.563	2526.388	63.637	-585.657	2526.388	0.000	0.000	0.000	
00750	3	0.000	0.000	0.000	143.727	575.927	2441.883	139.267	480.636	2463.984	130.027	289.622	2645.975	134.352	198.344	2519.763	136.916	432.048	2510.276	273.253	402.410	2482.231	356.137	198.167	2448.843	218.731	342.986	2409.259	162.551	402.198	2393.074	0.000	0.000	0.000	136.916	432.048	2510.276	8.406	408.313	2509.254	-40.125	190.792	2514.625	-54.371	393.678	2521.978	-60.195	476.631	2524.984	0.000	0.000	0.000	232.474	204.183	2547.154	232.474	-128.954	2547.154	232.474	-442.320	2547.154	0.000	0.000	0.000	35.102	199.132	2544.796	35.102	-134.006	2544.796	35.102	-447.372	2544.796	0.000	0.000	0.000	
00751	3	0.000	0.000	0.000	149.147	599.316	2445.396	139.275	508.276	2471.854	137.264	381.542	2696.770	150.651	290.999	2575.572	138.766	476.192	2528.794	270.738	429.398	2473.958	348.215	226.990	2484.493	236.969	343.426	2369.142	191.485	391.033	2321.979	0.000	0.000	0.000	138.766	476.192	2528.794	20.505	416.798	2504.011	-39.749	218.690	2568.859	-45.954	408.078	2511.130	-48.491	485.512	2487.527	0.000	0.000	0.000	239.943	258.144	2553.255	239.943	-66.104	2553.255	239.943	-371.108	2553.255	0.000	0.000	0.000	63.834	250.889	2552.954	63.834	-73.359	2552.954	63.834	-378.363	2552.954	0.000	0.000	0.000	
00752	3	0.000	0.000	0.000	154.019	610.952	2444.807	139.652	522.177	2473.491	149.934	390.998	2693.207	160.142	288.160	2582.706	142.250	489.026	2529.018	266.509	438.049	2477.061	346.501	237.940	2488.971	258.841	359.876	2362.777	223.000	409.731	2311.180	0.000	0.000	0.000	142.250	489.026	2529.018	25.814	429.671	2514.315	-33.438	241.149	2601.108	-48.811	407.247	2497.895	-51.886	440.466	2477.252	0.000	0.000	0.000	240.086	255.418	2539.860	240.086	-65.670	2539.860	240.086	-367.700	2539.860	0.000	0.000	0.000	68.863	263.942	2557.973	68.863	-57.145	2557.973	68.863	-359.176	2557.973	0.000	0.000	0.000	
00753	3	0.000	0.000	0.000	155.751	612.268	2443.371	140.032	525.902	2476.002	160.810	386.450	2687.814	164.714	277.339	2582.640	145.276	490.710	2529.455	265.538	440.832	2482.913	344.886	242.540	2495.501	250.423	355.509	2368.265	211.801	401.698	2316.243	0.000	0.000	0.000	145.276	490.710	2529.455	26.127	432.540	2512.682	-43.949	257.313	2613.475	-40.006	387.770	2469.115	-39.217	413.861	2440.243	0.000	0.000	0.000	247.954	258.562	2541.940	247.954	-59.997	2541.940	247.954	-359.649	2541.940	0.000	0.000	0.000	72.694	265.803	2558.503	72.694	-52.756	2558.503	72.694	-352.408	2558.503	0.000	0.000	0.000	
00754	2	0.000	0.000	0.000	157.693	603.128	2444.688	140.816	518.757	2478.878	166.335	359.890	2672.904	164.844	248.473	2572.919	147.243	478.748	2527.741	269.778	442.429	2482.795	345.626	245.531	2472.873	226.506	311.077	2336.757	177.803	337.877	2281.105	0.000	0.000	0.000	147.243	478.748	2527.741	27.264	427.430	2514.057	-39.949	231.520	2555.557	-18.563	396.474	2458.881	-9.819	463.917	2419.354	0.000	0.000	0.000	245.670	245.036	2539.769	245.670	-69.882	2539.769	245.670	-366.109	2539.769	0.000	0.000	0.000	75.353	256.094	2556.699	75.353	-58.824	2556.699	75.353	-355.051	2556.699	0.000	0.000	0.000	
00755	2	0.000	0.000	0.000	161.532	602.270	2446.292	145.145	518.541	2480.463	166.966	362.967	2675.629	164.667	261.395	2571.018	150.633	479.415	2529.547	274.366	445.309	2482.322	347.065	248.828	2482.766	223.137	326.587	2360.033	172.467	358.380	2309.852	0.000	0.000	0.000	150.633	479.415	2529.547	30.027	430.178	2512.155	-30.297	239.237	2573.741	-17.300	409.803	2488.849	-11.986	479.540	2454.139	0.000	0.000	0.000	245.739	272.185	2539.183	245.739	-40.404	2539.183	245.739	-334.442	2539.183	0.000	0.000	0.000	76.950	270.921	2556.178	76.950	-41.669	2556.178	76.950	-335.707	2556.178	0.000	0.000	0.000	
00756	2	0.000	0.000	0.000	164.431	607.525	2446.457	148.367	524.186	2481.080	174.429	373.015	2678.479	170.343	275.943	2570.710	154.918	486.186	2530.701	275.344	449.306	2482.524	356.916	257.026	2479.933	272.565	327.627	2324.447	238.077	356.493	2260.875	0.000	0.000	0.000	154.918	486.186	2530.701	41.556	428.378	2514.910	-3.748	226.034	2540.149	-0.539	406.330	2478.842	0.773	480.047	2453.776	0.000	0.000	0.000	252.154	284.235	2539.563	252.154	-27.528	2539.563	252.154	-320.789	2539.563	0.000	0.000	0.000	83.873	272.719	2555.555	83.873	-39.044	2555.555	83.873	-332.304	2555.555	0.000	0.000	0.000	
00757	2	0.000	0.000	0.000	170.443	609.370	2446.939	155.910	525.632	2480.756	186.635	387.395	2686.254	180.158	291.920	2576.625	163.630	490.897	2532.392	278.526	446.216	2482.398	363.932	256.132	2483.249	288.205	359.678	2343.014	257.244	402.014	2285.677	0.000	0.000	0.000	163.630	490.897	2532.392	48.214	433.415	2515.998	-16.263	239.983	2559.052	-5.751	422.583	2507.391	-1.453	497.241	2486.269	0.000	0.000	0.000	261.840	278.652	2543.963	261.840	-32.451	2543.963	261.840	-325.090	2543.963	0.000	0.000	0.000	95.358	275.234	2555.672	95.358	-35.869	2555.672	95.358	-328.508	2555.672	0.000	0.000	0.000	
00758	2	0.000	0.000	0.000	194.309	610.412	2450.090	172.308	527.978	2482.010	213.561	397.968	2690.005	199.165	308.295	2577.867	182.666	495.335	2534.234	297.600	451.556	2490.346	383.391	262.744	2494.827	302.527	327.680	2336.492	286.354	340.667	2304.825	0.000	0.000	0.000	182.666	495.335	2534.234	69.494	436.312	2533.337	-20.477	259.941	2595.210	-28.950	444.438	2553.804	-32.413	519.872	2536.875	0.000	0.000	0.000	268.663	266.987	2544.331	268.663	-42.836	2544.331	268.663	-334.272	2544.331	0.000	0.000	0.000	114.878	293.590	2559.423	114.878	-16.234	2559.423	114.878	-307.669	2559.423	0.000	0.000	0.000	
00759	2	0.000	0.000	0.000	198.174	606.176	2451.390	177.118	523.671	2483.542	217.881	395.561	2692.605	204.737	306.268	2579.687	187.351	491.510	2536.026	301.841	447.844	2495.750	396.232	263.437	2490.057	312.268	331.024	2334.666	277.938	358.657	2271.132	0.000	0.000	0.000	187.351	491.510	2536.026	80.257	424.032	2529.853	80.257	216.793	2529.853	80.257	27.679	2529.853	80.257	-49.643	2529.853	0.000	0.000	0.000	284.449	300.879	2541.310	284.449	-8.680	2541.310	284.449	-299.867	2541.310	0.000	0.000	0.000	118.842	294.986	2560.526	118.842	-14.573	2560.526	118.842	-305.760	2560.526	0.000	0.000	0.000	
00760	2	0.000	0.000	0.000	198.174	606.176	2451.390	177.118	523.671	2483.542	217.881	395.561	2692.605	204.737	306.268	2579.687	187.351	491.510	2536.026	301.841	447.844	2495.750	396.232	263.437	2490.057	312.268	331.024	2334.666	277.938	358.657	2271.132	0.000	0.000	0.000	187.351	491.510	2536.026	80.257	424.032	2529.853	80.257	216.793	2529.853	80.257	27.679	2529.853	80.257	-49.643	2529.853	0.000	0.000	0.000	284.449	300.879	2541.310	284.449	-8.680	2541.310	284.449	-299.867	2541.310	0.000	0.000	0.000	118.842	294.986	2560.526	118.842	-14.573	2560.526	118.842	-305.760	2560.526	0.000	0.000	0.000	
00761	2	0.000	0.000	0.000	209.880	602.686	2447.826	190.484	521.600	2484.066	225.108	381.541	2686.171	214.569	287.799	2575.037	199.174	486.448	2534.791	310.786	442.384	2503.608	391.964	252.141	2496.518	391.964	63.252	2496.518	391.964	-13.977	2496.518	0.000	0.000	0.000	199.174	486.448	2534.791	91.736	424.989	2529.286	91.736	218.028	2529.286	91.736	29.140	2529.286	91.736	-48.089	2529.286	0.000	0.000	0.000	289.602	263.985	2544.538	289.602	-45.203	2544.538	289.602	-336.042	2544.538	0.000	0.000	0.000	130.472	289.893	2561.266	130.472	-19.296	2561.266	130.472	-310.134	2561.266	0.000	0.000	0.000	
00762	2	0.000	0.000	0.000	212.925	597.871	2446.627	194.722	517.559	2485.051	229.522	380.792	2689.270	216.801	287.047	2577.420	203.456	483.236	2536.302	319.398	444.905	2498.596	403.471	255.896	2497.817	403.471	67.084	2497.817	403.471	-10.113	2497.817	0.000	0.000	0.000	203.456	483.236	2536.302	91.923	425.577	2529.524	91.923	218.711	2529.524	91.923	29.900	2529.524	91.923	-47.298	2529.524	0.000	0.000	0.000	294.390	276.267	2545.036	294.390	-32.795	2545.036	294.390	-323.515	2545.036	0.000	0.000	0.000	133.479	287.480	2561.508	133.479	-21.582	2561.508	133.479	-312.302	2561.508	0.000	0.000	0.000	
00763	2	0.000	0.000	0.000	216.071	598.541	2445.831	200.481	518.576	2486.021	237.265	381.004	2689.276	220.774	287.492	2577.152	209.711	484.053	2537.026	323.359	442.580	2496.177	416.339	257.882	2498.312	416.339	69.129	2498.312	416.339	-8.045	2498.312	0.000	0.000	0.000	209.711	484.053	2537.026	95.462	428.364	2528.573	95.462	221.571	2528.573	95.462	32.818	2528.573	95.462	-44.355	2528.573	0.000	0.000	0.000	299.641	283.315	2547.390	299.641	-25.652	2547.390	299.641	-316.281	2547.390	0.000	0.000	0.000	138.169	287.168	2560.331	138.169	-21.798	2560.331	138.169	-312.427	2560.331	0.000	0.000	0.000	
00764	2	0.000	0.000	0.000	221.348	598.208	2444.454	212.336	518.754	2487.489	241.444	364.992	2680.010	229.568	267.411	2570.464	219.640	480.172	2535.797	335.717	443.379	2502.734	425.020	257.081	2496.198	425.020	68.403	2496.198	425.020	-8.740	2496.198	0.000	0.000	0.000	219.640	480.172	2535.797	103.911	430.479	2527.345	34.053	240.663	2569.940	68.223	402.636	2479.405	75.057	435.031	2461.298	0.000	0.000	0.000	300.191	239.290	2548.750	300.191	-69.554	2548.750	300.191	-360.069	2548.750	0.000	0.000	0.000	149.261	272.372	2558.672	149.261	-36.473	2558.672	149.261	-326.987	2558.672	0.000	0.000	0.000	
00765	2	0.000	0.000	0.000	228.073	590.555	2446.510	223.908	510.188	2488.547	236.659	333.914	2662.633	237.860	228.730	2562.008	227.107	465.960	2532.226	347.285	439.943	2517.751	436.174	255.426	2490.202	374.391	331.991	2329.243	349.131	363.295	2263.433	0.000	0.000	0.000	227.107	465.960	2532.226	114.897	426.918	2535.364	39.920	236.143	2561.633	52.879	420.816	2525.372	58.177	496.322	2510.547	0.000	0.000	0.000	313.718	223.617	2551.810	313.718	-85.174	2551.810	313.718	-375.638	2551.810	0.000	0.000	0.000	159.758	221.429	2560.520	159.758	-87.361	2560.520	159.758	-377.826	2560.520	0.000	0.000	0.000	
00766	2	0.000	0.000	0.000	234.906	583.476	2449.083	229.569	501.962	2488.707	240.941	330.979	2668.084	247.153	233.751	2562.566	232.422	459.063	2533.713	361.005	448.705	2513.339	439.352	258.695	2491.865	365.706	350.236	2344.279	335.594	387.664	2283.937	0.000	0.000	0.000	232.422	459.063	2533.713	118.972	423.746	2537.382	41.680	234.798	2569.443	46.824	419.548	2531.676	48.928	495.085	2516.235	0.000	0.000	0.000	324.241	239.130	2550.369	324.241	-69.654	2550.369	324.241	-360.111	2550.369	0.000	0.000	0.000	167.366	227.116	2561.365	167.366	-81.667	2561.365	167.366	-372.124	2561.365	0.000	0.000	0.000	
00767	2	0.000	0.000	0.000	243.972	584.404	2449.303	238.697	502.852	2488.857	246.346	332.056	2668.618	255.872	232.994	2563.109	240.616	460.000	2533.959	368.910	443.608	2502.124	447.653	252.732	2493.816	354.188	343.542	2357.420	315.974	380.670	2301.653	0.000	0.000	0.000	240.616	460.000	2533.959	125.745	427.225	2535.372	52.160	237.008	2568.625	53.559	418.906	2518.655	54.131	493.277	2498.224	0.000	0.000	0.000	332.383	241.269	2553.514	332.383	-67.517	2553.514	332.383	-357.976	2553.514	0.000	0.000	0.000	176.661	227.899	2560.698	176.661	-80.887	2560.698	176.661	-371.346	2560.698	0.000	0.000	0.000	
00768	2	0.000	0.000	0.000	266.606	581.178	2450.948	254.341	499.560	2488.802	278.625	338.161	2675.670	277.959	239.305	2569.347	260.433	459.067	2535.685	384.514	439.382	2496.349	452.594	244.335	2490.689	373.638	371.865	2376.255	341.355	424.007	2329.468	0.000	0.000	0.000	260.433	459.067	2535.685	137.908	428.762	2534.129	71.973	235.969	2568.679	104.309	410.288	2504.178	117.530	481.560	2477.807	0.000	0.000	0.000	354.982	245.363	2548.878	354.982	-63.453	2548.878	354.982	-353.941	2548.878	0.000	0.000	0.000	199.987	236.854	2554.306	199.987	-71.962	2554.306	199.987	-362.450	2554.306	0.000	0.000	0.000	
00769	2	0.000	0.000	0.000	281.770	578.740	2446.849	262.575	500.500	2488.755	293.209	345.019	2679.694	286.276	244.617	2574.438	270.261	461.492	2536.659	391.207	436.941	2489.878	458.071	241.399	2492.931	446.771	387.276	2373.805	442.151	446.920	2325.099	0.000	0.000	0.000	270.261	461.492	2536.659	145.461	427.983	2528.914	76.462	237.334	2569.024	97.018	419.814	2525.693	105.422	494.422	2507.976	0.000	0.000	0.000	361.766	247.044	2545.245	361.766	-61.797	2545.245	361.766	-352.310	2545.245	0.000	0.000	0.000	211.083	241.118	2547.426	211.083	-67.724	2547.426	211.083	-358.236	2547.426	0.000	0.000	0.000	
00770	2	0.000	0.000	0.000	291.786	574.353	2440.877	269.270	500.510	2488.713	298.004	338.818	2674.761	290.016	235.193	2572.370	276.479	459.944	2535.389	393.281	429.181	2486.158	478.455	241.036	2494.659	483.816	378.972	2366.008	486.007	435.369	2313.407	0.000	0.000	0.000	276.479	459.944	2535.389	152.051	426.706	2524.573	96.157	230.656	2558.710	93.493	416.163	2524.272	92.404	492.011	2510.192	0.000	0.000	0.000	363.322	235.300	2541.148	363.322	-73.574	2541.148	363.322	-364.116	2541.148	0.000	0.000	0.000	214.307	234.689	2549.012	214.307	-74.185	2549.012	214.307	-364.727	2549.012	0.000	0.000	0.000	
00771	2	0.000	0.000	0.000	291.756	565.916	2439.084	279.307	490.787	2488.609	294.921	301.339	2648.243	292.877	181.761	2564.946	283.224	443.258	2528.658	399.380	413.594	2479.386	494.433	230.554	2493.810	397.731	318.569	2357.697	358.193	354.555	2302.046	0.000	0.000	0.000	283.224	443.258	2528.658	160.137	414.916	2511.047	91.071	223.011	2544.947	100.463	407.181	2504.723	102.341	444.015	2496.678	0.000	0.000	0.000	365.608	168.558	2549.366	365.608	-140.395	2549.366	365.608	-431.013	2549.366	0.000	0.000	0.000	225.844	161.070	2546.404	225.844	-147.884	2546.404	225.844	-438.501	2546.404	0.000	0.000	0.000	
00772	2	0.000	0.000	0.000	290.554	556.286	2443.487	283.684	477.624	2488.428	294.831	288.161	2648.478	293.650	178.739	2550.655	286.480	430.091	2528.582	411.298	414.648	2486.177	497.234	226.571	2487.618	383.141	326.416	2375.149	336.492	367.239	2329.165	0.000	0.000	0.000	286.480	430.091	2528.582	160.309	411.493	2514.157	90.724	219.702	2547.833	99.976	408.011	2538.366	103.759	485.004	2534.495	0.000	0.000	0.000	366.251	171.898	2550.157	366.251	-137.103	2550.157	366.251	-427.765	2550.157	0.000	0.000	0.000	236.169	153.744	2544.402	236.169	-155.257	2544.402	236.169	-445.919	2544.402	0.000	0.000	0.000	
00773	2	0.000	0.000	0.000	297.397	570.536	2438.872	296.230	494.379	2488.462	309.622	349.566	2689.781	309.130	268.495	2569.935	299.590	458.048	2538.969	413.921	414.748	2468.546	494.494	224.238	2466.819	395.785	357.494	2376.488	355.427	411.977	2339.555	0.000	0.000	0.000	299.590	458.048	2538.969	176.930	419.726	2516.450	98.296	235.722	2568.875	98.374	406.795	2488.911	98.406	476.741	2456.217	0.000	0.000	0.000	389.286	268.513	2545.045	389.286	-40.595	2545.045	389.286	-331.358	2545.045	0.000	0.000	0.000	231.422	256.154	2542.567	231.422	-52.954	2542.567	231.422	-343.717	2542.567	0.000	0.000	0.000	
00774	2	0.000	0.000	0.000	301.036	576.012	2438.240	301.889	500.278	2488.512	322.251	375.325	2702.230	319.908	295.747	2581.192	306.997	468.930	2542.130	416.856	414.755	2468.884	499.332	226.088	2448.680	419.006	378.628	2371.522	386.164	440.996	2339.976	0.000	0.000	0.000	306.997	468.930	2542.130	183.419	421.958	2515.857	106.687	235.400	2561.834	117.339	351.781	2413.457	121.694	399.365	2352.791	0.000	0.000	0.000	396.244	268.913	2545.115	589.766	44.717	2456.402	430.752	-146.867	2606.686	0.000	0.000	0.000	239.585	282.426	2547.980	239.585	-26.741	2547.980	239.585	-317.559	2547.980	0.000	0.000	0.000	
00775	2	0.000	0.000	0.000	313.232	565.350	2435.671	310.969	491.372	2488.515	341.940	310.596	2656.195	335.683	212.074	2550.242	318.739	446.019	2530.583	433.377	414.124	2472.819	495.868	217.729	2453.711	459.450	394.623	2398.160	444.560	466.948	2375.447	0.000	0.000	0.000	318.739	446.019	2530.583	190.761	416.554	2522.423	145.722	216.907	2491.543	145.722	27.953	2491.543	145.722	-49.303	2491.543	0.000	0.000	0.000	418.646	227.243	2553.555	522.239	-51.189	2467.483	522.239	-342.129	2467.483	0.000	0.000	0.000	257.179	216.178	2556.635	257.179	-93.119	2556.635	257.179	-384.059	2556.635	0.000	0.000	0.000	
00776	2	0.000	0.000	0.000	320.669	558.410	2435.943	317.639	484.241	2488.516	349.020	288.144	2637.998	348.924	166.461	2557.174	325.512	435.044	2526.018	441.488	409.495	2468.495	482.601	205.776	2470.811	498.026	385.061	2413.029	504.333	458.364	2389.405	0.000	0.000	0.000	325.512	435.044	2526.018	191.496	416.716	2517.750	145.450	214.944	2536.847	145.450	25.948	2536.847	145.450	-51.326	2536.847	0.000	0.000	0.000	427.278	171.090	2555.810	570.607	405.858	2414.221	570.607	114.853	2414.221	0.000	0.000	0.000	273.845	162.297	2557.323	273.845	-147.068	2557.323	273.845	-438.073	2557.323	0.000	0.000	0.000	
00777	2	0.000	0.000	0.000	323.819	550.087	2435.289	321.396	476.328	2488.503	334.283	272.593	2630.410	338.645	142.419	2562.045	324.629	425.215	2524.105	447.124	403.866	2473.946	523.452	210.674	2473.527	486.436	378.108	2393.955	471.302	446.566	2361.420	0.000	0.000	0.000	324.629	425.215	2524.105	191.066	416.114	2514.166	148.325	216.139	2550.673	148.325	27.099	2550.673	148.325	-50.193	2550.673	0.000	0.000	0.000	402.207	123.496	2552.545	565.207	355.324	2428.296	565.207	64.252	2428.296	0.000	0.000	0.000	271.293	122.467	2559.440	271.293	-186.970	2559.440	271.293	-478.042	2559.440	0.000	0.000	0.000	
00778	2	0.000	0.000	0.000	325.330	543.290	2434.439	322.533	470.084	2488.469	349.701	270.363	2634.226	339.549	150.793	2546.599	329.349	419.978	2525.036	452.968	409.916	2468.764	540.262	221.797	2459.558	446.848	369.207	2386.656	408.654	429.478	2356.850	0.000	0.000	0.000	329.349	419.978	2525.036	195.367	412.495	2527.634	145.145	212.065	2547.619	145.145	22.934	2547.619	145.145	-54.395	2547.619	0.000	0.000	0.000	422.232	169.601	2552.144	619.184	-22.818	2410.621	619.184	-314.031	2410.621	0.000	0.000	0.000	274.564	149.071	2552.047	274.564	-160.515	2552.047	274.564	-451.728	2552.047	0.000	0.000	0.000	
00779	2	0.000	0.000	0.000	330.762	540.908	2423.685	335.003	472.570	2483.943	337.506	271.301	2630.924	341.332	162.507	2537.337	335.631	422.076	2520.817	452.394	405.969	2465.781	549.786	222.616	2463.117	451.580	367.857	2387.419	411.734	426.786	2356.706	0.000	0.000	0.000	335.631	422.076	2520.817	212.979	418.597	2511.206	164.610	216.822	2518.841	170.387	397.333	2456.776	171.543	433.436	2444.364	0.000	0.000	0.000	417.954	150.861	2538.285	417.954	-159.342	2538.285	417.954	-451.135	2538.285	0.000	0.000	0.000	269.194	136.595	2548.750	269.194	-173.609	2548.750	269.194	-465.402	2548.750	0.000	0.000	0.000	
00780	2	0.000	0.000	0.000	314.877	510.893	2390.989	332.410	446.243	2452.890	281.661	262.163	2613.066	308.536	175.704	2497.868	319.678	400.061	2493.075	444.209	391.319	2417.770	530.157	202.931	2403.113	445.597	365.770	2355.519	411.090	432.220	2336.096	0.000	0.000	0.000	319.678	400.061	2493.075	216.869	421.617	2505.740	149.560	225.255	2507.525	140.209	413.963	2522.823	138.339	451.704	2525.883	0.000	0.000	0.000	376.977	164.461	2511.597	376.977	-145.738	2511.597	376.977	-437.527	2511.597	0.000	0.000	0.000	241.907	145.699	2499.732	241.907	-164.500	2499.732	241.907	-456.289	2499.732	0.000	0.000	0.000	
00781	2	0.000	0.000	0.000	313.075	501.325	2382.182	328.304	436.460	2444.435	275.263	259.048	2611.164	302.931	168.194	2503.062	314.997	391.951	2486.264	430.051	377.850	2391.255	532.177	197.785	2376.500	435.527	355.798	2336.524	416.197	387.401	2328.529	0.000	0.000	0.000	314.997	391.951	2486.264	212.405	417.622	2497.618	148.700	220.179	2502.968	139.982	408.605	2484.876	138.238	446.290	2481.258	0.000	0.000	0.000	375.668	149.578	2506.182	375.668	-160.545	2506.182	375.668	-452.263	2506.182	0.000	0.000	0.000	237.475	123.123	2513.680	237.475	-187.000	2513.680	237.475	-478.718	2513.680	0.000	0.000	0.000	
00782	2	0.000	0.000	0.000	312.720	514.730	2360.201	329.299	463.839	2433.982	292.120	290.950	2609.386	308.749	199.756	2501.774	319.971	420.465	2477.987	424.757	387.233	2390.658	521.057	203.678	2382.205	422.298	350.827	2315.352	381.950	410.943	2288.039	0.000	0.000	0.000	319.971	420.465	2477.987	215.942	414.158	2473.221	149.556	218.132	2458.920	160.202	406.889	2447.390	164.523	483.493	2442.711	0.000	0.000	0.000	384.277	202.736	2482.091	384.277	-107.269	2482.091	384.277	-398.876	2482.091	0.000	0.000	0.000	225.916	191.636	2492.675	225.916	-118.370	2492.675	225.916	-409.977	2492.675	0.000	0.000	0.000	
00783	2	0.000	0.000	0.000	312.720	514.730	2360.201	329.299	463.839	2433.982	292.120	290.950	2609.386	308.749	199.756	2501.774	319.971	420.465	2477.987	424.757	387.233	2390.658	521.057	203.678	2382.205	422.298	350.827	2315.352	381.950	410.943	2288.039	0.000	0.000	0.000	319.971	420.465	2477.987	215.942	414.158	2473.221	149.556	218.132	2458.920	160.202	406.889	2447.390	164.523	483.493	2442.711	0.000	0.000	0.000	384.277	202.736	2482.091	384.277	-107.269	2482.091	384.277	-398.876	2482.091	0.000	0.000	0.000	225.916	191.636	2492.675	225.916	-118.370	2492.675	225.916	-409.977	2492.675	0.000	0.000	0.000	
00784	2	0.000	0.000	0.000	306.834	514.093	2339.179	324.500	465.103	2413.925	284.547	291.565	2587.873	309.585	210.160	2470.167	314.477	421.566	2457.565	417.936	387.870	2366.566	498.401	196.833	2362.159	435.502	362.074	2294.546	409.798	429.600	2266.916	0.000	0.000	0.000	314.477	421.566	2457.565	208.406	416.287	2446.749	152.138	218.239	2422.256	132.999	405.963	2437.278	125.211	482.352	2443.391	0.000	0.000	0.000	376.970	209.884	2464.762	376.970	-99.946	2464.762	376.970	-391.388	2464.762	0.000	0.000	0.000	222.805	215.649	2473.468	222.805	-94.181	2473.468	222.805	-385.623	2473.468	0.000	0.000	0.000	
00785	2	0.000	0.000	0.000	303.121	515.722	2331.701	322.247	468.429	2407.136	282.077	289.067	2574.885	309.776	214.043	2452.235	312.169	423.431	2449.221	411.622	388.607	2355.081	484.263	194.773	2344.636	439.042	360.268	2264.815	420.560	427.905	2232.193	0.000	0.000	0.000	312.169	423.431	2449.221	207.368	413.054	2435.517	151.565	213.609	2427.420	126.783	401.044	2435.098	116.690	477.388	2438.225	0.000	0.000	0.000	377.297	221.048	2451.855	377.297	-88.668	2451.855	377.297	-380.004	2451.855	0.000	0.000	0.000	219.684	226.304	2463.497	219.684	-83.413	2463.497	219.684	-374.748	2463.497	0.000	0.000	0.000	
00786	2	0.000	0.000	0.000	291.084	502.228	2319.103	319.541	455.035	2391.496	284.541	246.778	2522.697	310.526	159.763	2405.844	310.760	402.788	2424.411	406.942	357.575	2404.446	478.850	198.797	2292.657	413.423	375.336	2275.607	400.338	410.644	2272.197	0.000	0.000	0.000	310.760	402.788	2424.411	206.656	395.162	2422.760	154.704	194.902	2431.402	144.974	382.104	2406.949	141.006	458.458	2396.975	0.000	0.000	0.000	368.179	163.819	2405.939	368.179	-145.611	2405.939	368.179	-436.677	2405.939	0.000	0.000	0.000	225.235	156.337	2430.465	225.235	-153.093	2430.465	225.235	-444.160	2430.465	0.000	0.000	0.000	
00787	2	0.000	0.000	0.000	287.810	493.136	2309.916	317.889	444.809	2380.824	288.571	227.120	2496.979	307.085	115.237	2401.085	310.534	390.195	2409.965	417.941	363.165	2403.191	463.640	198.145	2286.816	400.687	376.406	2276.518	388.096	412.058	2274.459	0.000	0.000	0.000	310.534	390.195	2409.965	215.629	372.121	2418.714	185.965	423.196	2220.283	152.145	347.770	2390.616	138.374	317.055	2459.978	0.000	0.000	0.000	364.284	120.341	2386.039	364.284	-188.914	2386.039	364.284	-479.815	2386.039	0.000	0.000	0.000	229.535	108.829	2415.367	229.535	-200.426	2415.367	229.535	-491.327	2415.367	0.000	0.000	0.000	
00788	2	0.000	0.000	0.000	285.917	483.349	2301.582	316.343	433.355	2371.098	287.594	216.151	2487.959	306.817	109.877	2388.917	309.131	378.863	2400.416	389.941	339.946	2425.543	457.590	204.863	2279.557	388.841	381.021	2276.122	360.784	452.913	2274.720	0.000	0.000	0.000	309.131	378.863	2400.416	193.379	396.826	2396.622	183.759	403.029	2186.849	154.444	337.274	2361.740	142.497	310.476	2433.015	0.000	0.000	0.000	359.246	87.895	2384.990	359.246	-221.161	2384.990	359.246	-511.876	2384.990	0.000	0.000	0.000	233.122	89.595	2403.735	233.122	-219.462	2403.735	233.122	-510.177	2403.735	0.000	0.000	0.000	
00789	2	0.000	0.000	0.000	280.426	474.087	2276.523	314.100	423.493	2343.894	269.411	215.575	2471.358	314.458	148.446	2349.708	302.889	371.331	2375.872	395.509	329.508	2298.469	395.509	120.911	2298.469	395.509	-67.816	2298.469	395.509	-144.889	2298.469	0.000	0.000	0.000	302.889	371.331	2375.872	184.787	395.178	2344.471	185.935	395.341	2135.878	185.935	206.614	2135.878	185.935	129.610	2135.878	0.000	0.000	0.000	367.314	109.120	2357.949	367.314	-199.469	2357.949	367.314	-489.743	2357.949	0.000	0.000	0.000	222.986	126.805	2375.040	222.986	-181.784	2375.040	222.986	-472.058	2375.040	0.000	0.000	0.000	
