00760	2	0.000	0.000	0.000	198.174	606.176	2451.390	177.118	523.671	2483.542	217.881	395.561	2692.605	204.737	306.268	2579.687	187.351	491.510	2536.026	301.841	447.844	2495.750	396.232	263.437	2490.057	312.268	331.024	2334.666	277.938	358.657	2271.132	0.000	0.000	0.000	187.351	491.510	2536.026	80.257	424.032	2529.853	80.257	216.793	2529.853	80.257	27.679	2529.853	80.257	-49.643	2529.853	0.000	0.000	0.000	284.449	300.879	2541.310	284.449	-8.680	2541.310	284.449	-299.867	2541.310	0.000	0.000	0.000	118.842	294.986	2560.526	118.842	-14.573	2560.526	118.842	-305.760	2560.526	0.000	0.000	0.000	
00761	2	0.000	0.000	0.000	209.880	602.686	2447.826	190.484	521.600	2484.066	225.108	381.541	2686.171	214.569	287.799	2575.037	199.174	486.448	2534.791	310.786	442.384	2503.608	391.964	252.141	2496.518	391.964	63.252	2496.518	391.964	-13.977	2496.518	0.000	0.000	0.000	199.174	486.448	2534.791	91.736	424.989	2529.286	91.736	218.028	2529.286	91.736	29.140	2529.286	91.736	-48.089	2529.286	0.000	0.000	0.000	289.602	263.985	2544.538	289.602	-45.203	2544.538	289.602	-336.042	2544.538	0.000	0.000	0.000	130.472	289.893	2561.266	130.472	-19.296	2561.266	130.472	-310.134	2561.266	0.000	0.000	0.000	
00762	2	0.000	0.000	0.000	212.925	597.871	2446.627	194.722	517.559	2485.051	229.522	380.792	2689.270	216.801	287.047	2577.420	203.456	483.236	2536.302	319.398	444.905	2498.596	403.471	255.896	2497.817	403.471	67.084	2497.817	403.471	-10.113	2497.817	0.000	0.000	0.000	203.456	483.236	2536.302	91.923	425.577	2529.524	91.923	218.711	2529.524	91.923	29.900	2529.524	91.923	-47.298	2529.524	0.000	0.000	0.000	294.390	276.267	2545.036	294.390	-32.795	2545.036	294.390	-323.515	2545.036	0.000	0.000	0.000	133.479	287.480	2561.508	133.479	-21.582	2561.508	133.479	-312.302	2561.508	0.000	0.000	0.000	
00763	2	0.000	0.000	0.000	216.071	598.541	2445.831	200.481	518.576	2486.021	237.265	381.004	2689.276	220.774	287.492	2577.152	209.711	484.053	2537.026	323.359	442.580	2496.177	416.339	257.882	2498.312	416.339	69.129	2498.312	416.339	-8.045	2498.312	0.000	0.000	0.000	209.711	484.053	2537.026	95.462	428.364	2528.573	95.462	221.571	2528.573	95.462	32.818	2528.573	95.462	-44.355	2528.573	0.000	0.000	0.000	299.641	283.315	2547.390	299.641	-25.652	2547.390	299.641	-316.281	2547.390	0.000	0.000	0.000	138.169	287.168	2560.331	138.169	-21.798	2560.331	138.169	-312.427	2560.331	0.000	0.000	0.000	
00764	2	0.000	0.000	0.000	221.348	598.208	2444.454	212.336	518.754	2487.489	241.444	364.992	2680.010	229.568	267.411	2570.464	219.640	480.172	2535.797	335.717	443.379	2502.734	425.020	257.081	2496.198	425.020	68.403	2496.198	425.020	-8.740	2496.198	0.000	0.000	0.000	219.640	480.172	2535.797	103.911	430.479	2527.345	34.053	240.663	2569.940	68.223	402.636	2479.405	75.057	435.031	2461.298	0.000	0.000	0.000	300.191	239.290	2548.750	300.191	-69.554	2548.750	300.191	-360.069	2548.750	0.000	0.000	0.000	149.261	272.372	2558.672	149.261	-36.473	2558.672	149.261	-326.987	2558.672	0.000	0.000	0.000	
00765	2	0.000	0.000	0.000	228.073	590.555	2446.510	223.908	510.188	2488.547	236.659	333.914	2662.633	237.860	228.730	2562.008	227.107	465.960	2532.226	347.285	439.943	2517.751	436.174	255.426	2490.202	374.391	331.991	2329.243	349.131	363.295	2263.433	0.000	0.000	0.000	227.107	465.960	2532.226	114.897	426.918	2535.364	39.920	236.143	2561.633	52.879	420.816	2525.372	58.177	496.322	2510.547	0.000	0.000	0.000	313.718	223.617	2551.810	313.718	-85.174	2551.810	313.718	-375.638	2551.810	0.000	0.000	0.000	159.758	221.429	2560.520	159.758	-87.361	2560.520	159.758	-377.826	2560.520	0.000	0.000	0.000	
00766	2	0.000	0.000	0.000	234.906	583.476	2449.083	229.569	501.962	2488.707	240.941	330.979	2668.084	247.153	233.751	2562.566	232.422	459.063	2533.713	361.005	448.705	2513.339	439.352	258.695	2491.865	365.706	350.236	2344.279	335.594	387.664	2283.937	0.000	0.000	0.000	232.422	459.063	2533.713	118.972	423.746	2537.382	41.680	234.798	2569.443	46.824	419.548	2531.676	48.928	495.085	2516.235	0.000	0.000	0.000	324.241	239.130	2550.369	324.241	-69.654	2550.369	324.241	-360.111	2550.369	0.000	0.000	0.000	167.366	227.116	2561.365	167.366	-81.667	2561.365	167.366	-372.124	2561.365	0.000	0.000	0.000	
00767	2	0.000	0.000	0.000	243.972	584.404	2449.303	238.697	502.852	2488.857	246.346	332.056	2668.618	255.872	232.994	2563.109	240.616	460.000	2533.959	368.910	443.608	2502.124	447.653	252.732	2493.816	354.188	343.542	2357.420	315.974	380.670	2301.653	0.000	0.000	0.000	240.616	460.000	2533.959	125.745	427.225	2535.372	52.160	237.008	2568.625	53.559	418.906	2518.655	54.131	493.277	2498.224	0.000	0.000	0.000	332.383	241.269	2553.514	332.383	-67.517	2553.514	332.383	-357.976	2553.514	0.000	0.000	0.000	176.661	227.899	2560.698	176.661	-80.887	2560.698	176.661	-371.346	2560.698	0.000	0.000	0.000	
00768	2	0.000	0.000	0.000	266.606	581.178	2450.948	254.341	499.560	2488.802	278.625	338.161	2675.670	277.959	239.305	2569.347	260.433	459.067	2535.685	384.514	439.382	2496.349	452.594	244.335	2490.689	373.638	371.865	2376.255	341.355	424.007	2329.468	0.000	0.000	0.000	260.433	459.067	2535.685	137.908	428.762	2534.129	71.973	235.969	2568.679	104.309	410.288	2504.178	117.530	481.560	2477.807	0.000	0.000	0.000	354.982	245.363	2548.878	354.982	-63.453	2548.878	354.982	-353.941	2548.878	0.000	0.000	0.000	199.987	236.854	2554.306	199.987	-71.962	2554.306	199.987	-362.450	2554.306	0.000	0.000	0.000	
00769	2	0.000	0.000	0.000	281.770	578.740	2446.849	262.575	500.500	2488.755	293.209	345.019	2679.694	286.276	244.617	2574.438	270.261	461.492	2536.659	391.207	436.941	2489.878	458.071	241.399	2492.931	446.771	387.276	2373.805	442.151	446.920	2325.099	0.000	0.000	0.000	270.261	461.492	2536.659	145.461	427.983	2528.914	76.462	237.334	2569.024	97.018	419.814	2525.693	105.422	494.422	2507.976	0.000	0.000	0.000	361.766	247.044	2545.245	361.766	-61.797	2545.245	361.766	-352.310	2545.245	0.000	0.000	0.000	211.083	241.118	2547.426	211.083	-67.724	2547.426	211.083	-358.236	2547.426	0.000	0.000	0.000	
00770	2	0.000	0.000	0.000	291.786	574.353	2440.877	269.270	500.510	2488.713	298.004	338.818	2674.761	290.016	235.193	2572.370	276.479	459.944	2535.389	393.281	429.181	2486.158	478.455	241.036	2494.659	483.816	378.972	2366.008	486.007	435.369	2313.407	0.000	0.000	0.000	276.479	459.944	2535.389	152.051	426.706	2524.573	96.157	230.656	2558.710	93.493	416.163	2524.272	92.404	492.011	2510.192	0.000	0.000	0.000	363.322	235.300	2541.148	363.322	-73.574	2541.148	363.322	-364.116	2541.148	0.000	0.000	0.000	214.307	234.689	2549.012	214.307	-74.185	2549.012	214.307	-364.727	2549.012	0.000	0.000	0.000	
00771	2	0.000	0.000	0.000	291.756	565.916	2439.084	279.307	490.787	2488.609	294.921	301.339	2648.243	292.877	181.761	2564.946	283.224	443.258	2528.658	399.380	413.594	2479.386	494.433	230.554	2493.810	397.731	318.569	2357.697	358.193	354.555	2302.046	0.000	0.000	0.000	283.224	443.258	2528.658	160.137	414.916	2511.047	91.071	223.011	2544.947	100.463	407.181	2504.723	102.341	444.015	2496.678	0.000	0.000	0.000	365.608	168.558	2549.366	365.608	-140.395	2549.366	365.608	-431.013	2549.366	0.000	0.000	0.000	225.844	161.070	2546.404	225.844	-147.884	2546.404	225.844	-438.501	2546.404	0.000	0.000	0.000	
00772	2	0.000	0.000	0.000	290.554	556.286	2443.487	283.684	477.624	2488.428	294.831	288.161	2648.478	293.650	178.739	2550.655	286.480	430.091	2528.582	411.298	414.648	2486.177	497.234	226.571	2487.618	383.141	326.416	2375.149	336.492	367.239	2329.165	0.000	0.000	0.000	286.480	430.091	2528.582	160.309	411.493	2514.157	90.724	219.702	2547.833	99.976	408.011	2538.366	103.759	485.004	2534.495	0.000	0.000	0.000	366.251	171.898	2550.157	366.251	-137.103	2550.157	366.251	-427.765	2550.157	0.000	0.000	0.000	236.169	153.744	2544.402	236.169	-155.257	2544.402	236.169	-445.919	2544.402	0.000	0.000	0.000	
00773	2	0.000	0.000	0.000	297.397	570.536	2438.872	296.230	494.379	2488.462	309.622	349.566	2689.781	309.130	268.495	2569.935	299.590	458.048	2538.969	413.921	414.748	2468.546	494.494	224.238	2466.819	395.785	357.494	2376.488	355.427	411.977	2339.555	0.000	0.000	0.000	299.590	458.048	2538.969	176.930	419.726	2516.450	98.296	235.722	2568.875	98.374	406.795	2488.911	98.406	476.741	2456.217	0.000	0.000	0.000	389.286	268.513	2545.045	389.286	-40.595	2545.045	389.286	-331.358	2545.045	0.000	0.000	0.000	231.422	256.154	2542.567	231.422	-52.954	2542.567	231.422	-343.717	2542.567	0.000	0.000	0.000	
00774	2	0.000	0.000	0.000	301.036	576.012	2438.240	301.889	500.278	2488.512	322.251	375.325	2702.230	319.908	295.747	2581.192	306.997	468.930	2542.130	416.856	414.755	2468.884	499.332	226.088	2448.680	419.006	378.628	2371.522	386.164	440.996	2339.976	0.000	0.000	0.000	306.997	468.930	2542.130	183.419	421.958	2515.857	106.687	235.400	2561.834	117.339	351.781	2413.457	121.694	399.365	2352.791	0.000	0.000	0.000	396.244	268.913	2545.115	589.766	44.717	2456.402	430.752	-146.867	2606.686	0.000	0.000	0.000	239.585	282.426	2547.980	239.585	-26.741	2547.980	239.585	-317.559	2547.980	0.000	0.000	0.000	
00775	2	0.000	0.000	0.000	313.232	565.350	2435.671	310.969	491.372	2488.515	341.940	310.596	2656.195	335.683	212.074	2550.242	318.739	446.019	2530.583	433.377	414.124	2472.819	495.868	217.729	2453.711	459.450	394.623	2398.160	444.560	466.948	2375.447	0.000	0.000	0.000	318.739	446.019	2530.583	190.761	416.554	2522.423	145.722	216.907	2491.543	145.722	27.953	2491.543	145.722	-49.303	2491.543	0.000	0.000	0.000	418.646	227.243	2553.555	522.239	-51.189	2467.483	522.239	-342.129	2467.483	0.000	0.000	0.000	257.179	216.178	2556.635	257.179	-93.119	2556.635	257.179	-384.059	2556.635	0.000	0.000	0.000	
00776	2	0.000	0.000	0.000	320.669	558.410	2435.943	317.639	484.241	2488.516	349.020	288.144	2637.998	348.924	166.461	2557.174	325.512	435.044	2526.018	441.488	409.495	2468.495	482.601	205.776	2470.811	498.026	385.061	2413.029	504.333	458.364	2389.405	0.000	0.000	0.000	325.512	435.044	2526.018	191.496	416.716	2517.750	145.450	214.944	2536.847	145.450	25.948	2536.847	145.450	-51.326	2536.847	0.000	0.000	0.000	427.278	171.090	2555.810	570.607	405.858	2414.221	570.607	114.853	2414.221	0.000	0.000	0.000	273.845	162.297	2557.323	273.845	-147.068	2557.323	273.845	-438.073	2557.323	0.000	0.000	0.000	
00777	2	0.000	0.000	0.000	323.819	550.087	2435.289	321.396	476.328	2488.503	334.283	272.593	2630.410	338.645	142.419	2562.045	324.629	425.215	2524.105	447.124	403.866	2473.946	523.452	210.674	2473.527	486.436	378.108	2393.955	471.302	446.566	2361.420	0.000	0.000	0.000	324.629	425.215	2524.105	191.066	416.114	2514.166	148.325	216.139	2550.673	148.325	27.099	2550.673	148.325	-50.193	2550.673	0.000	0.000	0.000	402.207	123.496	2552.545	565.207	355.324	2428.296	565.207	64.252	2428.296	0.000	0.000	0.000	271.293	122.467	2559.440	271.293	-186.970	2559.440	271.293	-478.042	2559.440	0.000	0.000	0.000	
00778	2	0.000	0.000	0.000	325.330	543.290	2434.439	322.533	470.084	2488.469	349.701	270.363	2634.226	339.549	150.793	2546.599	329.349	419.978	2525.036	452.968	409.916	2468.764	540.262	221.797	2459.558	446.848	369.207	2386.656	408.654	429.478	2356.850	0.000	0.000	0.000	329.349	419.978	2525.036	195.367	412.495	2527.634	145.145	212.065	2547.619	145.145	22.934	2547.619	145.145	-54.395	2547.619	0.000	0.000	0.000	422.232	169.601	2552.144	619.184	-22.818	2410.621	619.184	-314.031	2410.621	0.000	0.000	0.000	274.564	149.071	2552.047	274.564	-160.515	2552.047	274.564	-451.728	2552.047	0.000	0.000	0.000	
00779	2	0.000	0.000	0.000	330.762	540.908	2423.685	335.003	472.570	2483.943	337.506	271.301	2630.924	341.332	162.507	2537.337	335.631	422.076	2520.817	452.394	405.969	2465.781	549.786	222.616	2463.117	451.580	367.857	2387.419	411.734	426.786	2356.706	0.000	0.000	0.000	335.631	422.076	2520.817	212.979	418.597	2511.206	164.610	216.822	2518.841	170.387	397.333	2456.776	171.543	433.436	2444.364	0.000	0.000	0.000	417.954	150.861	2538.285	417.954	-159.342	2538.285	417.954	-451.135	2538.285	0.000	0.000	0.000	269.194	136.595	2548.750	269.194	-173.609	2548.750	269.194	-465.402	2548.750	0.000	0.000	0.000	
00780	2	0.000	0.000	0.000	314.877	510.893	2390.989	332.410	446.243	2452.890	281.661	262.163	2613.066	308.536	175.704	2497.868	319.678	400.061	2493.075	444.209	391.319	2417.770	530.157	202.931	2403.113	445.597	365.770	2355.519	411.090	432.220	2336.096	0.000	0.000	0.000	319.678	400.061	2493.075	216.869	421.617	2505.740	149.560	225.255	2507.525	140.209	413.963	2522.823	138.339	451.704	2525.883	0.000	0.000	0.000	376.977	164.461	2511.597	376.977	-145.738	2511.597	376.977	-437.527	2511.597	0.000	0.000	0.000	241.907	145.699	2499.732	241.907	-164.500	2499.732	241.907	-456.289	2499.732	0.000	0.000	0.000	
00781	2	0.000	0.000	0.000	313.075	501.325	2382.182	328.304	436.460	2444.435	275.263	259.048	2611.164	302.931	168.194	2503.062	314.997	391.951	2486.264	430.051	377.850	2391.255	532.177	197.785	2376.500	435.527	355.798	2336.524	416.197	387.401	2328.529	0.000	0.000	0.000	314.997	391.951	2486.264	212.405	417.622	2497.618	148.700	220.179	2502.968	139.982	408.605	2484.876	138.238	446.290	2481.258	0.000	0.000	0.000	375.668	149.578	2506.182	375.668	-160.545	2506.182	375.668	-452.263	2506.182	0.000	0.000	0.000	237.475	123.123	2513.680	237.475	-187.000	2513.680	237.475	-478.718	2513.680	0.000	0.000	0.000	
00782	2	0.000	0.000	0.000	312.720	514.730	2360.201	329.299	463.839	2433.982	292.120	290.950	2609.386	308.749	199.756	2501.774	319.971	420.465	2477.987	424.757	387.233	2390.658	521.057	203.678	2382.205	422.298	350.827	2315.352	381.950	410.943	2288.039	0.000	0.000	0.000	319.971	420.465	2477.987	215.942	414.158	2473.221	149.556	218.132	2458.920	160.202	406.889	2447.390	164.523	483.493	2442.711	0.000	0.000	0.000	384.277	202.736	2482.091	384.277	-107.269	2482.091	384.277	-398.876	2482.091	0.000	0.000	0.000	225.916	191.636	2492.675	225.916	-118.370	2492.675	225.916	-409.977	2492.675	0.000	0.000	0.000	
00783	2	0.000	0.000	0.000	312.720	514.730	2360.201	329.299	463.839	2433.982	292.120	290.950	2609.386	308.749	199.756	2501.774	319.971	420.465	2477.987	424.757	387.233	2390.658	521.057	203.678	2382.205	422.298	350.827	2315.352	381.950	410.943	2288.039	0.000	0.000	0.000	319.971	420.465	2477.987	215.942	414.158	2473.221	149.556	218.132	2458.920	160.202	406.889	2447.390	164.523	483.493	2442.711	0.000	0.000	0.000	384.277	202.736	2482.091	384.277	-107.269	2482.091	384.277	-398.876	2482.091	0.000	0.000	0.000	225.916	191.636	2492.675	225.916	-118.370	2492.675	225.916	-409.977	2492.675	0.000	0.000	0.000	
00784	2	0.000	0.000	0.000	306.834	514.093	2339.179	324.500	465.103	2413.925	284.547	291.565	2587.873	309.585	210.160	2470.167	314.477	421.566	2457.565	417.936	387.870	2366.566	498.401	196.833	2362.159	435.502	362.074	2294.546	409.798	429.600	2266.916	0.000	0.000	0.000	314.477	421.566	2457.565	208.406	416.287	2446.749	152.138	218.239	2422.256	132.999	405.963	2437.278	125.211	482.352	2443.391	0.000	0.000	0.000	376.970	209.884	2464.762	376.970	-99.946	2464.762	376.970	-391.388	2464.762	0.000	0.000	0.000	222.805	215.649	2473.468	222.805	-94.181	2473.468	222.805	-385.623	2473.468	0.000	0.000	0.000	
00785	2	0.000	0.000	0.000	303.121	515.722	2331.701	322.247	468.429	2407.136	282.077	289.067	2574.885	309.776	214.043	2452.235	312.169	423.431	2449.221	411.622	388.607	2355.081	484.263	194.773	2344.636	439.042	360.268	2264.815	420.560	427.905	2232.193	0.000	0.000	0.000	312.169	423.431	2449.221	207.368	413.054	2435.517	151.565	213.609	2427.420	126.783	401.044	2435.098	116.690	477.388	2438.225	0.000	0.000	0.000	377.297	221.048	2451.855	377.297	-88.668	2451.855	377.297	-380.004	2451.855	0.000	0.000	0.000	219.684	226.304	2463.497	219.684	-83.413	2463.497	219.684	-374.748	2463.497	0.000	0.000	0.000	
00786	2	0.000	0.000	0.000	291.084	502.228	2319.103	319.541	455.035	2391.496	284.541	246.778	2522.697	310.526	159.763	2405.844	310.760	402.788	2424.411	406.942	357.575	2404.446	478.850	198.797	2292.657	413.423	375.336	2275.607	400.338	410.644	2272.197	0.000	0.000	0.000	310.760	402.788	2424.411	206.656	395.162	2422.760	154.704	194.902	2431.402	144.974	382.104	2406.949	141.006	458.458	2396.975	0.000	0.000	0.000	368.179	163.819	2405.939	368.179	-145.611	2405.939	368.179	-436.677	2405.939	0.000	0.000	0.000	225.235	156.337	2430.465	225.235	-153.093	2430.465	225.235	-444.160	2430.465	0.000	0.000	0.000	
00787	2	0.000	0.000	0.000	287.810	493.136	2309.916	317.889	444.809	2380.824	288.571	227.120	2496.979	307.085	115.237	2401.085	310.534	390.195	2409.965	417.941	363.165	2403.191	463.640	198.145	2286.816	400.687	376.406	2276.518	388.096	412.058	2274.459	0.000	0.000	0.000	310.534	390.195	2409.965	215.629	372.121	2418.714	185.965	423.196	2220.283	152.145	347.770	2390.616	138.374	317.055	2459.978	0.000	0.000	0.000	364.284	120.341	2386.039	364.284	-188.914	2386.039	364.284	-479.815	2386.039	0.000	0.000	0.000	229.535	108.829	2415.367	229.535	-200.426	2415.367	229.535	-491.327	2415.367	0.000	0.000	0.000	
00788	2	0.000	0.000	0.000	285.917	483.349	2301.582	316.343	433.355	2371.098	287.594	216.151	2487.959	306.817	109.877	2388.917	309.131	378.863	2400.416	389.941	339.946	2425.543	457.590	204.863	2279.557	388.841	381.021	2276.122	360.784	452.913	2274.720	0.000	0.000	0.000	309.131	378.863	2400.416	193.379	396.826	2396.622	183.759	403.029	2186.849	154.444	337.274	2361.740	142.497	310.476	2433.015	0.000	0.000	0.000	359.246	87.895	2384.990	359.246	-221.161	2384.990	359.246	-511.876	2384.990	0.000	0.000	0.000	233.122	89.595	2403.735	233.122	-219.462	2403.735	233.122	-510.177	2403.735	0.000	0.000	0.000	
00789	2	0.000	0.000	0.000	280.426	474.087	2276.523	314.100	423.493	2343.894	269.411	215.575	2471.358	314.458	148.446	2349.708	302.889	371.331	2375.872	395.509	329.508	2298.469	395.509	120.911	2298.469	395.509	-67.816	2298.469	395.509	-144.889	2298.469	0.000	0.000	0.000	302.889	371.331	2375.872	184.787	395.178	2344.471	185.935	395.341	2135.878	185.935	206.614	2135.878	185.935	129.610	2135.878	0.000	0.000	0.000	367.314	109.120	2357.949	367.314	-199.469	2357.949	367.314	-489.743	2357.949	0.000	0.000	0.000	222.986	126.805	2375.040	222.986	-181.784	2375.040	222.986	-472.058	2375.040	0.000	0.000	0.000	
00790	2	0.000	0.000	0.000	273.358	470.680	2261.066	310.100	418.324	2325.310	260.541	215.687	2458.909	319.740	167.178	2334.636	297.666	367.487	2358.827	295.924	454.890	2197.170	295.924	246.892	2197.170	295.924	58.370	2197.170	295.924	-18.637	2197.170	0.000	0.000	0.000	297.666	367.487	2358.827	177.889	429.361	2306.439	186.649	392.701	2101.885	186.649	204.179	2101.885	186.649	127.227	2101.885	0.000	0.000	0.000	378.876	152.080	2311.626	378.876	-156.239	2311.626	378.876	-446.260	2311.626	0.000	0.000	0.000	247.999	119.884	2325.832	247.999	-188.435	2325.832	247.999	-478.456	2325.832	0.000	0.000	0.000	
00793	2	0.000	0.000	0.000	202.241	448.897	2182.859	224.637	362.772	2207.986	201.810	160.508	2357.703	192.417	19.653	2417.986	218.910	312.029	2245.547	360.946	314.251	2269.124	372.412	104.210	2262.597	318.169	235.936	2133.684	295.991	289.794	2080.976	0.000	0.000	0.000	218.910	312.029	2245.547	134.948	269.836	2297.378	134.948	59.381	2297.378	134.948	-132.746	2297.378	134.948	-211.299	2297.378	0.000	0.000	0.000	273.992	-271.548	2526.848	273.992	-586.037	2526.848	273.992	-881.861	2526.848	0.000	0.000	0.000	78.511	-288.120	2577.768	78.511	-602.609	2577.768	78.511	-898.433	2577.768	0.000	0.000	0.000	
00794	2	0.000	0.000	0.000	200.386	449.157	2152.604	224.586	369.268	2192.883	173.700	164.501	2332.969	161.479	24.433	2395.444	211.820	317.897	2228.027	359.824	308.194	2242.293	359.824	97.252	2242.293	359.824	-95.319	2242.293	359.824	-174.054	2242.293	0.000	0.000	0.000	211.820	317.897	2228.027	115.739	452.174	2117.120	115.739	241.232	2117.120	115.739	48.660	2117.120	115.739	-30.075	2117.120	0.000	0.000	0.000	215.067	-361.064	2512.429	215.067	-676.281	2512.429	215.067	-972.790	2512.429	0.000	0.000	0.000	51.734	-367.318	2505.428	51.734	-682.535	2505.428	51.734	-979.044	2505.428	0.000	0.000	0.000	
00796	2	0.000	0.000	0.000	171.831	432.140	2149.202	197.802	327.381	2217.131	209.827	33.436	2394.446	212.555	-155.264	2429.868	200.803	254.025	2261.381	366.344	240.691	2218.295	430.467	-40.859	2289.974	445.621	-317.570	2290.933	448.652	-372.912	2291.125	0.000	0.000	0.000	200.803	254.025	2261.381	60.493	232.236	2306.667	-0.313	-35.217	2421.957	-31.403	-309.683	2399.573	-37.621	-364.576	2395.097	0.000	0.000	0.000	329.526	-252.429	2472.461	284.499	-672.942	2427.844	284.499	-1072.967	2427.844	0.000	0.000	0.000	110.169	-257.171	2497.778	156.671	-675.552	2558.146	235.843	-984.584	2799.498	0.000	0.000	0.000	
00797	2	0.000	0.000	0.000	163.092	429.863	2130.221	190.940	330.688	2208.490	169.091	31.398	2376.018	168.760	-159.647	2417.348	185.490	256.039	2250.275	351.552	234.706	2212.905	351.552	-61.466	2212.905	351.552	-335.127	2212.905	351.552	-441.350	2212.905	0.000	0.000	0.000	185.490	256.039	2250.275	47.744	247.305	2295.499	4.746	-24.708	2404.486	-26.117	-296.622	2403.747	-32.290	-351.005	2403.599	0.000	0.000	0.000	267.653	-266.361	2466.378	294.221	-688.331	2420.706	294.221	-1088.356	2420.706	0.000	0.000	0.000	77.086	-259.977	2488.215	157.930	-673.225	2547.714	258.522	-970.785	2795.422	0.000	0.000	0.000	
00798	2	0.000	0.000	0.000	156.654	419.215	2096.621	180.060	329.641	2183.935	161.049	22.047	2345.469	158.700	-173.777	2375.135	175.376	253.861	2223.731	341.735	238.154	2185.620	341.735	-54.271	2185.620	341.735	-327.743	2185.620	341.735	-433.967	2185.620	0.000	0.000	0.000	175.376	253.861	2223.731	44.721	227.585	2259.958	-16.559	-34.324	2374.677	-31.225	-307.206	2364.305	-34.158	-361.783	2362.231	0.000	0.000	0.000	274.568	-253.142	2398.413	308.477	-661.478	2284.546	308.477	-1061.507	2284.546	0.000	0.000	0.000	76.219	-268.011	2448.370	419.067	-398.815	2233.431	244.650	-658.002	2483.280	0.000	0.000	0.000	
00799	2	0.000	0.000	0.000	156.297	412.983	2087.988	179.334	324.375	2175.740	172.705	17.159	2339.296	170.447	-181.641	2360.806	177.701	248.721	2216.016	338.793	229.063	2170.944	338.793	-61.796	2170.944	338.793	-336.633	2170.944	338.793	-442.858	2170.944	0.000	0.000	0.000	177.701	248.721	2216.016	43.775	221.418	2250.293	-16.024	-47.546	2343.469	-30.611	-321.848	2352.475	-36.186	-426.696	2355.917	0.000	0.000	0.000	285.665	-251.330	2385.810	296.541	-661.343	2273.441	296.541	-1061.374	2273.441	0.000	0.000	0.000	57.857	-237.248	2414.033	395.235	-408.059	2219.470	232.401	-675.365	2468.584	0.000	0.000	0.000	
00800	2	0.000	0.000	0.000	155.336	392.419	2063.775	178.821	310.217	2156.579	193.893	5.072	2315.050	195.504	-196.874	2332.584	182.575	234.213	2196.050	331.741	205.154	2130.019	403.213	-75.657	2157.935	403.213	-345.087	2157.935	403.213	-451.313	2157.935	0.000	0.000	0.000	182.575	234.213	2196.050	39.874	209.485	2231.914	-11.166	-58.393	2333.788	-39.497	-326.284	2328.816	-50.588	-431.157	2326.870	0.000	0.000	0.000	307.432	-262.971	2361.371	287.819	-657.412	2203.595	287.819	-1057.450	2203.595	0.000	0.000	0.000	103.420	-264.130	2401.375	103.420	-689.407	2401.375	103.420	-1089.445	2401.375	0.000	0.000	0.000	
00801	2	0.000	0.000	0.000	157.103	383.576	2051.835	182.687	295.490	2138.153	202.895	-5.774	2298.265	210.310	-208.177	2319.860	187.756	219.924	2178.313	336.800	198.481	2090.339	401.171	-81.927	2125.201	401.171	-349.435	2125.201	401.171	-455.662	2125.201	0.000	0.000	0.000	187.756	219.924	2178.313	47.727	198.126	2226.208	-8.393	-66.121	2331.145	-46.603	-330.736	2322.218	-61.690	-435.220	2318.694	0.000	0.000	0.000	328.175	-273.529	2346.149	281.656	-678.127	2223.672	281.656	-1078.169	2223.672	0.000	0.000	0.000	112.438	-284.413	2379.602	112.438	-709.695	2379.602	112.438	-1109.737	2379.602	0.000	0.000	0.000	
00802	2	0.000	0.000	0.000	161.306	380.491	2034.135	188.111	281.425	2110.954	207.838	-12.393	2280.337	217.403	-210.734	2308.502	193.089	207.282	2153.697	344.851	185.671	2068.555	399.900	-96.187	2098.745	399.900	-362.158	2098.745	399.900	-468.386	2098.745	0.000	0.000	0.000	193.089	207.282	2153.697	50.109	193.901	2204.916	-7.091	-62.861	2324.027	-48.982	-325.408	2316.616	-65.637	-429.794	2313.670	0.000	0.000	0.000	336.342	-285.375	2331.282	270.766	-695.360	2239.198	270.766	-1095.405	2239.198	0.000	0.000	0.000	114.188	-285.547	2370.236	114.188	-710.832	2370.236	114.188	-1110.876	2370.236	0.000	0.000	0.000	
00803	2	0.000	0.000	0.000	166.192	372.397	1989.738	193.664	263.558	2053.988	210.655	-20.191	2235.333	219.825	-213.889	2265.456	197.984	191.416	2100.094	350.624	164.652	2024.693	400.683	-117.694	2041.970	400.683	-381.451	2041.970	400.683	-487.680	2041.970	0.000	0.000	0.000	197.984	191.416	2100.094	70.894	186.828	2173.643	2.601	-58.406	2306.760	-51.318	-316.226	2320.526	-62.101	-367.789	2323.280	0.000	0.000	0.000	331.241	-311.820	2291.183	261.599	-718.817	2189.330	261.599	-1118.866	2189.330	0.000	0.000	0.000	118.583	-292.411	2336.281	118.583	-717.701	2336.281	118.583	-1117.750	2336.281	0.000	0.000	0.000	
00804	2	0.000	0.000	0.000	169.837	363.550	1969.512	194.570	255.602	2033.111	211.049	-28.651	2212.805	219.683	-224.684	2242.847	198.766	183.227	2078.864	348.100	152.140	2002.745	395.133	-130.296	2018.103	395.133	-393.266	2018.103	395.133	-499.495	2018.103	0.000	0.000	0.000	198.766	183.227	2078.864	79.302	174.550	2156.975	9.509	-67.546	2293.855	-45.786	-323.606	2316.857	-56.845	-374.818	2321.457	0.000	0.000	0.000	335.709	-313.308	2261.967	257.344	-720.510	2167.532	257.344	-1120.560	2167.532	0.000	0.000	0.000	120.348	-304.689	2312.836	120.348	-729.980	2312.836	120.348	-1130.031	2312.836	0.000	0.000	0.000	
00805	2	0.000	0.000	0.000	178.151	344.799	1923.173	196.451	246.121	1997.503	218.324	-37.942	2175.967	224.988	-231.571	2204.192	202.029	173.685	2043.011	346.918	141.216	1957.789	390.673	-139.319	1991.903	390.673	-401.155	1991.903	390.673	-507.384	1991.903	0.000	0.000	0.000	202.029	173.685	2043.011	70.854	168.456	2113.331	26.175	-79.899	2247.874	-31.864	-326.816	2312.847	-43.472	-376.199	2325.842	0.000	0.000	0.000	346.081	-311.971	2204.912	263.349	-724.716	2144.340	263.349	-1124.767	2144.340	0.000	0.000	0.000	126.284	-322.652	2265.597	126.284	-747.943	2265.597	126.284	-1147.994	2265.597	0.000	0.000	0.000	
00806	2	0.000	0.000	0.000	180.588	338.730	1903.262	198.716	241.139	1978.943	223.824	-43.270	2155.152	229.781	-236.436	2178.509	205.132	168.470	2023.966	349.294	135.807	1939.692	393.293	-142.821	1984.992	393.293	-404.252	1984.992	393.293	-510.481	1984.992	0.000	0.000	0.000	205.132	168.470	2023.966	76.556	170.069	2102.777	38.840	-74.288	2245.916	-24.996	-318.487	2314.017	-37.763	-367.327	2327.638	0.000	0.000	0.000	352.876	-300.098	2177.189	260.430	-708.522	2102.926	260.430	-1108.571	2102.926	0.000	0.000	0.000	131.491	-316.263	2240.971	131.491	-741.552	2240.971	131.491	-1141.602	2240.971	0.000	0.000	0.000	
00807	2	0.000	0.000	0.000	183.019	334.249	1884.072	200.555	237.093	1959.989	229.033	-47.588	2131.358	235.676	-240.000	2152.107	207.875	163.916	2004.040	342.604	125.685	1906.000	388.746	-153.448	1944.094	388.746	-414.553	1944.094	388.746	-520.781	1944.094	0.000	0.000	0.000	207.875	163.916	2004.040	84.354	160.113	2086.780	51.597	-79.378	2238.655	-19.870	-319.266	2312.969	-34.163	-367.244	2327.831	0.000	0.000	0.000	356.036	-304.325	2148.060	280.953	-722.683	2133.636	280.953	-1122.729	2133.636	0.000	0.000	0.000	149.894	-319.200	2226.617	149.894	-744.486	2226.617	149.894	-1144.531	2226.617	0.000	0.000	0.000	
00808	2	0.000	0.000	0.000	184.228	328.658	1835.665	202.828	225.616	1901.064	234.205	-49.088	2077.435	245.315	-242.870	2102.343	211.029	153.813	1947.164	345.429	115.945	1846.608	386.413	-165.386	1868.561	411.170	-422.910	1837.004	416.122	-474.415	1830.693	0.000	0.000	0.000	211.029	153.813	1947.164	94.816	152.414	2036.352	71.915	-69.621	2213.792	-6.895	-307.453	2285.574	-22.657	-355.019	2299.930	0.000	0.000	0.000	363.959	-305.256	2082.274	345.440	-690.549	1903.225	237.041	-841.116	2257.628	0.000	0.000	0.000	183.596	-331.233	2190.065	183.596	-756.501	2190.065	183.596	-1156.529	2190.065	0.000	0.000	0.000	
00809	2	0.000	0.000	0.000	186.284	324.662	1818.380	204.297	217.721	1878.018	240.654	-56.030	2050.782	255.908	-251.712	2077.297	213.864	145.685	1923.480	340.205	96.202	1831.216	392.961	-186.954	1803.156	407.211	-440.183	1862.376	410.061	-490.829	1874.220	0.000	0.000	0.000	213.864	145.685	1923.480	106.946	143.816	2021.159	112.207	-102.196	2173.469	21.854	-346.350	2181.202	3.783	-395.181	2182.748	0.000	0.000	0.000	369.270	-315.655	2050.921	324.140	-695.176	1864.477	241.786	-780.920	2246.410	0.000	0.000	0.000	183.169	-329.423	2158.419	183.169	-754.670	2158.419	183.169	-1154.679	2158.419	0.000	0.000	0.000	
00810	2	0.000	0.000	0.000	186.852	318.756	1785.591	209.623	202.571	1823.108	256.894	-72.854	1994.722	278.635	-272.465	2010.846	221.976	130.594	1867.956	348.607	83.057	1784.823	391.673	-198.917	1748.075	403.112	-454.823	1821.792	405.400	-506.004	1836.535	0.000	0.000	0.000	221.976	130.594	1867.956	115.166	141.386	1972.775	139.748	-113.945	2102.839	39.448	-341.808	2007.598	19.388	-387.381	1988.550	0.000	0.000	0.000	384.568	-293.483	1957.296	300.563	-679.138	1799.257	257.328	-822.585	2171.348	0.000	0.000	0.000	187.592	-308.859	2080.254	187.592	-734.022	2080.254	187.592	-1135.143	2080.254	0.000	0.000	0.000	
00811	2	0.000	0.000	0.000	186.323	314.933	1763.672	211.452	198.510	1799.371	261.989	-80.368	1969.603	284.780	-281.631	1974.900	224.550	126.233	1843.490	347.901	76.936	1764.550	388.331	-200.211	1702.203	382.763	-450.398	1789.837	381.649	-500.435	1807.364	0.000	0.000	0.000	224.550	126.233	1843.490	113.492	135.803	1944.569	138.750	-103.104	2101.470	60.661	-356.459	2097.302	45.043	-407.130	2096.468	0.000	0.000	0.000	391.053	-302.018	1940.571	272.523	-608.922	1671.383	259.565	-783.129	2032.126	0.000	0.000	0.000	207.845	-295.875	2064.972	207.845	-720.965	2064.972	207.845	-1121.780	2064.972	0.000	0.000	0.000	
00812	2	0.000	0.000	0.000	186.871	303.872	1735.030	212.890	185.972	1765.424	271.340	-96.490	1934.527	290.170	-299.356	1920.003	227.861	113.626	1808.736	326.935	44.876	1722.119	352.690	-231.858	1655.122	328.788	-479.611	1740.198	324.007	-529.162	1757.213	0.000	0.000	0.000	227.861	113.626	1808.736	141.425	128.578	1927.869	142.516	-113.089	2080.609	94.810	-371.663	2073.213	75.567	-475.964	2070.230	0.000	0.000	0.000	390.669	-291.499	1866.725	254.058	-535.193	1546.644	254.058	-935.444	1546.644	0.000	0.000	0.000	216.190	-285.687	2021.898	216.190	-710.542	2021.898	216.190	-1110.793	2021.898	0.000	0.000	0.000	
00813	2	0.000	0.000	0.000	187.010	301.186	1726.335	213.159	182.169	1752.029	273.683	-105.142	1914.601	291.126	-307.435	1887.884	228.596	108.887	1793.495	303.888	28.116	1693.376	319.336	-252.516	1643.440	305.249	-505.668	1710.403	299.576	-607.619	1737.371	0.000	0.000	0.000	228.596	108.887	1793.495	157.482	122.380	1921.527	154.654	-138.893	2036.483	101.451	-395.053	2018.590	79.932	-498.658	2011.354	0.000	0.000	0.000	393.112	-251.124	1832.897	230.786	-587.925	1631.479	230.786	-987.889	1631.479	0.000	0.000	0.000	218.518	-263.305	2000.134	218.518	-687.986	2000.134	218.518	-1087.951	2000.134	0.000	0.000	0.000	
00814	2	0.000	0.000	0.000	186.053	303.095	1723.380	213.254	182.586	1739.098	274.972	-110.862	1891.912	288.676	-311.461	1851.017	228.943	107.987	1777.946	296.725	22.050	1682.391	270.345	-258.418	1638.814	260.913	-517.888	1670.304	257.103	-622.698	1683.024	0.000	0.000	0.000	228.943	107.987	1777.946	179.196	125.190	1916.583	176.852	-149.448	1992.909	85.663	-392.414	1960.399	48.701	-490.895	1947.221	0.000	0.000	0.000	390.478	-237.605	1805.290	181.436	-567.700	1639.446	181.436	-967.358	1639.446	0.000	0.000	0.000	218.447	-247.627	1973.772	218.447	-672.086	1973.772	218.447	-1071.744	1973.772	0.000	0.000	0.000	
00815	2	0.000	0.000	0.000	185.375	302.451	1731.142	213.318	181.341	1724.854	271.616	-128.151	1846.665	257.901	-324.983	1788.879	228.068	103.038	1755.673	287.404	15.714	1661.957	237.889	-263.368	1640.170	237.889	-527.087	1640.170	237.889	-632.714	1640.170	0.000	0.000	0.000	228.068	103.038	1755.673	184.251	120.749	1904.745	237.290	-158.271	1892.576	93.081	-377.959	1870.480	35.193	-466.144	1861.611	0.000	0.000	0.000	374.825	-258.140	1774.282	117.832	-505.306	1545.150	117.832	-904.238	1545.150	0.000	0.000	0.000	217.204	-247.261	1932.481	217.204	-671.098	1932.481	217.204	-1070.031	1932.481	0.000	0.000	0.000	
00816	2	0.000	0.000	0.000	185.473	300.798	1738.923	213.329	180.536	1723.853	259.510	-143.972	1805.983	234.473	-329.717	1721.348	224.993	98.572	1744.598	280.849	36.874	1614.046	249.382	-240.784	1664.017	249.382	-503.291	1664.017	249.382	-608.861	1664.017	0.000	0.000	0.000	224.993	98.572	1744.598	202.441	92.193	1895.121	202.441	-191.676	1895.121	202.441	-454.182	1895.121	202.441	-559.938	1895.121	0.000	0.000	0.000	362.846	-260.719	1737.259	21.666	-146.498	1514.022	21.666	-544.989	1514.022	0.000	0.000	0.000	150.632	-263.267	1835.683	150.632	-686.687	1835.683	150.632	-1085.178	1835.683	0.000	0.000	0.000	
00817	2	0.000	0.000	0.000	186.620	297.604	1752.153	213.357	178.853	1728.027	236.181	-151.654	1794.339	223.599	-348.309	1736.085	219.108	95.575	1744.735	276.947	31.726	1623.193	189.429	-237.014	1636.780	189.429	-497.479	1636.780	189.429	-602.848	1636.780	0.000	0.000	0.000	219.108	95.575	1744.735	191.297	78.902	1889.901	191.297	-204.056	1889.901	191.297	-464.521	1889.901	191.297	-570.009	1889.901	0.000	0.000	0.000	333.358	-306.901	1807.894	90.614	-167.165	1491.797	137.928	-506.532	1693.088	0.000	0.000	0.000	208.394	-299.169	1878.771	208.394	-721.506	1878.771	208.394	-1118.906	1878.771	0.000	0.000	0.000	
00818	2	0.000	0.000	0.000	191.127	296.900	1760.190	213.384	178.016	1733.267	232.482	-153.744	1792.876	223.315	-355.284	1754.927	218.192	94.495	1748.274	281.161	28.221	1640.098	166.204	-229.732	1636.114	166.204	-489.292	1636.114	166.204	-594.516	1636.114	0.000	0.000	0.000	218.192	94.495	1748.274	192.833	89.652	1899.045	192.833	-192.785	1899.045	192.833	-452.344	1899.045	192.833	-557.664	1899.045	0.000	0.000	0.000	339.150	-269.065	1830.291	339.150	-690.723	1830.291	339.150	-1087.459	1830.291	0.000	0.000	0.000	154.434	-281.561	1872.356	154.434	-703.219	1872.356	154.434	-1099.955	1872.356	0.000	0.000	0.000	
00819	2	0.000	0.000	0.000	202.213	298.367	1765.754	213.571	177.697	1741.051	230.907	-154.665	1795.405	222.621	-359.397	1788.640	217.932	94.082	1754.725	282.366	39.615	1636.762	169.199	-217.873	1655.219	169.199	-476.565	1655.219	169.199	-581.615	1655.219	0.000	0.000	0.000	217.932	94.082	1754.725	195.844	103.638	1910.983	195.844	-178.226	1910.983	195.844	-436.918	1910.983	195.844	-542.044	1910.983	0.000	0.000	0.000	325.371	-295.803	1860.253	325.371	-716.683	1860.253	325.371	-1112.667	1860.253	0.000	0.000	0.000	101.773	-270.831	1796.052	101.773	-691.711	1796.052	101.773	-1087.695	1796.052	0.000	0.000	0.000	
