03197	2	0.000	0.000	0.000	2.452	533.319	2341.122	10.390	427.330	2410.505	4.889	131.001	2572.116	3.456	-56.619	2613.640	9.012	353.099	2450.989	176.748	324.542	2425.514	234.532	47.890	2471.552	218.241	-208.729	2474.539	214.983	-260.053	2475.136	0.000	0.000	0.000	9.012	353.099	2450.989	-143.971	336.857	2490.837	-230.243	77.539	2576.310	-230.243	-179.614	2576.310	-230.243	-284.403	2576.310	0.000	0.000	0.000	115.194	-150.535	2663.509	96.192	-565.900	2723.741	96.192	-960.536	2723.741	0.000	0.000	0.000	-98.855	-152.112	2682.855	-98.855	-572.252	2682.855	-98.855	-966.888	2682.855	0.000	0.000	0.000	
03198	2	0.000	0.000	0.000	2.449	533.376	2341.612	10.236	427.316	2410.506	4.140	133.926	2579.866	2.826	-54.946	2615.392	8.715	354.090	2452.776	176.586	324.855	2425.466	234.027	50.312	2472.063	219.033	-206.009	2465.434	216.035	-257.273	2464.108	0.000	0.000	0.000	8.715	354.090	2452.776	-144.661	338.449	2491.152	-219.498	79.954	2582.936	-219.498	-176.891	2582.936	-219.498	-281.680	2582.936	0.000	0.000	0.000	116.119	-150.895	2662.804	95.850	-563.843	2736.257	95.850	-958.478	2736.257	0.000	0.000	0.000	-100.567	-153.249	2682.895	-100.567	-573.168	2682.895	-100.567	-967.803	2682.895	0.000	0.000	0.000	
03199	2	0.000	0.000	0.000	2.536	532.353	2342.586	10.139	427.308	2413.235	4.550	132.420	2582.683	5.895	-57.029	2614.816	8.750	353.996	2455.362	175.782	324.862	2431.502	234.023	50.714	2472.847	220.347	-205.483	2469.875	217.612	-256.723	2469.280	0.000	0.000	0.000	8.750	353.996	2455.362	-145.674	338.873	2491.770	-218.210	88.232	2602.117	-218.210	-168.347	2602.117	-218.210	-273.137	2602.117	0.000	0.000	0.000	120.678	-152.291	2659.118	95.993	-566.311	2723.556	102.082	-897.695	2937.761	0.000	0.000	0.000	-98.385	-153.220	2680.529	-98.385	-572.951	2680.529	-98.385	-967.585	2680.529	0.000	0.000	0.000	
03200	2	0.000	0.000	0.000	2.587	531.722	2343.166	10.120	427.304	2415.585	4.781	131.595	2583.201	6.363	-58.041	2614.821	8.792	353.745	2457.280	175.449	325.047	2437.019	234.470	50.420	2474.057	221.308	-205.983	2478.363	218.675	-257.264	2479.224	0.000	0.000	0.000	8.792	353.745	2457.280	-146.345	338.408	2492.173	-221.928	88.084	2601.260	-221.928	-168.693	2601.260	-221.928	-273.484	2601.260	0.000	0.000	0.000	118.113	-151.295	2670.214	98.557	-565.214	2736.774	103.652	-910.214	2928.308	0.000	0.000	0.000	-98.271	-153.364	2680.956	-98.271	-573.056	2680.956	-98.271	-967.691	2680.956	0.000	0.000	0.000	
03201	2	0.000	0.000	0.000	2.588	531.702	2343.311	10.100	427.303	2416.643	5.079	131.299	2583.266	6.752	-58.487	2614.774	8.850	353.619	2458.120	175.802	325.181	2434.722	234.757	51.184	2476.574	220.569	-205.026	2482.958	217.731	-256.268	2484.235	0.000	0.000	0.000	8.850	353.619	2458.120	-146.792	338.669	2492.417	-221.546	87.612	2600.510	-221.546	-169.070	2600.510	-221.546	-273.861	2600.510	0.000	0.000	0.000	120.976	-152.921	2662.772	98.815	-566.525	2730.274	111.096	-923.258	2898.581	0.000	0.000	0.000	-97.840	-153.349	2681.494	-97.840	-573.010	2681.494	-97.840	-967.645	2681.494	0.000	0.000	0.000	
03202	2	0.000	0.000	0.000	2.590	532.301	2343.678	10.059	427.302	2418.136	5.139	131.000	2583.574	5.191	-59.188	2614.868	8.833	353.473	2459.358	175.523	325.247	2437.210	234.410	52.602	2483.233	220.279	-203.544	2481.056	217.453	-254.774	2480.621	0.000	0.000	0.000	8.833	353.473	2459.358	-146.815	338.348	2493.202	-220.227	85.988	2597.348	-220.227	-170.557	2597.348	-220.227	-275.349	2597.348	0.000	0.000	0.000	115.893	-152.322	2675.533	97.814	-569.350	2718.414	99.578	-891.245	2946.708	0.000	0.000	0.000	-99.307	-154.513	2684.698	-99.307	-574.129	2684.698	-99.307	-968.766	2684.698	0.000	0.000	0.000	
03203	2	0.000	0.000	0.000	2.577	532.843	2343.743	10.041	427.302	2418.361	5.165	130.907	2583.649	4.982	-59.494	2614.914	8.826	353.452	2459.545	175.458	325.278	2437.297	234.097	53.704	2487.873	220.506	-202.302	2479.684	217.788	-253.504	2478.046	0.000	0.000	0.000	8.826	353.452	2459.545	-146.858	338.358	2493.207	-219.948	86.293	2597.465	-219.948	-170.204	2597.465	-219.948	-274.996	2597.465	0.000	0.000	0.000	119.283	-153.958	2666.847	96.682	-569.542	2720.176	102.018	-906.225	2925.979	0.000	0.000	0.000	-99.842	-154.824	2685.018	-99.842	-574.425	2685.018	-99.842	-969.062	2685.018	0.000	0.000	0.000	
03204	2	0.000	0.000	0.000	2.517	534.106	2344.433	9.999	427.302	2418.790	5.175	130.641	2583.899	4.545	-60.242	2615.220	8.797	353.416	2459.912	175.335	325.374	2437.513	233.924	55.825	2495.202	220.267	-199.674	2478.196	217.536	-250.774	2474.794	0.000	0.000	0.000	8.797	353.416	2459.912	-146.929	338.422	2493.288	-218.718	85.257	2594.140	-218.718	-171.171	2594.140	-218.718	-275.964	2594.140	0.000	0.000	0.000	119.630	-154.350	2667.205	98.267	-570.072	2719.804	99.971	-897.937	2939.443	0.000	0.000	0.000	-100.812	-155.457	2685.979	-100.812	-575.037	2685.979	-100.812	-969.676	2685.979	0.000	0.000	0.000	
03205	2	0.000	0.000	0.000	2.494	534.951	2345.192	9.987	427.302	2418.891	5.178	130.547	2583.984	4.354	-60.598	2615.356	8.790	353.409	2460.000	175.277	325.437	2437.627	233.877	55.736	2493.540	220.434	-199.883	2478.683	217.745	-251.007	2475.712	0.000	0.000	0.000	8.790	353.409	2460.000	-146.928	338.471	2493.287	-217.545	84.421	2592.134	-217.545	-171.983	2592.134	-217.545	-276.775	2592.134	0.000	0.000	0.000	120.048	-154.662	2666.495	90.859	-571.289	2706.641	116.081	-792.310	3032.607	0.000	0.000	0.000	-101.347	-155.726	2686.216	-101.347	-575.298	2686.216	-101.347	-969.938	2686.216	0.000	0.000	0.000	
03206	2	0.000	0.000	0.000	2.363	536.860	2348.605	9.982	427.301	2418.988	5.188	130.066	2583.729	4.026	-61.088	2615.476	8.789	353.343	2459.979	175.202	325.448	2437.797	233.728	55.966	2493.994	220.768	-199.627	2478.593	218.176	-250.745	2475.513	0.000	0.000	0.000	8.789	353.343	2459.979	-146.898	338.447	2493.278	-217.577	85.461	2594.305	-217.577	-170.923	2594.305	-217.577	-275.716	2594.305	0.000	0.000	0.000	120.255	-154.939	2665.881	94.229	-570.372	2718.556	105.884	-846.512	3000.252	0.000	0.000	0.000	-101.953	-156.051	2686.541	-101.953	-575.618	2686.541	-101.953	-970.259	2686.541	0.000	0.000	0.000	
03207	2	0.000	0.000	0.000	2.050	541.366	2361.614	9.979	427.301	2419.177	5.197	129.025	2583.614	3.951	-61.727	2616.048	8.792	353.249	2460.001	175.138	325.598	2438.318	233.608	56.208	2493.799	221.262	-199.089	2474.062	218.793	-250.148	2470.114	0.000	0.000	0.000	8.792	353.249	2460.001	-146.865	338.431	2493.270	-218.112	85.633	2593.690	-218.112	-170.724	2593.690	-218.112	-275.517	2593.690	0.000	0.000	0.000	121.156	-155.309	2664.190	93.374	-570.236	2719.814	108.958	-936.328	2866.365	0.000	0.000	0.000	-102.405	-156.280	2686.939	-102.405	-575.840	2686.939	-102.405	-970.483	2686.939	0.000	0.000	0.000	
03208	2	0.000	0.000	0.000	2.089	540.830	2363.577	9.978	427.301	2419.274	5.211	128.686	2584.348	3.950	-61.938	2616.649	8.797	353.296	2460.184	175.107	325.665	2438.608	233.616	56.253	2493.501	221.211	-199.158	2475.464	218.730	-250.240	2471.856	0.000	0.000	0.000	8.797	353.296	2460.184	-146.862	338.436	2493.272	-218.442	85.763	2593.530	-218.442	-170.584	2593.530	-218.442	-275.378	2593.530	0.000	0.000	0.000	121.784	-155.688	2664.472	92.699	-571.967	2707.999	111.380	-855.790	2981.567	0.000	0.000	0.000	-103.027	-156.855	2687.395	-103.027	-576.412	2687.395	-103.027	-971.056	2687.395	0.000	0.000	0.000	
03209	2	0.000	0.000	0.000	2.204	539.148	2364.792	9.977	427.300	2419.556	5.229	127.626	2585.889	3.971	-62.905	2617.928	8.806	353.366	2460.593	175.057	325.799	2439.276	233.638	56.285	2492.947	221.459	-198.896	2471.934	219.023	-249.932	2467.732	0.000	0.000	0.000	8.806	353.366	2460.593	-146.888	338.422	2493.293	-218.688	86.367	2594.600	-218.688	-169.967	2594.600	-218.688	-274.761	2594.600	0.000	0.000	0.000	122.774	-156.233	2664.592	93.013	-571.707	2714.807	93.013	-966.354	2714.807	0.000	0.000	0.000	-103.749	-157.853	2688.203	-103.749	-577.407	2688.203	-103.749	-972.054	2688.203	0.000	0.000	0.000	
03210	2	0.000	0.000	0.000	2.251	538.465	2364.956	9.977	427.300	2419.622	5.230	127.200	2586.546	3.983	-63.319	2618.568	8.808	353.402	2460.726	175.034	325.861	2439.550	233.701	56.305	2492.679	221.362	-198.452	2467.156	218.894	-249.404	2462.051	0.000	0.000	0.000	8.808	353.402	2460.726	-146.882	338.426	2493.293	-218.543	86.796	2595.628	-218.543	-169.534	2595.628	-218.543	-274.328	2595.628	0.000	0.000	0.000	123.151	-155.954	2664.357	93.560	-569.625	2727.812	93.560	-964.272	2727.812	0.000	0.000	0.000	-103.934	-157.839	2688.414	-103.934	-577.393	2688.414	-103.934	-972.040	2688.414	0.000	0.000	0.000	
03211	2	0.000	0.000	0.000	2.289	537.919	2365.061	9.977	427.300	2419.691	5.232	126.860	2587.157	3.995	-63.615	2619.469	8.811	353.439	2460.862	175.000	325.930	2439.984	233.691	56.248	2492.259	221.338	-198.636	2468.081	218.867	-249.613	2463.246	0.000	0.000	0.000	8.811	353.439	2460.862	-146.879	338.428	2493.299	-218.348	86.788	2595.649	-218.348	-169.538	2595.649	-218.348	-274.333	2595.649	0.000	0.000	0.000	123.287	-156.017	2664.419	94.080	-570.464	2722.773	94.080	-965.113	2722.773	0.000	0.000	0.000	-104.078	-157.922	2688.750	-104.078	-577.475	2688.750	-104.078	-972.124	2688.750	0.000	0.000	0.000	
03212	2	0.000	0.000	0.000	2.338	537.204	2365.261	9.977	427.300	2419.747	5.240	126.596	2588.606	4.013	-63.837	2621.481	8.815	353.568	2461.150	174.988	326.187	2440.922	233.692	56.270	2491.686	221.205	-199.526	2481.059	218.708	-250.685	2478.934	0.000	0.000	0.000	8.815	353.568	2461.150	-146.855	338.441	2493.290	-218.254	86.668	2595.227	-218.254	-169.653	2595.227	-218.254	-274.448	2595.227	0.000	0.000	0.000	123.147	-157.268	2664.462	94.464	-571.375	2725.437	94.464	-966.026	2725.437	0.000	0.000	0.000	-103.554	-158.825	2690.478	-103.554	-578.379	2690.478	-103.554	-973.029	2690.478	0.000	0.000	0.000	
03213	2	0.000	0.000	0.000	2.356	536.941	2365.322	9.977	427.300	2419.806	9.080	126.372	2588.988	8.417	-64.093	2621.067	9.757	353.582	2461.250	175.201	326.750	2441.510	233.495	56.590	2491.347	222.494	-197.594	2460.215	220.294	-248.431	2453.989	0.000	0.000	0.000	9.757	353.582	2461.250	-145.152	339.406	2497.843	-218.291	86.380	2595.297	-218.291	-169.939	2595.297	-218.291	-274.735	2595.297	0.000	0.000	0.000	126.535	-157.775	2664.479	88.255	-575.323	2679.112	88.255	-969.975	2679.112	0.000	0.000	0.000	-101.258	-158.799	2684.381	-101.258	-578.353	2684.381	-101.258	-973.005	2684.381	0.000	0.000	0.000	
03214	2	0.000	0.000	0.000	2.381	536.586	2365.436	9.978	427.300	2419.922	11.413	126.043	2589.372	10.298	-64.024	2620.922	10.329	353.590	2461.382	175.764	328.367	2442.997	233.088	57.746	2491.293	223.146	-196.546	2460.700	221.158	-247.404	2454.581	0.000	0.000	0.000	10.329	353.590	2461.382	-144.687	339.668	2498.690	-217.938	86.361	2595.252	-217.938	-169.957	2595.252	-217.938	-274.753	2595.252	0.000	0.000	0.000	126.528	-157.571	2664.955	95.656	-571.823	2723.857	95.656	-966.477	2723.857	0.000	0.000	0.000	-94.084	-154.666	2693.890	-94.084	-574.222	2693.890	-94.084	-968.876	2693.890	0.000	0.000	0.000	
03215	2	0.000	0.000	0.000	2.374	536.272	2365.359	9.979	427.299	2420.101	11.495	125.900	2589.555	9.892	-63.919	2620.950	10.350	353.582	2461.547	175.745	328.711	2443.735	233.071	57.937	2491.120	222.469	-198.133	2487.306	220.349	-249.347	2486.543	0.000	0.000	0.000	10.350	353.582	2461.547	-144.362	339.852	2499.402	-217.867	86.665	2596.063	-217.867	-169.652	2596.063	-217.867	-274.449	2596.063	0.000	0.000	0.000	125.504	-157.305	2665.410	96.927	-568.934	2741.388	96.927	-963.589	2741.388	0.000	0.000	0.000	-91.509	-153.107	2698.800	-91.509	-572.664	2698.800	-91.509	-967.318	2698.800	0.000	0.000	0.000	
03216	2	0.000	0.000	0.000	2.362	535.565	2365.243	9.979	427.298	2420.493	11.354	125.750	2589.883	8.645	-63.679	2620.982	10.315	353.565	2461.912	176.259	330.713	2445.676	232.633	59.335	2490.605	223.432	-196.786	2494.607	221.591	-248.010	2495.407	0.000	0.000	0.000	10.315	353.565	2461.912	-144.285	339.896	2499.077	-218.232	86.772	2595.531	-218.232	-169.545	2595.531	-218.232	-274.342	2595.531	0.000	0.000	0.000	123.440	-157.021	2665.599	98.266	-570.136	2734.385	98.266	-964.793	2734.385	0.000	0.000	0.000	-92.939	-153.173	2697.713	-92.939	-572.731	2697.713	-92.939	-967.388	2697.713	0.000	0.000	0.000	
03217	2	0.000	0.000	0.000	2.333	535.166	2365.212	9.979	427.298	2420.742	11.255	125.692	2590.008	7.938	-63.725	2621.002	10.291	353.548	2462.131	176.437	331.365	2445.597	232.533	59.942	2490.583	222.977	-193.942	2456.671	221.066	-244.719	2449.888	0.000	0.000	0.000	10.291	353.548	2462.131	-144.199	339.944	2499.022	-218.672	86.991	2595.507	-218.672	-169.327	2595.507	-218.672	-274.124	2595.507	0.000	0.000	0.000	122.033	-157.949	2666.358	97.385	-571.073	2735.287	97.385	-965.731	2735.287	0.000	0.000	0.000	-92.778	-154.892	2698.084	-92.778	-574.452	2698.084	-92.778	-969.110	2698.084	0.000	0.000	0.000	
03218	2	0.000	0.000	0.000	2.312	534.729	2365.225	9.979	427.298	2421.118	11.153	125.606	2590.154	7.248	-63.931	2621.047	10.266	353.518	2462.456	176.585	332.037	2445.767	232.335	60.604	2491.099	222.861	-193.022	2455.283	220.967	-243.748	2448.120	0.000	0.000	0.000	10.266	353.518	2462.456	-144.128	339.985	2499.011	-219.228	87.201	2595.446	-219.228	-169.116	2595.446	-219.228	-273.914	2595.446	0.000	0.000	0.000	120.788	-158.845	2666.788	96.200	-573.070	2728.782	96.200	-967.730	2728.782	0.000	0.000	0.000	-96.218	-156.892	2692.885	-96.218	-576.452	2692.885	-96.218	-971.112	2692.885	0.000	0.000	0.000	
03219	2	0.000	0.000	0.000	2.275	534.120	2365.352	9.979	427.298	2421.709	10.951	125.681	2590.525	5.883	-64.171	2621.664	10.217	353.500	2463.014	177.176	334.252	2445.892	231.830	61.575	2490.916	223.274	-192.500	2458.179	221.563	-243.316	2451.631	0.000	0.000	0.000	10.217	353.500	2463.014	-143.809	340.165	2498.873	-221.376	91.018	2605.062	-221.376	-165.301	2605.062	-221.376	-270.099	2605.062	0.000	0.000	0.000	118.021	-158.290	2671.570	96.686	-573.859	2725.234	96.686	-968.520	2725.234	0.000	0.000	0.000	-94.894	-157.450	2697.596	-94.894	-577.013	2697.596	-94.894	-971.674	2697.596	0.000	0.000	0.000	
03220	2	0.000	0.000	0.000	2.280	533.427	2365.638	9.979	427.296	2423.299	10.813	125.321	2591.248	5.166	-64.595	2623.585	10.183	353.387	2464.405	176.525	333.176	2445.990	231.892	60.300	2491.273	223.293	-194.112	2461.279	221.574	-244.995	2455.280	0.000	0.000	0.000	10.183	353.387	2464.405	-144.113	339.993	2499.094	-221.725	87.780	2598.805	-221.725	-168.539	2598.805	-221.725	-273.338	2598.805	0.000	0.000	0.000	116.497	-158.464	2675.424	98.168	-573.186	2736.275	98.168	-967.849	2736.275	0.000	0.000	0.000	-95.903	-158.121	2699.052	-95.903	-577.684	2699.052	-95.903	-972.346	2699.052	0.000	0.000	0.000	
03221	2	0.000	0.000	0.000	2.166	532.331	2366.080	9.979	427.293	2426.359	10.536	124.624	2592.601	3.871	-65.547	2626.421	10.115	353.166	2467.074	176.007	332.271	2446.322	232.069	57.040	2492.280	223.516	-197.161	2460.519	221.805	-248.001	2454.167	0.000	0.000	0.000	10.115	353.166	2467.074	-144.779	339.616	2499.542	-221.058	88.726	2610.194	-221.058	-167.594	2610.194	-221.058	-272.393	2610.194	0.000	0.000	0.000	116.565	-158.370	2674.284	97.012	-574.776	2721.813	97.012	-969.440	2721.813	0.000	0.000	0.000	-97.900	-158.847	2700.526	-97.900	-578.413	2700.526	-97.900	-973.077	2700.526	0.000	0.000	0.000	
03222	2	0.000	0.000	0.000	2.180	531.740	2366.366	9.979	427.293	2428.426	9.444	124.613	2594.474	3.178	-65.747	2629.116	9.848	353.145	2469.103	175.915	333.168	2450.717	231.130	55.710	2492.014	224.034	-198.532	2460.218	222.614	-249.380	2453.859	0.000	0.000	0.000	9.848	353.145	2469.103	-145.239	340.375	2500.841	-221.463	88.168	2611.829	-221.463	-168.153	2611.829	-221.463	-272.953	2611.829	0.000	0.000	0.000	116.666	-158.315	2674.511	97.271	-572.802	2736.642	97.271	-967.468	2736.642	0.000	0.000	0.000	-99.189	-159.029	2701.729	-99.189	-578.596	2701.729	-99.189	-973.262	2701.729	0.000	0.000	0.000	
03223	2	0.000	0.000	0.000	2.193	531.102	2366.661	9.979	427.293	2430.865	8.282	124.518	2596.567	2.517	-65.966	2632.904	9.563	353.104	2471.466	176.102	334.228	2453.767	230.051	55.210	2491.979	224.496	-199.313	2462.181	223.385	-250.217	2456.221	0.000	0.000	0.000	9.563	353.104	2471.466	-145.441	340.364	2502.071	-222.296	86.688	2611.448	-222.296	-169.634	2611.448	-222.296	-274.433	2611.448	0.000	0.000	0.000	116.928	-158.460	2675.103	98.019	-571.278	2747.634	98.019	-965.945	2747.634	0.000	0.000	0.000	-100.590	-159.819	2703.338	-100.590	-579.387	2703.338	-100.590	-974.054	2703.338	0.000	0.000	0.000	
03224	2	0.000	0.000	0.000	0.378	529.197	2366.640	9.979	427.292	2436.985	6.311	124.677	2602.828	1.495	-66.228	2642.203	9.080	353.130	2477.628	176.040	333.945	2453.771	228.915	53.769	2494.140	225.901	-201.401	2470.050	225.298	-252.435	2465.232	0.000	0.000	0.000	9.080	353.130	2477.628	-146.403	340.533	2504.730	-224.994	85.053	2611.863	-224.994	-171.269	2611.863	-224.994	-276.070	2611.863	0.000	0.000	0.000	117.445	-158.720	2677.249	97.751	-573.433	2737.787	97.751	-968.102	2737.787	0.000	0.000	0.000	-102.929	-161.035	2708.222	-102.929	-580.605	2708.222	-102.929	-975.274	2708.222	0.000	0.000	0.000	
03225	2	0.000	0.000	0.000	-0.602	519.242	2357.397	9.979	427.291	2442.474	5.464	125.920	2611.622	1.172	-66.191	2649.254	8.874	353.546	2483.865	175.944	334.218	2454.813	228.356	54.029	2500.558	225.194	-202.119	2491.607	224.562	-253.348	2489.817	0.000	0.000	0.000	8.874	353.546	2483.865	-148.046	340.785	2504.958	-227.968	84.662	2611.535	-227.968	-171.662	2611.535	-227.968	-276.463	2611.535	0.000	0.000	0.000	117.150	-158.536	2682.930	97.592	-573.873	2739.088	97.592	-968.544	2739.088	0.000	0.000	0.000	-100.167	-159.218	2720.800	-100.167	-578.791	2720.800	-100.167	-973.462	2720.800	0.000	0.000	0.000	
03226	2	0.000	0.000	0.000	-1.177	512.687	2351.684	9.978	427.291	2442.624	5.341	126.501	2613.439	1.173	-65.773	2652.038	8.844	353.755	2484.385	175.747	334.333	2454.678	227.962	54.938	2503.866	225.534	-201.025	2490.479	225.049	-252.218	2487.802	0.000	0.000	0.000	8.844	353.755	2484.385	-146.179	342.416	2511.013	-229.932	85.158	2611.071	-229.932	-171.167	2611.071	-229.932	-275.968	2611.071	0.000	0.000	0.000	115.933	-157.957	2691.911	98.239	-574.404	2739.878	98.239	-969.076	2739.878	0.000	0.000	0.000	-99.079	-158.593	2726.019	-99.079	-578.167	2726.019	-99.079	-972.839	2726.019	0.000	0.000	0.000	
03227	2	0.000	0.000	0.000	-8.235	491.532	2337.089	8.707	427.289	2442.465	5.092	128.371	2618.122	1.171	-64.123	2658.541	7.825	354.377	2485.311	174.509	334.972	2454.618	226.691	60.363	2522.452	226.590	-193.843	2489.558	226.569	-244.685	2482.979	0.000	0.000	0.000	7.825	354.377	2485.311	-146.080	343.781	2514.770	-231.067	86.402	2611.040	-231.067	-169.924	2611.040	-231.067	-274.726	2611.040	0.000	0.000	0.000	113.913	-156.898	2708.149	97.354	-573.865	2751.830	97.354	-968.540	2751.830	0.000	0.000	0.000	-101.484	-159.464	2729.368	-101.484	-579.040	2729.368	-101.484	-973.714	2729.368	0.000	0.000	0.000	
03228	2	0.000	0.000	0.000	-16.560	475.219	2330.426	7.335	426.919	2442.259	4.897	131.764	2625.732	1.210	-60.143	2671.265	6.742	355.092	2486.907	173.554	335.424	2454.631	226.341	57.780	2506.098	223.611	-197.540	2528.638	223.065	-248.604	2533.146	0.000	0.000	0.000	6.742	355.092	2486.907	-147.346	344.463	2515.931	-229.620	85.998	2610.529	-229.620	-170.329	2610.529	-229.620	-275.132	2610.529	0.000	0.000	0.000	112.896	-156.391	2728.180	97.139	-575.883	2764.165	97.139	-970.560	2764.165	0.000	0.000	0.000	-102.528	-160.091	2743.251	-102.528	-581.418	2743.251	-102.528	-976.095	2743.251	0.000	0.000	0.000	
03229	2	0.000	0.000	0.000	-18.937	468.510	2329.183	6.681	424.524	2442.237	4.814	133.686	2632.040	1.248	-57.463	2682.516	6.227	353.698	2488.458	173.897	334.944	2454.720	226.126	58.280	2515.514	224.005	-194.897	2558.175	223.581	-245.532	2566.708	0.000	0.000	0.000	6.227	353.698	2488.458	-146.872	340.680	2516.623	-228.761	86.246	2623.972	-228.761	-170.509	2623.972	-228.761	-275.312	2623.972	0.000	0.000	0.000	112.418	-156.433	2744.303	97.919	-575.900	2776.855	97.919	-970.578	2776.855	0.000	0.000	0.000	-101.941	-160.060	2758.886	-101.941	-581.038	2758.886	-101.941	-975.716	2758.886	0.000	0.000	0.000	
03230	4	0.000	0.000	0.000	-24.505	451.341	2327.606	5.332	415.280	2442.178	4.642	135.431	2642.945	1.287	-54.343	2704.234	5.162	346.560	2491.479	173.658	328.245	2455.413	230.031	51.166	2538.779	225.994	-204.640	2558.577	225.186	-255.801	2562.536	0.000	0.000	0.000	5.162	346.560	2491.479	-147.011	329.084	2515.976	-225.762	86.483	2663.771	-225.762	-170.120	2663.771	-225.762	-274.923	2663.771	0.000	0.000	0.000	115.716	-159.367	2761.867	98.039	-579.104	2779.469	98.039	-973.784	2779.469	0.000	0.000	0.000	-103.727	-164.120	2780.553	-103.727	-584.598	2780.553	-103.727	-979.277	2780.553	0.000	0.000	0.000	
03231	4	0.000	0.000	0.000	-27.291	439.944	2327.495	4.055	405.685	2442.133	4.472	132.352	2648.041	1.258	-57.397	2710.782	4.158	338.132	2493.022	173.289	320.416	2455.932	231.550	51.582	2553.865	232.441	-204.847	2561.659	232.619	-256.132	2563.219	0.000	0.000	0.000	4.158	338.132	2493.022	-147.209	317.220	2515.580	-224.093	81.348	2669.561	-252.369	-172.492	2693.709	-263.920	-276.189	2703.573	0.000	0.000	0.000	116.825	-160.524	2765.890	93.864	-579.566	2742.912	93.864	-974.247	2742.912	0.000	0.000	0.000	-105.479	-167.608	2781.848	-105.479	-587.907	2781.848	-105.479	-982.588	2781.848	0.000	0.000	0.000	
03232	4	0.000	0.000	0.000	-30.525	429.873	2327.594	2.851	397.312	2442.085	4.278	129.567	2652.655	1.302	-59.440	2717.195	3.205	330.832	2494.368	172.335	312.307	2456.672	232.469	47.101	2569.238	239.025	-209.215	2576.598	240.336	-260.478	2578.070	0.000	0.000	0.000	3.205	330.832	2494.368	-147.567	307.563	2516.134	-226.948	62.404	2658.319	-246.940	-183.767	2727.569	-255.108	-284.348	2755.863	0.000	0.000	0.000	117.575	-163.873	2776.445	98.562	-583.599	2775.855	98.562	-978.281	2775.855	0.000	0.000	0.000	-108.393	-173.691	2784.844	-108.393	-593.848	2784.844	-108.393	-988.530	2784.844	0.000	0.000	0.000	
03233	4	0.000	0.000	0.000	-21.632	403.009	2318.421	1.805	379.139	2437.337	3.986	119.864	2659.653	1.484	-66.412	2730.138	2.345	314.935	2492.389	171.818	295.700	2457.701	239.602	38.842	2578.250	246.417	-220.974	2585.433	247.780	-272.937	2586.869	0.000	0.000	0.000	2.345	314.935	2492.389	-151.515	298.154	2516.176	-234.714	46.383	2637.799	-272.843	-175.031	2768.659	-288.213	-264.281	2821.406	0.000	0.000	0.000	118.573	-182.909	2802.529	97.599	-602.007	2785.869	97.599	-996.692	2785.869	0.000	0.000	0.000	-111.024	-194.906	2805.506	-111.024	-614.859	2805.506	-111.024	-1009.543	2805.506	0.000	0.000	0.000	
03234	4	0.000	0.000	0.000	-19.702	391.311	2311.969	1.302	367.003	2431.218	3.876	115.611	2664.018	1.521	-69.691	2738.974	1.937	304.950	2488.682	172.780	288.479	2458.625	247.178	37.358	2582.052	246.751	-222.326	2594.120	246.666	-274.263	2596.534	0.000	0.000	0.000	1.937	304.950	2488.682	-153.704	294.024	2514.700	-237.626	41.901	2629.689	-266.694	-173.447	2772.385	-278.412	-260.265	2829.912	0.000	0.000	0.000	117.750	-185.376	2821.535	97.470	-603.876	2848.858	97.470	-998.561	2848.858	0.000	0.000	0.000	-107.662	-197.690	2829.649	-107.662	-617.571	2829.649	-107.662	-1012.257	2829.649	0.000	0.000	0.000	
03235	4	0.000	0.000	0.000	-20.857	375.673	2301.070	0.921	352.474	2420.353	3.768	112.794	2665.518	1.553	-70.737	2750.382	1.623	293.351	2480.829	175.432	287.404	2459.517	246.424	43.259	2588.509	250.258	-215.297	2594.693	251.025	-267.009	2595.930	0.000	0.000	0.000	1.623	293.351	2480.829	-160.628	290.343	2499.497	-242.177	50.444	2630.203	-269.707	-162.337	2774.670	-280.862	-248.553	2833.206	0.000	0.000	0.000	123.169	-186.908	2823.294	97.409	-605.784	2832.878	97.409	-1000.472	2832.878	0.000	0.000	0.000	-106.918	-199.393	2848.334	-106.918	-619.170	2848.334	-106.918	-1013.858	2848.334	0.000	0.000	0.000	
03236	4	0.000	0.000	0.000	-22.213	369.756	2295.356	-0.411	347.415	2414.782	3.449	113.048	2663.446	1.479	-69.566	2753.351	0.545	289.409	2476.327	174.656	288.177	2459.332	246.111	40.125	2574.644	249.476	-215.707	2609.338	250.149	-266.873	2616.276	0.000	0.000	0.000	0.545	289.409	2476.327	-165.768	288.612	2487.866	-245.496	54.193	2624.333	-301.281	-177.501	2723.682	-323.925	-271.550	2764.010	0.000	0.000	0.000	123.032	-188.123	2828.076	96.807	-606.936	2837.595	96.807	-1001.625	2837.595	0.000	0.000	0.000	-108.294	-200.780	2851.014	-108.294	-620.521	2851.014	-108.294	-1015.210	2851.014	0.000	0.000	0.000	
03237	4	0.000	0.000	0.000	-23.589	362.082	2290.517	-2.216	342.972	2410.566	2.973	110.677	2659.427	1.341	-70.421	2752.964	-0.927	285.267	2472.387	174.625	287.652	2451.499	245.309	45.622	2577.085	249.783	-205.385	2635.808	250.677	-255.587	2647.553	0.000	0.000	0.000	-0.927	285.267	2472.387	-170.380	285.424	2477.029	-256.065	59.797	2622.279	-312.269	-172.466	2719.067	-335.116	-266.882	2758.411	0.000	0.000	0.000	119.444	-190.048	2840.308	94.803	-609.016	2836.159	94.803	-1003.705	2836.159	0.000	0.000	0.000	-109.311	-202.589	2850.514	-109.311	-622.301	2850.514	-109.311	-1016.991	2850.514	0.000	0.000	0.000	
03238	4	0.000	0.000	0.000	-26.368	340.380	2277.322	-9.352	329.867	2399.098	0.780	100.218	2649.898	0.626	-75.804	2750.438	-6.833	272.775	2461.448	167.911	276.863	2436.849	244.969	42.781	2571.452	250.084	-189.094	2682.834	251.107	-235.468	2705.110	0.000	0.000	0.000	-6.833	272.775	2461.448	-176.750	272.223	2464.761	-254.730	55.274	2625.082	-294.465	-145.315	2781.232	-310.652	-227.025	2844.839	0.000	0.000	0.000	118.145	-186.495	2845.426	88.475	-600.773	2785.285	88.475	-995.465	2785.285	0.000	0.000	0.000	-109.546	-199.302	2852.610	-109.546	-618.974	2852.610	-109.546	-1013.666	2852.610	0.000	0.000	0.000	
03239	4	0.000	0.000	0.000	-26.611	327.457	2269.442	-11.927	320.434	2391.765	-0.096	89.261	2640.894	0.381	-85.615	2744.238	-8.985	262.939	2453.726	161.633	258.288	2436.115	232.765	30.461	2584.048	251.425	-206.260	2694.466	258.918	-301.326	2738.809	0.000	0.000	0.000	-8.985	262.939	2453.726	-124.247	225.285	2511.276	-271.717	22.539	2637.750	-300.844	-164.510	2818.697	-312.501	-239.371	2891.115	0.000	0.000	0.000	121.822	-184.642	2825.773	121.822	-604.300	2825.773	121.822	-998.993	2825.773	0.000	0.000	0.000	-112.596	-195.678	2838.356	-112.596	-615.335	2838.356	-112.596	-1010.028	2838.356	0.000	0.000	0.000	
03240	4	0.000	0.000	0.000	-25.796	303.888	2260.919	-12.577	298.831	2383.496	-4.046	68.336	2631.302	-2.752	-101.425	2743.937	-10.446	241.245	2445.407	158.594	240.961	2442.259	225.203	-2.437	2572.096	244.513	-214.081	2721.670	252.318	-299.622	2782.124	0.000	0.000	0.000	-10.446	241.245	2445.407	-164.947	227.510	2471.805	-273.198	14.474	2624.890	-258.257	-186.198	2789.346	-252.231	-267.127	2855.670	0.000	0.000	0.000	106.325	-183.274	2857.425	106.325	-602.912	2857.425	106.325	-997.607	2857.425	0.000	0.000	0.000	-110.523	-202.056	2850.108	-110.523	-621.694	2850.108	-110.523	-1016.389	2850.108	0.000	0.000	0.000	
03241	4	0.000	0.000	0.000	-26.003	290.366	2260.011	-13.035	286.945	2382.668	-6.518	58.955	2630.539	-5.066	-105.885	2750.624	-11.398	229.698	2444.907	162.602	235.691	2427.920	227.557	-4.750	2563.251	222.280	-213.934	2716.174	220.142	-298.674	2778.123	0.000	0.000	0.000	-11.398	229.698	2444.907	-138.839	200.355	2493.115	-216.047	3.375	2681.750	-243.905	-222.736	2805.318	-255.170	-314.173	2855.288	0.000	0.000	0.000	102.586	-211.452	2878.004	102.586	-631.083	2878.004	102.586	-1025.779	2878.004	0.000	0.000	0.000	-99.580	-234.601	2880.705	-99.580	-654.231	2880.705	-99.580	-1048.928	2880.705	0.000	0.000	0.000	
03242	4	0.000	0.000	0.000	-26.716	277.906	2259.108	-13.888	277.507	2381.824	-10.187	52.853	2630.293	-7.487	-112.006	2750.622	-12.953	220.786	2444.558	164.487	228.386	2423.776	218.631	-11.557	2571.845	212.922	-221.177	2723.188	210.604	-306.251	2784.610	0.000	0.000	0.000	-12.953	220.786	2444.558	-186.077	231.696	2446.962	-258.487	3.127	2604.892	-264.938	-169.668	2797.189	-267.553	-239.698	2875.124	0.000	0.000	0.000	114.466	-215.219	2867.717	114.466	-634.845	2867.717	114.466	-1029.542	2867.717	0.000	0.000	0.000	-122.681	-216.782	2875.343	-122.681	-636.407	2875.343	-122.681	-1031.105	2875.343	0.000	0.000	0.000	
03243	4	0.000	0.000	0.000	-24.064	289.010	2261.556	-15.820	259.919	2381.177	-3.220	33.495	2626.407	-4.574	-131.749	2746.652	-12.629	202.583	2443.275	142.836	185.033	2444.783	225.543	-53.662	2576.368	226.719	-227.978	2766.384	227.198	-298.893	2843.685	0.000	0.000	0.000	-12.629	202.583	2443.275	-167.212	193.409	2467.676	-103.237	-62.779	2574.473	-253.089	-128.111	2773.896	-313.996	-154.665	2854.952	0.000	0.000	0.000	112.056	-261.493	2890.827	112.056	-681.112	2890.827	112.056	-1075.811	2890.827	0.000	0.000	0.000	-111.177	-267.013	2908.739	-111.177	-686.632	2908.739	-111.177	-1081.332	2908.739	0.000	0.000	0.000	
03244	4	0.000	0.000	0.000	-24.865	280.702	2265.468	-15.607	250.714	2384.791	-2.118	22.576	2628.204	-3.961	-144.899	2745.468	-12.190	192.922	2446.453	132.804	162.422	2459.302	224.091	-65.140	2602.668	245.079	-247.468	2789.227	253.491	-320.541	2863.995	0.000	0.000	0.000	-12.190	192.922	2446.453	-163.572	179.521	2476.503	-237.766	-50.145	2626.238	-294.657	-153.099	2860.016	-317.441	-194.330	2953.642	0.000	0.000	0.000	111.060	-280.062	2884.561	111.060	-699.679	2884.561	111.060	-1094.379	2884.561	0.000	0.000	0.000	-115.938	-279.914	2894.385	-115.938	-699.530	2894.385	-115.938	-1094.231	2894.385	0.000	0.000	0.000	
03245	4	0.000	0.000	0.000	-26.541	231.714	2270.883	-15.171	225.865	2393.598	1.624	-9.210	2627.474	4.235	-186.316	2729.850	-10.893	165.981	2453.177	146.408	148.117	2459.162	220.760	-76.564	2610.886	288.264	-250.815	2791.337	315.512	-321.151	2864.176	0.000	0.000	0.000	-10.893	165.981	2453.177	-172.593	161.536	2480.382	-252.037	-79.295	2601.705	-270.014	-171.638	2843.846	-277.266	-208.895	2941.541	0.000	0.000	0.000	114.287	-291.831	2822.685	114.287	-711.446	2822.685	114.287	-1106.148	2822.685	0.000	0.000	0.000	-103.060	-303.642	2813.268	-103.060	-723.256	2813.268	-103.060	-1117.959	2813.268	0.000	0.000	0.000	
03246	4	0.000	0.000	0.000	-26.827	224.709	2275.446	-14.927	215.358	2397.894	1.984	-26.726	2625.997	4.560	-211.367	2714.166	-10.632	153.878	2455.823	154.403	142.589	2449.206	224.808	-73.303	2620.649	299.443	-269.190	2772.915	329.646	-348.462	2834.533	0.000	0.000	0.000	-10.632	153.878	2455.823	-178.603	151.006	2473.192	-214.570	-103.629	2594.957	-273.785	-179.770	2835.421	-297.739	-210.571	2932.697	0.000	0.000	0.000	107.161	-299.214	2793.317	107.161	-718.827	2793.317	107.161	-1113.531	2793.317	0.000	0.000	0.000	-93.998	-305.346	2792.595	-93.998	-724.960	2792.595	-93.998	-1119.664	2792.595	0.000	0.000	0.000	
03247	4	0.000	0.000	0.000	-24.552	213.750	2270.856	-14.727	189.267	2391.382	0.946	-45.938	2628.739	3.837	-231.926	2714.178	-10.764	129.797	2451.396	161.035	137.046	2448.874	223.447	-71.809	2629.652	310.730	-288.255	2739.879	346.182	-376.170	2784.650	0.000	0.000	0.000	-10.764	129.797	2451.396	-183.251	147.787	2473.865	-153.971	-118.557	2565.517	-153.971	-376.660	2565.517	-153.971	-481.470	2565.517	0.000	0.000	0.000	93.478	-304.131	2815.914	93.478	-723.744	2815.914	93.478	-1118.451	2815.914	0.000	0.000	0.000	-76.272	-306.801	2822.663	-76.272	-726.415	2822.663	-76.272	-1121.121	2822.663	0.000	0.000	0.000	
03248	4	0.000	0.000	0.000	-18.348	211.186	2271.174	-14.329	182.195	2391.032	1.935	-50.401	2631.637	3.913	-230.412	2729.113	-10.223	123.477	2451.772	161.527	122.225	2440.459	219.089	-71.144	2638.504	312.982	-292.479	2731.407	351.169	-382.498	2769.192	0.000	0.000	0.000	-10.223	123.477	2451.772	-182.781	124.727	2463.738	-150.072	-140.909	2554.811	-150.072	-398.661	2554.811	-150.072	-503.472	2554.811	0.000	0.000	0.000	100.376	-291.526	2835.263	100.376	-711.140	2835.263	100.376	-1105.847	2835.263	0.000	0.000	0.000	-85.625	-300.873	2838.422	-85.625	-720.487	2838.422	-85.625	-1115.194	2838.422	0.000	0.000	0.000	
03249	4	0.000	0.000	0.000	-9.346	210.542	2272.405	-10.754	180.326	2392.019	3.662	-49.249	2636.203	4.146	-217.352	2753.072	-7.119	122.443	2453.586	159.015	133.557	2467.129	213.885	-73.795	2655.125	288.112	-304.464	2742.155	318.333	-398.378	2777.588	0.000	0.000	0.000	-7.119	122.443	2453.586	-174.600	147.244	2485.347	-157.779	-123.678	2572.908	-157.779	-381.150	2572.908	-157.779	-485.960	2572.908	0.000	0.000	0.000	103.758	-279.636	2865.583	103.758	-699.251	2865.583	103.758	-1093.959	2865.583	0.000	0.000	0.000	-101.397	-289.942	2854.033	-101.397	-709.557	2854.033	-101.397	-1104.265	2854.033	0.000	0.000	0.000	
03250	4	0.000	0.000	0.000	-0.662	213.621	2274.292	-0.828	181.424	2393.396	7.397	-45.845	2640.833	6.284	-209.823	2763.464	1.242	124.225	2455.671	154.007	123.352	2490.232	217.004	-95.666	2659.075	247.856	-325.743	2769.515	260.436	-419.559	2814.548	0.000	0.000	0.000	1.242	124.225	2455.671	-153.658	98.326	2473.778	-156.201	-142.644	2623.353	-156.201	-399.712	2623.353	-156.201	-504.524	2623.353	0.000	0.000	0.000	116.306	-260.677	2862.003	116.306	-680.293	2862.003	116.306	-1075.004	2862.003	0.000	0.000	0.000	-105.216	-260.128	2860.552	-105.216	-679.744	2860.552	-105.216	-1074.455	2860.552	0.000	0.000	0.000	
03251	4	0.000	0.000	0.000	-1.082	217.265	2279.588	0.240	181.607	2397.695	7.838	-45.074	2645.984	6.288	-215.769	2759.091	2.151	124.593	2460.144	157.609	123.012	2492.035	231.789	-110.402	2633.955	231.789	-367.327	2633.955	231.789	-472.147	2633.955	0.000	0.000	0.000	2.151	124.593	2460.144	-159.057	113.251	2481.664	-158.926	-136.619	2614.671	-158.926	-393.545	2614.671	-158.926	-498.356	2614.671	0.000	0.000	0.000	116.430	-265.919	2841.906	116.430	-685.536	2841.906	116.430	-1080.248	2841.906	0.000	0.000	0.000	-96.885	-297.692	2837.642	-96.885	-717.309	2837.642	-96.885	-1112.021	2837.642	0.000	0.000	0.000	
03252	4	0.000	0.000	0.000	-0.982	227.588	2296.744	2.770	183.103	2411.764	2.252	-48.583	2655.935	-3.699	-231.913	2747.002	2.640	124.883	2473.122	165.552	118.634	2492.624	233.240	-105.196	2646.329	233.240	-361.916	2646.329	233.240	-466.734	2646.329	0.000	0.000	0.000	2.640	124.883	2473.122	-164.844	133.932	2493.497	-158.435	-126.619	2595.372	-158.435	-383.339	2595.372	-158.435	-488.151	2595.372	0.000	0.000	0.000	87.561	-263.030	2842.921	87.561	-682.649	2842.921	87.561	-1077.362	2842.921	0.000	0.000	0.000	-99.075	-248.403	2841.196	-99.075	-668.022	2841.196	-99.075	-1062.736	2841.196	0.000	0.000	0.000	
03253	4	0.000	0.000	0.000	3.440	239.682	2321.258	5.767	184.734	2431.703	-3.806	-42.688	2670.465	-6.648	-234.672	2741.715	3.312	126.421	2492.924	172.992	114.229	2494.599	229.935	-96.120	2674.203	229.935	-352.708	2674.203	229.935	-457.525	2674.203	0.000	0.000	0.000	3.312	126.421	2492.924	-163.595	135.404	2507.694	-157.699	-137.366	2580.552	-157.699	-393.955	2580.552	-157.699	-498.768	2580.552	0.000	0.000	0.000	98.600	-259.116	2818.708	98.600	-678.737	2818.708	98.600	-1073.453	2818.708	0.000	0.000	0.000	-81.577	-258.912	2850.733	-81.577	-678.532	2850.733	-81.577	-1073.248	2850.733	0.000	0.000	0.000	
03254	4	0.000	0.000	0.000	9.379	248.344	2332.013	7.294	186.435	2438.718	-4.872	-39.623	2677.652	-6.408	-232.875	2745.439	4.167	128.343	2500.118	174.778	113.706	2496.158	231.122	-103.036	2668.498	231.122	-359.578	2668.498	231.122	-464.394	2668.498	0.000	0.000	0.000	4.167	128.343	2500.118	-161.733	135.827	2512.938	-158.682	-141.119	2569.017	-158.682	-397.661	2569.017	-158.682	-502.474	2569.017	0.000	0.000	0.000	97.888	-255.131	2823.670	97.888	-674.753	2823.670	97.888	-1069.470	2823.670	0.000	0.000	0.000	-95.249	-259.093	2842.242	-95.249	-678.715	2842.242	-95.249	-1073.432	2842.242	0.000	0.000	0.000	
03255	4	0.000	0.000	0.000	21.904	257.382	2357.380	13.736	190.291	2460.604	8.772	-38.935	2693.992	15.954	-236.324	2748.148	12.453	131.028	2520.943	175.823	113.661	2518.903	232.195	-103.468	2689.443	232.195	-359.920	2689.443	232.195	-464.736	2689.443	0.000	0.000	0.000	12.453	131.028	2520.943	-144.643	134.386	2546.242	-168.152	-144.952	2574.958	-168.152	-401.404	2574.958	-168.152	-506.218	2574.958	0.000	0.000	0.000	123.558	-276.655	2815.240	123.558	-696.280	2815.240	123.558	-1091.001	2815.240	0.000	0.000	0.000	-75.191	-283.760	2834.463	-75.191	-703.385	2834.463	-75.191	-1098.105	2834.463	0.000	0.000	0.000	
03256	4	0.000	0.000	0.000	19.346	299.621	2475.780	17.475	193.431	2532.738	-7.143	-41.338	2749.301	-12.698	-241.309	2793.260	10.975	131.441	2589.921	168.888	107.040	2600.156	254.352	-89.399	2786.419	254.352	-345.772	2786.419	254.352	-450.589	2786.419	0.000	0.000	0.000	10.975	131.441	2589.921	-137.636	131.538	2616.667	-172.191	-97.608	2780.633	-172.191	-353.981	2780.633	-172.191	-458.798	2780.633	0.000	0.000	0.000	97.684	-253.495	2841.775	97.684	-673.132	2841.775	97.684	-1067.863	2841.775	0.000	0.000	0.000	-113.337	-259.576	2861.077	-113.337	-679.212	2861.077	-113.337	-1073.944	2861.077	0.000	0.000	0.000	
