02310	1	0.000	0.000	0.000	9.336	148.903	2412.139	40.438	44.452	2397.620	81.461	-213.868	2561.755	77.991	-375.608	2466.797	50.729	-20.355	2438.798	179.201	-32.808	2320.950	-79.033	-27.762	2304.693	-79.033	-262.553	2304.693	-79.033	-358.550	2304.693	0.000	0.000	0.000	50.729	-20.355	2438.798	-19.288	-54.663	2530.705	-19.288	-313.458	2530.705	-19.288	-548.249	2530.705	-19.288	-644.246	2530.705	0.000	0.000	0.000	177.400	-384.967	2449.916	177.400	-769.292	2449.916	177.400	-1130.809	2449.916	0.000	0.000	0.000	26.046	-441.548	2489.685	26.046	-825.874	2489.685	26.046	-1187.391	2489.685	0.000	0.000	0.000	
02311	1	0.000	0.000	0.000	0.050	151.386	2425.674	33.380	56.468	2388.168	13.947	-202.195	2528.954	8.550	-334.499	2408.074	28.505	-8.425	2423.488	174.512	-7.401	2315.873	-54.144	81.921	2297.723	78.940	-45.450	2428.385	105.557	-70.924	2454.517	0.000	0.000	0.000	28.505	-8.425	2423.488	-50.059	-1.476	2525.660	-50.059	-247.628	2525.660	-50.059	-473.476	2525.660	-50.059	-565.227	2525.660	0.000	0.000	0.000	116.189	-347.874	2431.741	116.189	-715.204	2431.741	116.189	-1060.733	2431.741	0.000	0.000	0.000	32.544	-392.325	2504.010	32.544	-759.655	2504.010	32.544	-1105.184	2504.010	0.000	0.000	0.000	
02312	1	0.000	0.000	0.000	5.335	169.450	2438.229	11.517	70.945	2396.209	-44.898	-196.608	2504.907	-7.520	-301.049	2364.737	-2.636	3.822	2423.479	162.824	20.940	2324.207	-65.239	-62.657	2358.368	107.524	-13.354	2493.245	142.077	-3.494	2520.221	0.000	0.000	0.000	-2.636	3.822	2423.479	-120.170	126.884	2496.749	-120.170	-118.409	2496.749	-120.170	-343.064	2496.749	-120.170	-434.540	2496.749	0.000	0.000	0.000	92.775	-293.127	2415.723	92.775	-659.354	2415.723	92.775	-1003.844	2415.723	0.000	0.000	0.000	21.313	-330.184	2488.319	21.313	-696.410	2488.319	21.313	-1040.901	2488.319	0.000	0.000	0.000	
02313	1	0.000	0.000	0.000	14.318	178.350	2435.123	10.476	77.124	2399.573	21.706	-188.786	2525.084	43.906	-337.026	2427.686	13.294	10.413	2431.061	178.314	30.359	2384.152	-47.995	-17.067	2302.386	95.004	-41.302	2473.715	123.604	-46.149	2507.981	0.000	0.000	0.000	13.294	10.413	2431.061	-125.885	36.246	2501.203	-125.885	-209.011	2501.203	-125.885	-433.488	2501.203	-125.885	-524.967	2501.203	0.000	0.000	0.000	146.602	-315.100	2452.517	146.602	-681.336	2452.517	146.602	-1025.837	2452.517	0.000	0.000	0.000	62.932	-319.362	2562.006	62.932	-685.599	2562.006	62.932	-1030.100	2562.006	0.000	0.000	0.000	
02316	1	0.000	0.000	0.000	-12.175	151.038	2422.200	-30.850	91.900	2396.897	-232.212	-311.423	2551.000	0.000	0.000	0.000	-74.550	37.611	2412.665	-142.546	-1.004	2539.703	-142.546	-310.469	2539.703	-142.546	-592.983	2539.703	-142.546	-708.492	2539.703	0.000	0.000	0.000	-74.550	37.611	2412.665	-176.743	14.601	2277.562	-176.743	-294.864	2277.562	-176.743	-577.378	2277.562	-176.743	-692.887	2277.562	0.000	0.000	0.000	0.000	0.000	0.000	0.000	-462.443	0.000	0.000	-897.440	0.000	0.000	0.000	0.000	0.000	0.000	0.000	0.000	-462.443	0.000	0.000	-897.440	0.000	0.000	0.000	0.000	
02319	1	0.000	0.000	0.000	-9.584	151.351	2416.335	-48.426	80.542	2377.458	-231.892	-310.784	2489.000	0.000	0.000	0.000	-87.116	21.384	2388.929	-147.111	-14.213	2523.106	-147.111	-324.914	2523.106	-147.111	-608.556	2523.106	-147.111	-724.526	2523.106	0.000	0.000	0.000	-87.116	21.384	2388.929	-180.812	-2.502	2252.927	-180.812	-313.203	2252.927	-180.812	-596.845	2252.927	-180.812	-712.816	2252.927	0.000	0.000	0.000	0.000	0.000	0.000	0.000	-464.289	0.000	0.000	-901.023	0.000	0.000	0.000	0.000	0.000	0.000	0.000	0.000	-464.289	0.000	0.000	-901.023	0.000	0.000	0.000	0.000	
02320	1	0.000	0.000	0.000	-7.165	151.339	2410.197	-52.843	79.107	2373.196	-231.892	-310.784	2489.000	0.000	0.000	0.000	-94.532	22.947	2390.689	-141.896	-20.010	2526.495	-141.896	-331.258	2526.495	-141.896	-615.401	2526.495	-141.896	-731.576	2526.495	0.000	0.000	0.000	-94.532	22.947	2390.689	-184.944	-10.901	2247.884	-184.944	-322.150	2247.884	-184.944	-606.292	2247.884	-184.944	-722.467	2247.884	0.000	0.000	0.000	0.000	0.000	0.000	0.000	-465.108	0.000	0.000	-902.612	0.000	0.000	0.000	0.000	0.000	0.000	0.000	0.000	-465.108	0.000	0.000	-902.612	0.000	0.000	0.000	0.000	
02323	1	0.000	0.000	0.000	-10.267	134.933	2364.780	-51.952	68.381	2335.782	-231.552	-304.327	2423.000	0.000	0.000	0.000	-89.239	14.484	2357.041	-148.218	-20.498	2512.156	-148.218	-322.046	2512.156	-148.218	-597.332	2512.156	-148.218	-709.886	2512.156	0.000	0.000	0.000	-89.239	14.484	2357.041	-189.419	-18.735	2188.175	-189.419	-320.283	2188.175	-189.419	-595.569	2188.175	-189.419	-708.123	2188.175	0.000	0.000	0.000	0.000	0.000	0.000	0.000	-450.611	0.000	0.000	-874.479	0.000	0.000	0.000	0.000	0.000	0.000	0.000	0.000	-450.611	0.000	0.000	-874.479	0.000	0.000	0.000	0.000	
02324	1	0.000	0.000	0.000	4.003	119.994	2351.863	-45.896	57.130	2328.909	-231.552	-304.327	2423.000	0.000	0.000	0.000	-79.627	6.794	2359.430	-135.236	-28.720	2513.178	-135.236	-343.739	2513.178	-135.236	-631.323	2513.178	-135.236	-748.905	2513.178	0.000	0.000	0.000	-79.627	6.794	2359.430	-183.634	-45.021	2187.839	-183.634	-360.040	2187.839	-183.634	-647.623	2187.839	-183.634	-765.205	2187.839	0.000	0.000	0.000	0.000	0.000	0.000	0.000	-470.741	0.000	0.000	-913.545	0.000	0.000	0.000	0.000	0.000	0.000	0.000	0.000	-470.741	0.000	0.000	-913.545	0.000	0.000	0.000	0.000	
02325	1	0.000	0.000	0.000	4.337	135.347	2336.956	-47.730	65.318	2323.101	-231.552	-304.327	2423.000	0.000	0.000	0.000	-83.415	11.507	2354.307	-151.064	-26.654	2503.295	-151.064	-348.398	2503.295	-151.064	-642.120	2503.295	-151.064	-762.212	2503.295	0.000	0.000	0.000	-83.415	11.507	2354.307	-195.480	-15.141	2170.448	-195.480	-336.884	2170.448	-195.480	-630.606	2170.448	-195.480	-750.698	2170.448	0.000	0.000	0.000	0.000	0.000	0.000	0.000	-480.790	0.000	0.000	-933.046	0.000	0.000	0.000	0.000	0.000	0.000	0.000	0.000	-480.790	0.000	0.000	-933.046	0.000	0.000	0.000	0.000	
02326	1	0.000	0.000	0.000	3.460	152.191	2328.438	-47.821	73.634	2315.215	-231.552	-304.327	2423.000	0.000	0.000	0.000	-85.123	20.800	2343.056	-149.281	-20.626	2498.544	-149.281	-345.596	2498.544	-149.281	-642.265	2498.544	-149.281	-763.562	2498.544	0.000	0.000	0.000	-85.123	20.800	2343.056	-196.822	-13.201	2163.402	-196.822	-338.171	2163.402	-196.822	-634.840	2163.402	-196.822	-756.137	2163.402	0.000	0.000	0.000	0.000	0.000	0.000	0.000	-485.613	0.000	0.000	-942.405	0.000	0.000	0.000	0.000	0.000	0.000	0.000	0.000	-485.613	0.000	0.000	-942.405	0.000	0.000	0.000	0.000	
02327	1	0.000	0.000	0.000	3.059	159.162	2320.407	-44.731	78.451	2305.315	-230.337	-317.101	2438.176	0.000	0.000	0.000	-85.693	23.096	2335.645	-142.587	-16.098	2494.335	-142.587	-346.542	2494.335	-142.587	-648.208	2494.335	-142.587	-771.548	2494.335	0.000	0.000	0.000	-85.693	23.096	2335.645	-193.529	-13.893	2151.771	-193.529	-344.337	2151.771	-193.529	-646.003	2151.771	-193.529	-769.343	2151.771	0.000	0.000	0.000	0.000	0.000	0.000	0.000	-493.793	0.000	0.000	-958.279	0.000	0.000	0.000	0.000	0.000	0.000	0.000	0.000	-493.793	0.000	0.000	-958.279	0.000	0.000	0.000	0.000	
02328	1	0.000	0.000	0.000	6.044	161.064	2317.153	-37.484	87.012	2290.571	-158.566	-218.691	2361.712	0.000	0.000	0.000	-80.058	28.721	2321.543	-137.340	-20.738	2477.461	-137.340	-359.065	2477.461	-137.340	-667.927	2477.461	-137.340	-794.209	2477.461	0.000	0.000	0.000	-80.058	28.721	2321.543	-188.182	-27.281	2146.570	-188.182	-365.608	2146.570	-188.182	-674.470	2146.570	-188.182	-800.752	2146.570	0.000	0.000	0.000	0.000	0.000	0.000	0.000	-505.572	0.000	0.000	-981.138	0.000	0.000	0.000	0.000	0.000	0.000	0.000	0.000	-505.572	0.000	0.000	-981.138	0.000	0.000	0.000	0.000	
02329	1	0.000	0.000	0.000	23.105	137.066	2318.088	-24.418	76.800	2287.007	-43.166	-101.207	2273.621	0.000	0.000	0.000	-49.925	11.488	2315.931	-106.103	-49.747	2473.192	-106.103	-390.877	2473.192	-106.103	-702.297	2473.192	-106.103	-829.625	2473.192	0.000	0.000	0.000	-49.925	11.488	2315.931	-153.634	-62.283	2141.027	-153.634	-403.412	2141.027	-153.634	-714.833	2141.027	-153.634	-842.161	2141.027	0.000	0.000	0.000	0.000	0.000	0.000	0.000	-509.760	0.000	0.000	-989.266	0.000	0.000	0.000	0.000	0.000	0.000	0.000	0.000	-509.760	0.000	0.000	-989.266	0.000	0.000	0.000	0.000	
02330	1	0.000	0.000	0.000	33.715	117.599	2315.336	-17.409	67.988	2284.479	-43.166	-101.207	2273.621	0.000	0.000	0.000	-37.451	1.561	2314.701	-114.321	-37.137	2479.080	-114.321	-380.508	2479.080	-114.321	-693.976	2479.080	-114.321	-822.141	2479.080	0.000	0.000	0.000	-37.451	1.561	2314.701	-170.495	-48.162	2138.238	-170.495	-391.533	2138.238	-170.495	-705.001	2138.238	-170.495	-833.166	2138.238	0.000	0.000	0.000	0.000	0.000	0.000	0.000	-513.110	0.000	0.000	-995.768	0.000	0.000	0.000	0.000	0.000	0.000	0.000	0.000	-513.110	0.000	0.000	-995.768	0.000	0.000	0.000	0.000	
02333	1	0.000	0.000	0.000	9.758	172.965	2340.131	-37.733	96.107	2301.181	0.000	0.000	0.000	0.000	0.000	0.000	-68.389	42.425	2318.694	-137.492	-7.287	2475.354	0.000	0.000	0.000	0.203	15.692	284.504	0.243	18.831	341.405	0.000	0.000	0.000	-68.389	42.425	2318.694	-183.810	4.522	2155.399	-183.810	-307.597	2155.399	-183.810	-592.534	2155.399	-183.810	-709.034	2155.399	0.000	0.000	0.000	0.000	0.000	0.000	0.000	-466.409	0.000	0.000	-905.137	0.000	0.000	0.000	0.000	0.000	0.000	0.000	0.000	-466.409	0.000	0.000	-905.137	0.000	0.000	0.000	0.000	
02334	1	0.000	0.000	0.000	32.111	166.805	2343.452	-30.993	85.379	2301.257	0.000	0.000	0.000	0.000	0.000	0.000	-58.968	32.307	2318.748	-131.175	-14.740	2478.158	0.000	0.000	0.000	0.855	15.646	283.463	1.026	18.775	340.155	0.000	0.000	0.000	-58.968	32.307	2318.748	-185.270	-5.192	2162.154	-185.270	-316.170	2162.154	-185.270	-600.066	2162.154	-185.270	-716.140	2162.154	0.000	0.000	0.000	0.000	0.000	0.000	0.000	-464.704	0.000	0.000	-901.828	0.000	0.000	0.000	0.000	0.000	0.000	0.000	0.000	-464.704	0.000	0.000	-901.828	0.000	0.000	0.000	0.000	
02335	1	0.000	0.000	0.000	25.555	164.799	2346.970	-30.112	84.062	2304.350	0.000	0.000	0.000	0.000	0.000	0.000	-61.074	30.178	2324.201	-132.026	1.173	2490.252	0.000	0.000	0.000	-4.568	15.501	284.539	-5.481	18.602	341.446	0.000	0.000	0.000	-61.074	30.178	2324.201	-190.809	5.903	2163.338	-190.809	-306.283	2163.338	-190.809	-591.280	2163.338	-190.809	-707.804	2163.338	0.000	0.000	0.000	0.000	0.000	0.000	0.000	-466.508	0.000	0.000	-905.328	0.000	0.000	0.000	0.000	0.000	0.000	0.000	0.000	-466.508	0.000	0.000	-905.328	0.000	0.000	0.000	0.000	
02336	1	0.000	0.000	0.000	-5.043	159.558	2373.838	-27.575	86.893	2324.142	0.000	0.000	0.000	0.000	0.000	0.000	-65.077	34.360	2339.474	-137.460	-5.777	2503.641	0.000	0.000	0.000	0.177	13.375	287.603	0.213	16.050	345.124	0.000	0.000	0.000	-65.077	34.360	2339.474	-188.600	4.223	2182.302	-188.600	-311.158	2182.302	-188.600	-599.072	2182.302	-188.600	-716.789	2182.302	0.000	0.000	0.000	0.000	0.000	0.000	0.000	-471.282	0.000	0.000	-914.595	0.000	0.000	0.000	0.000	0.000	0.000	0.000	0.000	-471.282	0.000	0.000	-914.595	0.000	0.000	0.000	0.000	
02337	1	0.000	0.000	0.000	-9.483	165.055	2390.620	-29.861	95.009	2335.346	0.000	0.000	0.000	0.000	0.000	0.000	-69.269	42.595	2348.033	-145.058	0.429	2510.857	0.000	0.000	0.000	-3.186	16.897	286.713	-3.823	20.276	344.056	0.000	0.000	0.000	-69.269	42.595	2348.033	-194.684	9.836	2198.968	-194.684	-304.793	2198.968	-194.684	-592.022	2198.968	-194.684	-709.458	2198.968	0.000	0.000	0.000	0.000	0.000	0.000	0.000	-470.160	0.000	0.000	-912.416	0.000	0.000	0.000	0.000	0.000	0.000	0.000	0.000	-470.160	0.000	0.000	-912.416	0.000	0.000	0.000	0.000	
02338	1	0.000	0.000	0.000	-15.837	191.401	2385.768	-49.190	113.661	2344.090	0.000	0.000	0.000	0.000	0.000	0.000	-100.631	64.189	2359.650	-177.544	22.417	2516.094	0.000	0.000	0.000	-6.018	17.772	290.520	-7.222	21.326	348.624	0.000	0.000	0.000	-100.631	64.189	2359.650	-216.306	28.094	2205.755	-216.306	-290.805	2205.755	-216.306	-581.930	2205.755	-216.306	-700.961	2205.755	0.000	0.000	0.000	0.000	0.000	0.000	0.000	-476.539	0.000	0.000	-924.796	0.000	0.000	0.000	0.000	0.000	0.000	0.000	0.000	-476.539	0.000	0.000	-924.796	0.000	0.000	0.000	0.000	
02339	1	0.000	0.000	0.000	-18.119	211.222	2382.605	-61.180	124.874	2345.815	0.000	0.000	0.000	0.000	0.000	0.000	-115.765	77.655	2362.534	-185.734	31.406	2521.061	-161.751	28.510	2201.561	-139.373	27.213	1909.914	-134.897	26.954	1851.585	0.000	0.000	0.000	-115.765	77.655	2362.534	-225.260	37.402	2203.031	-225.260	-283.010	2203.031	-225.260	-575.517	2203.031	-225.260	-695.112	2203.031	0.000	0.000	0.000	0.000	0.000	0.000	0.000	-478.801	0.000	0.000	-929.185	0.000	0.000	0.000	0.000	0.000	0.000	0.000	0.000	-478.801	0.000	0.000	-929.185	0.000	0.000	0.000	0.000	
02340	1	0.000	0.000	0.000	-23.245	222.282	2378.227	-74.414	133.486	2346.513	0.000	0.000	0.000	0.000	0.000	0.000	-127.603	85.672	2365.383	-195.835	35.892	2523.637	-167.717	32.887	2196.348	-143.943	30.730	1902.597	-139.189	30.299	1843.847	0.000	0.000	0.000	-127.603	85.672	2365.383	-235.863	38.482	2203.163	-235.863	-290.026	2203.163	-235.863	-584.745	2203.163	-235.863	-705.244	2203.163	0.000	0.000	0.000	0.000	0.000	0.000	0.000	-482.421	0.000	0.000	-936.210	0.000	0.000	0.000	0.000	0.000	0.000	0.000	0.000	-482.421	0.000	0.000	-936.210	0.000	0.000	0.000	0.000	
02341	1	0.000	0.000	0.000	-22.351	194.577	2382.104	-75.842	111.399	2347.951	0.000	0.000	0.000	0.000	0.000	0.000	-113.166	54.247	2372.145	-165.506	-15.881	2527.999	-166.505	30.867	2208.769	70.086	134.930	2342.956	117.404	155.743	2369.793	0.000	0.000	0.000	-113.166	54.247	2372.145	-222.103	-11.176	2205.684	-222.103	-333.812	2205.684	-222.103	-625.035	2205.684	-222.103	-744.105	2205.684	0.000	0.000	0.000	0.000	0.000	0.000	0.000	-476.698	0.000	0.000	-925.104	0.000	0.000	0.000	0.000	0.000	0.000	0.000	0.000	-476.698	0.000	0.000	-925.104	0.000	0.000	0.000	0.000	
02342	1	0.000	0.000	0.000	-18.376	176.535	2386.146	-69.250	99.545	2348.099	0.000	0.000	0.000	0.000	0.000	0.000	-99.584	39.058	2368.928	-181.793	-2.987	2527.855	-166.936	31.184	2209.622	41.275	191.984	2325.118	82.917	224.144	2348.218	0.000	0.000	0.000	-99.584	39.058	2368.928	-219.928	13.221	2188.928	-219.928	-307.187	2188.928	-219.928	-594.499	2188.928	-219.928	-711.969	2188.928	0.000	0.000	0.000	0.000	0.000	0.000	0.000	-470.296	0.000	0.000	-912.680	0.000	0.000	0.000	0.000	0.000	0.000	0.000	0.000	-470.296	0.000	0.000	-912.680	0.000	0.000	0.000	0.000	
02343	1	0.000	0.000	0.000	-15.829	176.217	2394.171	-65.595	101.803	2348.082	0.000	0.000	0.000	0.000	0.000	0.000	-91.843	43.086	2361.824	-191.761	15.815	2521.959	-166.781	31.590	2208.183	31.117	214.965	2290.173	70.697	251.639	2306.571	0.000	0.000	0.000	-91.843	43.086	2361.824	-226.058	40.115	2193.190	-226.058	-275.049	2193.190	-226.058	-557.028	2193.190	-226.058	-672.319	2193.190	0.000	0.000	0.000	0.000	0.000	0.000	0.000	-461.567	0.000	0.000	-895.741	0.000	0.000	0.000	0.000	0.000	0.000	0.000	0.000	-461.567	0.000	0.000	-895.741	0.000	0.000	0.000	0.000	
02344	1	0.000	0.000	0.000	-16.178	193.727	2397.550	-65.330	111.665	2347.840	0.000	0.000	0.000	0.000	0.000	0.000	-93.140	55.128	2357.917	-188.780	18.048	2517.588	-166.613	31.689	2205.974	28.327	215.782	2288.005	67.315	252.601	2304.412	0.000	0.000	0.000	-93.140	55.128	2357.917	-221.320	40.643	2194.734	-221.320	-272.056	2194.734	-221.320	-552.450	2194.734	-221.320	-667.093	2194.734	0.000	0.000	0.000	0.000	0.000	0.000	0.000	-458.974	0.000	0.000	-890.708	0.000	0.000	0.000	0.000	0.000	0.000	0.000	0.000	-458.974	0.000	0.000	-890.708	0.000	0.000	0.000	0.000	
02345	1	0.000	0.000	0.000	-16.766	210.734	2396.692	-65.319	120.815	2344.037	0.000	0.000	0.000	0.000	0.000	0.000	-95.518	66.560	2350.790	-186.893	18.554	2508.994	-166.190	31.970	2199.452	25.853	215.649	2291.404	64.262	252.385	2309.794	0.000	0.000	0.000	-95.518	66.560	2350.790	-216.585	41.119	2191.670	-216.585	-269.404	2191.670	-216.585	-550.605	2191.670	-216.585	-664.850	2191.670	0.000	0.000	0.000	0.000	0.000	0.000	0.000	-457.383	0.000	0.000	-887.620	0.000	0.000	0.000	0.000	0.000	0.000	0.000	0.000	-457.383	0.000	0.000	-887.620	0.000	0.000	0.000	0.000	
