02044	2	0.000	0.000	0.000	-8.076	368.832	2146.672	-7.796	283.234	2214.573	30.373	61.675	2418.044	41.944	-108.055	2465.279	1.632	228.504	2264.834	151.507	233.349	2259.487	247.926	79.434	2432.479	247.926	-147.673	2432.479	247.926	-240.490	2432.479	0.000	0.000	0.000	1.632	228.504	2264.834	-144.604	211.015	2291.718	-181.998	-21.784	2206.164	-208.224	202.111	2233.749	-218.941	293.602	2245.021	0.000	0.000	0.000	141.446	-200.167	2511.634	141.446	-571.761	2511.634	141.446	-921.302	2511.634	0.000	0.000	0.000	-49.978	-205.581	2503.080	-49.978	-577.176	2503.080	-49.978	-926.717	2503.080	0.000	0.000	0.000	
02045	2	0.000	0.000	0.000	4.963	382.812	2149.476	3.912	295.677	2215.634	36.349	75.584	2419.805	48.534	-89.908	2472.649	11.969	241.006	2266.350	160.832	239.084	2262.094	250.672	81.743	2434.918	250.672	-145.642	2434.918	250.672	-238.587	2434.918	0.000	0.000	0.000	11.969	241.006	2266.350	-134.963	213.874	2278.938	-200.813	-24.802	2316.262	-171.358	183.940	2231.037	-159.319	269.256	2196.204	0.000	0.000	0.000	149.741	-191.807	2506.909	149.741	-563.912	2506.909	149.741	-913.934	2506.909	0.000	0.000	0.000	-42.217	-194.992	2505.073	-42.217	-567.097	2505.073	-42.217	-917.119	2505.073	0.000	0.000	0.000	
02046	2	0.000	0.000	0.000	17.944	394.007	2150.839	16.111	305.972	2216.039	47.533	82.534	2421.184	58.222	-85.996	2456.724	23.851	250.937	2266.568	167.674	239.654	2263.638	280.956	91.244	2430.269	280.956	-136.443	2430.269	280.956	-229.520	2430.269	0.000	0.000	0.000	23.851	250.937	2266.568	-117.311	215.257	2276.075	-240.367	-2.151	2290.752	-105.221	175.549	2246.037	-49.977	248.188	2227.758	0.000	0.000	0.000	159.030	-144.678	2437.554	159.030	-517.313	2437.554	159.030	-867.832	2437.554	0.000	0.000	0.000	-39.224	-148.869	2481.114	-39.224	-521.503	2481.114	-39.224	-872.023	2481.114	0.000	0.000	0.000	
02047	2	0.000	0.000	0.000	46.590	411.823	2153.370	39.499	318.584	2214.137	59.444	83.567	2401.540	69.054	-89.631	2403.917	44.487	259.812	2261.002	184.026	243.075	2265.118	290.180	74.084	2416.467	421.072	121.662	2235.519	474.586	141.114	2161.541	0.000	0.000	0.000	44.487	259.812	2261.002	-91.350	230.143	2279.294	-195.290	8.363	2331.674	-140.910	228.606	2305.700	-118.679	318.647	2295.082	0.000	0.000	0.000	172.688	-104.103	2403.685	172.688	-477.842	2403.685	172.688	-829.400	2403.685	0.000	0.000	0.000	-28.253	-101.121	2437.998	-28.253	-474.859	2437.998	-28.253	-826.417	2437.998	0.000	0.000	0.000	
02048	2	0.000	0.000	0.000	46.590	411.823	2153.370	39.499	318.584	2214.137	59.444	83.567	2401.540	69.054	-89.631	2403.917	44.487	259.812	2261.002	184.026	243.075	2265.118	290.180	74.084	2416.467	421.072	121.662	2235.519	474.586	141.114	2161.541	0.000	0.000	0.000	44.487	259.812	2261.002	-91.350	230.143	2279.294	-195.290	8.363	2331.674	-140.910	228.606	2305.700	-118.679	318.647	2295.082	0.000	0.000	0.000	172.688	-104.103	2403.685	172.688	-477.842	2403.685	172.688	-829.400	2403.685	0.000	0.000	0.000	-28.253	-101.121	2437.998	-28.253	-474.859	2437.998	-28.253	-826.417	2437.998	0.000	0.000	0.000	
02049	2	0.000	0.000	0.000	66.900	411.713	2155.321	51.884	320.550	2218.840	69.757	84.156	2404.770	77.450	-91.081	2404.307	56.357	261.396	2265.366	202.394	257.992	2265.399	325.855	86.921	2400.617	439.224	115.042	2204.218	485.573	126.540	2123.922	0.000	0.000	0.000	56.357	261.396	2265.366	-68.426	221.986	2286.257	-161.984	-7.404	2323.924	-127.442	213.924	2278.791	-113.321	304.409	2260.338	0.000	0.000	0.000	178.591	-102.082	2397.490	178.591	-476.103	2397.490	178.591	-827.927	2397.490	0.000	0.000	0.000	-24.752	-90.501	2407.892	-24.752	-464.522	2407.892	-24.752	-816.346	2407.892	0.000	0.000	0.000	
02050	2	0.000	0.000	0.000	102.149	413.202	2168.294	85.133	323.096	2231.668	109.959	79.762	2407.660	108.799	-98.374	2403.889	91.351	262.149	2275.748	239.813	260.212	2258.643	362.704	52.543	2334.610	397.866	-144.421	2445.499	412.241	-224.950	2490.835	0.000	0.000	0.000	91.351	262.149	2275.748	-45.636	228.908	2283.013	-148.562	4.394	2337.782	-74.205	197.912	2241.089	-43.804	277.030	2201.557	0.000	0.000	0.000	208.427	-100.995	2394.066	208.427	-475.423	2394.066	208.427	-827.629	2394.066	0.000	0.000	0.000	7.865	-87.417	2402.836	7.865	-461.845	2402.836	7.865	-814.051	2402.836	0.000	0.000	0.000	
02051	2	0.000	0.000	0.000	120.014	421.204	2180.976	115.710	324.645	2235.654	143.642	74.869	2401.943	134.754	-104.851	2404.183	122.710	262.047	2277.328	270.054	252.074	2245.683	371.380	26.086	2293.757	406.295	-161.271	2420.552	420.571	-237.873	2472.393	0.000	0.000	0.000	122.710	262.047	2277.328	-23.093	234.970	2279.032	-137.321	22.690	2353.446	-84.709	-187.943	2426.004	-63.199	-274.061	2455.669	0.000	0.000	0.000	233.411	-105.726	2402.068	233.411	-480.414	2402.068	233.411	-832.865	2402.068	0.000	0.000	0.000	36.121	-87.706	2407.416	36.121	-462.394	2407.416	36.121	-814.845	2407.416	0.000	0.000	0.000	
02052	2	0.000	0.000	0.000	133.455	422.595	2182.470	134.030	325.172	2235.202	141.179	88.378	2410.658	137.488	-92.122	2424.792	135.863	264.479	2280.173	284.557	246.618	2259.523	378.676	13.487	2274.199	405.472	-138.677	2446.053	416.329	-200.328	2515.681	0.000	0.000	0.000	135.863	264.479	2280.173	-7.262	233.296	2267.078	-79.765	21.713	2382.833	-79.849	-209.312	2388.574	-79.884	-302.915	2390.900	0.000	0.000	0.000	230.017	-103.606	2461.236	230.017	-478.461	2461.236	230.017	-831.068	2461.236	0.000	0.000	0.000	39.332	-98.770	2443.645	39.332	-473.625	2443.645	39.332	-826.232	2443.645	0.000	0.000	0.000	
02053	2	0.000	0.000	0.000	140.385	423.251	2181.669	139.283	325.492	2233.567	136.300	95.278	2415.961	132.351	-85.538	2431.127	138.516	266.261	2280.495	284.352	256.672	2291.309	400.213	44.926	2220.010	405.263	-73.468	2417.966	407.313	-121.523	2498.315	0.000	0.000	0.000	138.516	266.261	2280.495	-3.512	236.125	2260.736	-64.308	54.600	2424.127	-108.503	-171.175	2441.494	-126.442	-262.816	2448.544	0.000	0.000	0.000	233.290	-99.391	2436.088	233.290	-474.305	2436.088	233.290	-826.968	2436.088	0.000	0.000	0.000	30.835	-92.726	2436.881	30.835	-467.640	2436.881	30.835	-820.303	2436.881	0.000	0.000	0.000	
02054	2	0.000	0.000	0.000	146.557	427.110	2177.435	146.387	326.265	2222.726	124.339	110.329	2417.777	120.074	-68.205	2431.965	140.676	270.332	2273.249	289.386	265.149	2289.965	413.645	72.351	2186.921	382.715	64.271	2414.854	370.128	60.983	2507.613	0.000	0.000	0.000	140.676	270.332	2273.249	1.756	244.565	2256.075	-46.542	85.768	2444.967	-98.522	-110.036	2554.209	-119.676	-189.721	2598.666	0.000	0.000	0.000	221.372	-82.356	2439.725	221.372	-457.354	2439.725	221.372	-810.097	2439.725	0.000	0.000	0.000	20.128	-83.814	2412.657	20.128	-458.813	2412.657	20.128	-811.555	2412.657	0.000	0.000	0.000	
02055	2	0.000	0.000	0.000	147.638	428.090	2176.318	148.413	326.402	2219.552	129.335	113.338	2415.254	124.472	-65.915	2430.180	143.439	270.849	2270.578	292.530	261.411	2277.340	399.387	34.702	2258.033	302.061	242.687	2245.581	262.416	327.407	2240.508	0.000	0.000	0.000	143.439	270.849	2270.578	4.763	250.110	2262.875	-42.459	77.659	2439.564	-68.681	-138.172	2514.494	-79.362	-226.088	2545.016	0.000	0.000	0.000	223.870	-75.930	2444.912	223.870	-450.958	2444.912	223.870	-803.728	2444.912	0.000	0.000	0.000	26.275	-80.621	2410.410	26.275	-455.650	2410.410	26.275	-808.420	2410.410	0.000	0.000	0.000	
02056	2	0.000	0.000	0.000	148.527	429.304	2175.186	151.918	326.603	2215.712	140.590	109.659	2411.169	136.913	-70.245	2426.261	148.987	270.479	2266.277	295.456	257.014	2266.737	409.305	35.138	2297.799	315.111	228.543	2216.961	276.714	307.383	2184.008	0.000	0.000	0.000	148.987	270.479	2266.277	15.139	251.958	2277.105	-39.455	59.964	2429.792	-43.620	-169.446	2442.693	-45.318	-262.964	2447.953	0.000	0.000	0.000	236.693	-86.446	2434.665	236.693	-461.498	2434.665	236.693	-814.290	2434.665	0.000	0.000	0.000	36.447	-68.541	2409.450	36.447	-443.592	2409.450	36.447	-796.384	2409.450	0.000	0.000	0.000	
02057	2	0.000	0.000	0.000	150.010	430.879	2177.590	158.148	326.971	2214.000	161.314	100.069	2403.326	157.467	-80.479	2421.322	158.958	268.923	2262.436	300.596	250.447	2260.674	393.056	34.750	2350.300	344.775	209.331	2215.003	324.768	281.676	2158.937	0.000	0.000	0.000	158.958	268.923	2262.436	23.726	248.992	2278.622	-40.685	49.967	2417.716	-15.775	-174.732	2419.852	-5.453	-267.846	2420.736	0.000	0.000	0.000	254.586	-78.844	2448.475	254.586	-453.926	2448.475	254.586	-806.747	2448.475	0.000	0.000	0.000	58.443	-87.028	2437.137	58.443	-462.110	2437.137	58.443	-814.931	2437.137	0.000	0.000	0.000	
02058	2	0.000	0.000	0.000	150.529	432.442	2186.108	159.908	327.312	2218.417	163.073	103.852	2407.277	158.427	-73.409	2425.320	160.726	269.569	2267.219	297.257	256.498	2287.877	385.155	20.273	2319.525	332.576	193.712	2183.332	310.846	265.390	2127.047	0.000	0.000	0.000	160.726	269.569	2267.219	23.148	249.689	2281.468	-44.585	44.303	2414.731	-14.308	-180.221	2406.589	-1.795	-273.011	2403.224	0.000	0.000	0.000	254.208	-85.915	2454.731	254.208	-461.005	2454.731	254.208	-813.835	2454.731	0.000	0.000	0.000	58.760	-81.712	2438.946	58.760	-456.802	2438.946	58.760	-809.631	2438.946	0.000	0.000	0.000	
02059	2	0.000	0.000	0.000	150.793	434.283	2200.691	161.110	328.311	2229.681	161.507	109.038	2417.471	156.396	-70.263	2432.264	161.214	270.884	2278.863	307.780	247.709	2255.702	382.525	15.226	2321.629	251.947	116.676	2165.254	198.192	158.440	2100.878	0.000	0.000	0.000	161.214	270.884	2278.863	23.895	249.885	2290.567	-45.076	23.772	2380.549	-33.854	-199.827	2421.458	-29.234	-291.876	2438.299	0.000	0.000	0.000	253.214	-84.354	2451.807	253.214	-459.450	2451.807	253.214	-812.284	2451.807	0.000	0.000	0.000	56.951	-74.083	2436.006	56.951	-449.179	2436.006	56.951	-802.013	2436.006	0.000	0.000	0.000	
02060	2	0.000	0.000	0.000	150.793	434.283	2200.691	161.110	328.311	2229.681	161.507	109.038	2417.471	156.396	-70.263	2432.264	161.214	270.884	2278.863	307.780	247.709	2255.702	382.525	15.226	2321.629	251.947	116.676	2165.254	198.192	158.440	2100.878	0.000	0.000	0.000	161.214	270.884	2278.863	23.895	249.885	2290.567	-45.076	23.772	2380.549	-33.854	-199.827	2421.458	-29.234	-291.876	2438.299	0.000	0.000	0.000	253.214	-84.354	2451.807	253.214	-459.450	2451.807	253.214	-812.284	2451.807	0.000	0.000	0.000	56.951	-74.083	2436.006	56.951	-449.179	2436.006	56.951	-802.013	2436.006	0.000	0.000	0.000	
02061	2	0.000	0.000	0.000	150.847	434.334	2211.166	161.246	328.505	2240.597	152.890	109.480	2426.741	148.665	-70.903	2434.542	159.049	270.917	2289.539	304.131	248.195	2285.281	382.923	9.600	2310.754	229.593	114.496	2178.753	166.558	157.620	2124.487	0.000	0.000	0.000	159.049	270.917	2289.539	22.444	249.151	2298.038	-42.884	24.505	2393.176	-45.934	-203.126	2403.776	-47.188	-296.707	2408.134	0.000	0.000	0.000	246.649	-72.451	2449.553	246.649	-447.544	2449.553	246.649	-800.375	2449.553	0.000	0.000	0.000	49.573	-75.706	2435.838	49.573	-450.799	2435.838	49.573	-803.630	2435.838	0.000	0.000	0.000	
02062	2	0.000	0.000	0.000	151.373	433.647	2225.601	161.339	329.956	2261.872	138.632	104.718	2433.679	134.983	-77.032	2435.415	155.298	270.038	2307.576	309.620	247.181	2273.953	382.841	7.792	2300.872	242.058	130.320	2169.061	184.336	180.558	2115.017	0.000	0.000	0.000	155.298	270.038	2307.576	21.257	248.983	2314.838	-51.255	24.404	2402.582	-59.252	-203.637	2390.734	-62.531	-297.136	2385.876	0.000	0.000	0.000	231.261	-82.012	2440.558	231.261	-457.070	2440.558	231.261	-809.870	2440.558	0.000	0.000	0.000	38.401	-77.661	2435.107	38.401	-452.720	2435.107	38.401	-805.520	2435.107	0.000	0.000	0.000	
02063	2	0.000	0.000	0.000	151.523	434.052	2226.425	161.344	330.540	2263.211	139.609	104.784	2432.646	136.148	-77.201	2435.415	155.540	270.256	2308.456	309.297	247.183	2274.155	383.485	6.942	2283.473	215.470	120.679	2178.141	146.621	167.286	2134.978	0.000	0.000	0.000	155.540	270.256	2308.456	19.516	249.696	2311.244	-56.525	27.134	2400.634	-66.692	-200.394	2380.946	-70.858	-293.630	2372.879	0.000	0.000	0.000	231.055	-91.310	2441.009	231.055	-466.349	2441.009	231.055	-819.129	2441.009	0.000	0.000	0.000	40.669	-88.099	2434.922	40.669	-463.138	2434.922	40.669	-815.918	2434.922	0.000	0.000	0.000	
02064	2	0.000	0.000	0.000	151.107	434.550	2226.857	158.658	331.531	2265.447	134.096	99.243	2427.156	123.443	-76.431	2434.522	152.123	269.729	2308.471	306.857	248.196	2274.664	381.959	8.471	2282.737	207.373	126.989	2194.407	135.889	175.517	2158.240	0.000	0.000	0.000	152.123	269.729	2308.471	15.330	251.926	2311.412	-64.848	24.873	2383.468	-76.742	-203.392	2374.390	-81.612	-296.855	2370.673	0.000	0.000	0.000	220.885	-97.038	2434.050	220.885	-472.022	2434.050	220.885	-824.750	2434.050	0.000	0.000	0.000	24.132	-90.296	2434.966	24.132	-465.280	2434.966	24.132	-818.008	2434.966	0.000	0.000	0.000	
02065	2	0.000	0.000	0.000	150.665	435.196	2226.954	156.120	332.300	2266.185	132.325	94.269	2423.559	118.559	-82.544	2431.110	149.840	269.473	2307.723	304.895	249.117	2274.543	380.950	9.798	2282.465	192.834	108.457	2197.448	115.832	148.842	2162.648	0.000	0.000	0.000	149.840	269.473	2307.723	13.243	251.373	2312.664	-66.338	20.090	2370.071	-80.001	-208.004	2358.414	-85.594	-301.370	2353.643	0.000	0.000	0.000	215.074	-105.387	2425.139	215.074	-480.336	2425.139	215.074	-833.031	2425.139	0.000	0.000	0.000	19.476	-101.208	2434.859	19.476	-476.156	2434.859	19.476	-828.852	2434.859	0.000	0.000	0.000	
02066	2	0.000	0.000	0.000	148.949	437.498	2226.897	151.274	334.429	2265.901	133.149	90.268	2420.799	126.358	-89.050	2421.045	146.546	270.749	2306.300	301.485	250.722	2266.689	376.737	11.791	2283.492	161.738	50.289	2215.214	73.769	66.041	2187.277	0.000	0.000	0.000	146.546	270.749	2306.300	12.010	251.352	2323.126	-67.325	17.039	2365.976	-60.749	-208.898	2330.232	-58.059	-301.343	2315.606	0.000	0.000	0.000	223.617	-105.830	2423.868	223.617	-480.692	2423.868	223.617	-833.306	2423.868	0.000	0.000	0.000	28.852	-103.782	2431.682	28.852	-478.644	2431.682	28.852	-831.258	2431.682	0.000	0.000	0.000	
02067	2	0.000	0.000	0.000	145.503	438.639	2227.102	149.534	335.559	2265.892	133.840	91.651	2421.564	131.070	-88.366	2415.959	145.442	271.967	2306.479	299.091	249.714	2267.273	369.223	9.217	2282.674	156.504	66.070	2220.325	69.480	89.329	2194.818	0.000	0.000	0.000	145.442	271.967	2306.479	12.637	252.077	2329.362	-66.756	17.093	2367.754	-25.291	-206.279	2340.276	-8.327	-297.661	2329.034	0.000	0.000	0.000	228.522	-103.369	2421.005	228.522	-478.179	2421.005	228.522	-830.745	2421.005	0.000	0.000	0.000	33.301	-94.426	2426.336	33.301	-469.236	2426.336	33.301	-821.802	2426.336	0.000	0.000	0.000	
02068	2	0.000	0.000	0.000	140.734	440.066	2228.480	146.977	336.615	2265.913	134.321	93.702	2422.310	133.472	-86.787	2414.451	143.671	273.162	2306.766	294.554	247.462	2268.315	352.990	3.754	2280.596	143.362	67.184	2214.277	57.613	93.130	2187.149	0.000	0.000	0.000	143.671	273.162	2306.766	11.710	251.887	2331.158	-66.204	16.081	2366.992	-15.441	-206.385	2349.739	5.323	-297.385	2342.682	0.000	0.000	0.000	232.144	-94.728	2413.251	232.144	-469.481	2413.251	232.144	-821.992	2413.251	0.000	0.000	0.000	34.843	-88.726	2422.081	34.843	-463.479	2422.081	34.843	-815.990	2422.081	0.000	0.000	0.000	
02069	2	0.000	0.000	0.000	132.279	440.718	2229.330	141.595	337.246	2265.937	126.915	96.161	2421.780	124.769	-84.931	2411.339	137.739	273.913	2306.877	286.286	244.431	2270.230	353.368	2.820	2273.837	140.349	64.628	2217.733	53.227	89.906	2194.788	0.000	0.000	0.000	137.739	273.913	2306.877	6.613	249.381	2326.169	-66.265	12.488	2364.376	-37.557	-208.028	2310.586	-25.816	-298.216	2288.587	0.000	0.000	0.000	222.813	-84.173	2399.055	222.813	-458.789	2399.055	222.813	-811.172	2399.055	0.000	0.000	0.000	26.142	-85.278	2406.449	26.142	-459.894	2406.449	26.142	-812.277	2406.449	0.000	0.000	0.000	
02070	2	0.000	0.000	0.000	129.824	440.499	2227.866	140.040	337.618	2265.798	132.775	95.494	2418.781	132.371	-85.486	2403.147	138.126	273.815	2306.111	286.508	247.352	2269.160	354.725	6.110	2270.390	138.016	66.307	2223.278	49.792	90.814	2204.098	0.000	0.000	0.000	138.126	273.815	2306.111	3.176	254.749	2329.144	-66.960	16.887	2365.963	-42.189	-199.160	2291.692	-32.105	-287.114	2261.455	0.000	0.000	0.000	231.460	-85.090	2390.245	231.460	-459.624	2390.245	231.460	-811.930	2390.245	0.000	0.000	0.000	33.895	-82.310	2385.816	33.895	-456.844	2385.816	33.895	-809.149	2385.816	0.000	0.000	0.000	
02071	2	0.000	0.000	0.000	128.122	440.542	2227.228	138.848	337.950	2265.634	133.188	95.318	2414.097	128.652	-85.998	2399.306	137.347	273.600	2305.009	284.280	246.258	2269.301	354.936	5.881	2270.842	144.400	81.951	2215.310	59.048	112.790	2192.797	0.000	0.000	0.000	137.347	273.600	2305.009	5.995	247.415	2326.668	-61.279	9.630	2368.000	-26.259	-211.496	2312.570	-12.062	-301.142	2290.099	0.000	0.000	0.000	227.448	-98.858	2378.773	227.448	-473.197	2378.773	227.448	-825.320	2378.773	0.000	0.000	0.000	27.952	-94.129	2410.434	27.952	-468.469	2410.434	27.952	-820.592	2410.434	0.000	0.000	0.000	
02072	2	0.000	0.000	0.000	127.071	440.548	2227.281	138.169	338.017	2265.645	127.836	95.713	2412.649	119.919	-82.332	2398.980	135.420	273.568	2304.746	280.283	242.707	2269.440	356.542	4.142	2267.518	166.734	117.391	2203.245	89.655	163.381	2177.144	0.000	0.000	0.000	135.420	273.568	2304.746	6.083	247.472	2326.057	-55.994	8.522	2368.270	-24.727	-209.903	2302.719	-12.030	-298.602	2276.100	0.000	0.000	0.000	216.481	-92.005	2371.133	216.481	-466.230	2371.133	216.481	-818.245	2371.133	0.000	0.000	0.000	19.380	-100.145	2405.103	19.380	-474.370	2405.103	19.380	-826.386	2405.103	0.000	0.000	0.000	
02073	2	0.000	0.000	0.000	126.057	440.543	2227.340	137.543	338.078	2265.656	123.725	95.985	2410.959	115.320	-82.804	2397.860	133.857	273.500	2304.415	279.491	243.647	2269.409	351.229	3.861	2262.880	182.058	144.134	2195.733	113.267	201.175	2168.429	0.000	0.000	0.000	133.857	273.500	2304.415	6.069	247.533	2325.629	-56.658	8.706	2367.020	-21.287	-203.941	2287.433	-6.903	-290.412	2255.070	0.000	0.000	0.000	212.389	-91.912	2373.762	212.389	-466.009	2373.762	212.389	-817.904	2373.762	0.000	0.000	0.000	15.459	-101.331	2401.339	15.459	-475.428	2401.339	15.459	-827.323	2401.339	0.000	0.000	0.000	
02074	2	0.000	0.000	0.000	124.033	440.499	2227.372	136.205	338.186	2265.628	120.046	97.063	2409.291	111.819	-82.764	2396.866	131.875	273.565	2304.130	277.551	244.624	2269.369	344.895	3.710	2267.167	204.438	175.650	2210.411	147.211	245.705	2187.286	0.000	0.000	0.000	131.875	273.565	2304.130	5.888	247.572	2325.233	-58.437	9.671	2368.192	-44.540	-210.153	2304.969	-38.877	-299.717	2279.209	0.000	0.000	0.000	210.115	-87.933	2380.994	210.115	-461.727	2380.994	210.115	-813.338	2380.994	0.000	0.000	0.000	13.808	-98.121	2409.557	13.808	-471.916	2409.557	13.808	-823.526	2409.557	0.000	0.000	0.000	
02075	2	0.000	0.000	0.000	124.033	440.499	2227.372	136.205	338.186	2265.628	120.046	97.063	2409.291	111.819	-82.764	2396.866	131.875	273.565	2304.130	277.551	244.624	2269.369	344.895	3.710	2267.167	204.438	175.650	2210.411	147.211	245.705	2187.286	0.000	0.000	0.000	131.875	273.565	2304.130	5.888	247.572	2325.233	-58.437	9.671	2368.192	-44.540	-210.153	2304.969	-38.877	-299.717	2279.209	0.000	0.000	0.000	210.115	-87.933	2380.994	210.115	-461.727	2380.994	210.115	-813.338	2380.994	0.000	0.000	0.000	13.808	-98.121	2409.557	13.808	-471.916	2409.557	13.808	-823.526	2409.557	0.000	0.000	0.000	
02076	2	0.000	0.000	0.000	121.178	440.176	2227.487	135.068	338.218	2265.611	156.687	97.722	2408.275	167.808	-82.651	2395.935	140.867	273.709	2303.878	276.910	246.532	2269.287	359.833	12.752	2298.462	310.533	201.091	2179.009	290.413	277.958	2130.256	0.000	0.000	0.000	140.867	273.709	2303.878	1.419	255.447	2327.462	-59.232	13.179	2324.557	-59.232	-215.231	2324.557	-59.232	-308.452	2324.557	0.000	0.000	0.000	268.800	-88.763	2384.281	268.800	-461.975	2384.281	268.800	-813.036	2384.281	0.000	0.000	0.000	64.897	-77.950	2387.890	64.897	-451.162	2387.890	64.897	-802.223	2387.890	0.000	0.000	0.000	
02077	2	0.000	0.000	0.000	120.294	440.037	2227.537	134.847	338.225	2265.608	159.051	98.680	2410.179	168.598	-81.928	2398.615	141.327	274.096	2304.311	277.331	247.491	2269.273	358.668	13.042	2296.119	313.779	202.860	2177.697	295.452	280.358	2129.349	0.000	0.000	0.000	141.327	274.096	2304.311	0.301	254.953	2324.860	-60.626	17.044	2280.253	-60.626	-211.144	2280.253	-60.626	-304.307	2280.253	0.000	0.000	0.000	269.131	-87.134	2393.890	269.131	-460.115	2393.890	269.131	-810.960	2393.890	0.000	0.000	0.000	66.523	-76.393	2397.791	66.523	-449.374	2397.791	66.523	-800.219	2397.791	0.000	0.000	0.000	
02078	2	0.000	0.000	0.000	119.252	439.868	2227.595	134.618	338.231	2265.605	154.237	100.199	2414.270	159.409	-80.592	2402.133	139.858	274.662	2305.308	277.138	247.634	2269.286	357.632	12.787	2293.513	311.100	204.037	2178.497	292.097	282.142	2131.525	0.000	0.000	0.000	139.858	274.662	2305.308	-3.598	253.532	2313.099	-60.963	14.854	2357.387	-60.963	-213.116	2357.387	-60.963	-306.217	2357.387	0.000	0.000	0.000	261.096	-82.249	2394.068	261.096	-454.982	2394.068	261.096	-805.593	2394.068	0.000	0.000	0.000	56.543	-75.489	2402.642	56.543	-448.222	2402.642	56.543	-798.833	2402.642	0.000	0.000	0.000	
02079	2	0.000	0.000	0.000	118.805	439.405	2226.666	134.394	338.237	2265.600	145.971	101.360	2417.936	148.023	-79.452	2405.176	137.478	275.143	2306.176	277.379	248.393	2269.280	356.001	13.244	2294.832	307.539	202.008	2176.966	287.743	279.115	2128.820	0.000	0.000	0.000	137.478	275.143	2306.176	-4.115	249.469	2303.882	-63.011	19.497	2379.868	-63.011	-208.258	2379.868	-63.011	-301.293	2379.868	0.000	0.000	0.000	248.811	-74.508	2393.574	248.811	-446.975	2393.574	248.811	-797.336	2393.574	0.000	0.000	0.000	46.884	-81.809	2401.683	46.884	-454.276	2401.683	46.884	-804.637	2401.683	0.000	0.000	0.000	
02080	2	0.000	0.000	0.000	118.789	437.769	2222.726	134.161	338.253	2265.573	144.746	103.485	2422.805	149.054	-77.558	2415.518	136.970	275.963	2307.291	279.730	253.187	2269.341	354.262	16.851	2294.342	299.385	200.189	2171.254	276.964	275.094	2120.965	0.000	0.000	0.000	136.970	275.963	2307.291	-4.728	254.326	2311.470	-77.069	28.366	2387.256	-77.069	-199.176	2387.256	-77.069	-292.140	2387.256	0.000	0.000	0.000	249.822	-71.867	2417.819	249.822	-444.051	2417.819	249.822	-794.146	2417.819	0.000	0.000	0.000	50.881	-90.596	2402.175	50.881	-462.780	2402.175	50.881	-812.875	2402.175	0.000	0.000	0.000	
02081	4	0.000	0.000	0.000	120.073	427.848	2204.542	133.820	338.336	2265.481	155.327	104.700	2429.473	174.997	-74.979	2438.658	139.443	277.260	2308.352	280.469	257.282	2269.345	353.019	22.479	2305.735	223.358	169.730	2191.800	170.364	229.912	2145.234	0.000	0.000	0.000	139.443	277.260	2308.352	-2.507	256.213	2318.030	-73.056	25.395	2376.904	-73.056	-201.488	2376.904	-73.056	-294.217	2376.904	0.000	0.000	0.000	272.956	-75.405	2458.622	272.956	-446.647	2458.622	272.956	-795.855	2458.622	0.000	0.000	0.000	76.218	-73.650	2416.895	76.218	-444.892	2416.895	76.218	-794.101	2416.895	0.000	0.000	0.000	
02082	4	0.000	0.000	0.000	120.874	427.400	2201.123	133.777	338.351	2262.740	164.252	108.890	2431.569	183.061	-70.662	2442.451	141.729	278.474	2306.796	282.440	261.863	2271.106	350.706	31.815	2334.541	203.820	151.144	2209.807	143.782	199.918	2158.824	0.000	0.000	0.000	141.729	278.474	2306.796	-1.535	256.086	2317.002	-73.500	26.697	2378.711	-73.500	-199.959	2378.711	-73.500	-292.603	2378.711	0.000	0.000	0.000	281.218	-82.143	2457.834	281.218	-453.041	2457.834	281.218	-801.927	2457.834	0.000	0.000	0.000	96.476	-117.325	2428.339	96.476	-488.223	2428.339	96.476	-837.109	2428.339	0.000	0.000	0.000	
02083	4	0.000	0.000	0.000	121.465	428.074	2198.524	133.798	338.375	2259.122	168.164	114.632	2435.195	184.009	-64.590	2452.185	142.749	280.102	2304.979	279.705	256.686	2270.646	352.711	32.186	2346.521	215.035	158.699	2218.818	158.758	210.413	2166.618	0.000	0.000	0.000	142.749	280.102	2304.979	2.705	245.330	2306.576	-74.529	22.355	2382.762	-74.529	-204.071	2382.762	-74.529	-296.625	2382.762	0.000	0.000	0.000	283.250	-71.309	2468.420	283.250	-441.851	2468.420	283.250	-790.402	2468.420	0.000	0.000	0.000	84.078	-73.200	2447.997	84.078	-443.742	2447.997	84.078	-792.293	2447.997	0.000	0.000	0.000	
02084	4	0.000	0.000	0.000	127.345	431.254	2191.852	133.937	338.203	2247.710	172.638	127.672	2441.089	185.243	-49.868	2470.527	143.937	283.803	2297.678	278.815	254.718	2262.206	358.366	31.447	2333.341	321.389	202.085	2189.928	306.272	271.842	2131.301	0.000	0.000	0.000	143.937	283.803	2297.678	8.450	244.493	2308.050	-80.138	22.333	2371.578	-80.138	-203.614	2371.578	-80.138	-295.981	2371.578	0.000	0.000	0.000	283.308	-73.411	2499.427	283.308	-443.203	2499.427	283.308	-791.048	2499.427	0.000	0.000	0.000	88.372	-79.414	2457.112	88.372	-449.207	2457.112	88.372	-797.052	2457.112	0.000	0.000	0.000	
02085	4	0.000	0.000	0.000	132.640	432.910	2185.622	134.032	338.087	2238.573	166.714	136.561	2445.068	181.182	-39.052	2482.938	142.413	286.411	2291.523	279.051	254.502	2253.886	357.221	34.517	2335.155	309.105	200.561	2190.052	289.435	268.442	2130.732	0.000	0.000	0.000	142.413	286.411	2291.523	10.639	236.374	2290.340	-68.721	31.135	2402.979	-68.721	-194.565	2402.979	-68.721	-286.834	2402.979	0.000	0.000	0.000	279.376	-69.875	2515.868	279.376	-439.275	2515.868	279.376	-786.751	2515.868	0.000	0.000	0.000	86.377	-73.937	2470.766	86.377	-443.337	2470.766	86.377	-790.813	2470.766	0.000	0.000	0.000	
02086	4	0.000	0.000	0.000	145.843	424.021	2177.293	134.703	331.039	2232.419	165.308	137.079	2449.088	179.816	-35.566	2497.377	142.479	281.757	2287.470	280.649	245.542	2263.109	362.102	30.632	2352.648	254.958	177.068	2216.412	211.484	236.484	2161.135	0.000	0.000	0.000	142.479	281.757	2287.470	22.789	231.352	2316.619	-52.459	15.731	2409.802	-52.459	-211.169	2409.802	-52.459	-303.233	2409.802	0.000	0.000	0.000	277.223	-71.377	2533.516	277.223	-439.957	2533.516	277.223	-786.663	2533.516	0.000	0.000	0.000	86.688	-81.458	2491.468	86.688	-450.039	2491.468	86.688	-796.745	2491.468	0.000	0.000	0.000	
02087	4	0.000	0.000	0.000	149.963	415.782	2175.529	137.702	325.509	2231.832	167.228	135.093	2451.179	180.183	-36.502	2502.799	145.207	277.110	2287.584	279.307	244.485	2293.233	365.132	28.448	2374.840	283.377	172.033	2220.215	250.154	230.380	2157.380	0.000	0.000	0.000	145.207	277.110	2287.584	25.001	228.329	2322.616	-50.212	7.518	2401.883	-50.212	-218.777	2401.883	-50.212	-310.735	2401.883	0.000	0.000	0.000	281.116	-74.158	2526.490	281.116	-442.314	2526.490	281.116	-788.620	2526.490	0.000	0.000	0.000	84.797	-80.787	2501.964	84.797	-448.943	2501.964	84.797	-795.250	2501.964	0.000	0.000	0.000	
02088	4	0.000	0.000	0.000	151.049	406.826	2172.940	141.214	317.716	2231.712	172.551	130.885	2451.961	184.879	-38.689	2509.377	149.209	270.047	2287.907	287.013	234.003	2285.209	365.163	18.244	2374.065	305.492	171.918	2219.831	281.214	234.442	2157.079	0.000	0.000	0.000	149.209	270.047	2287.907	30.950	216.683	2325.313	-50.463	4.116	2418.813	-50.463	-221.637	2418.813	-50.463	-313.487	2418.813	0.000	0.000	0.000	281.665	-75.565	2554.669	281.665	-443.287	2554.669	281.665	-789.185	2554.669	0.000	0.000	0.000	87.845	-83.844	2517.926	87.845	-451.566	2517.926	87.845	-797.464	2517.926	0.000	0.000	0.000	
02089	4	0.000	0.000	0.000	151.057	386.652	2171.289	145.051	298.305	2231.830	156.936	123.178	2460.801	167.634	-48.635	2509.963	148.097	253.422	2290.513	282.794	212.333	2309.591	364.237	-11.333	2369.600	331.272	168.179	2238.345	317.836	241.344	2184.849	0.000	0.000	0.000	148.097	253.422	2290.513	30.358	198.695	2328.445	-60.976	-11.907	2415.426	-60.976	-236.717	2415.426	-60.976	-328.344	2415.426	0.000	0.000	0.000	269.452	-84.468	2526.559	269.452	-451.297	2526.559	269.452	-796.354	2526.559	0.000	0.000	0.000	69.912	-79.876	2494.417	69.912	-446.705	2494.417	69.912	-791.763	2494.417	0.000	0.000	0.000	
02090	4	0.000	0.000	0.000	151.192	378.579	2175.375	145.078	287.665	2231.945	148.987	115.496	2464.512	158.386	-57.788	2507.604	146.076	243.729	2291.295	278.620	202.170	2319.808	368.946	-18.109	2378.364	320.866	155.006	2243.940	301.258	225.608	2189.118	0.000	0.000	0.000	146.076	243.729	2291.295	28.634	196.978	2337.203	-61.403	-9.660	2433.663	-61.403	-234.048	2433.663	-61.403	-325.561	2433.663	0.000	0.000	0.000	258.315	-82.592	2533.570	258.315	-448.963	2533.570	258.315	-793.590	2533.570	0.000	0.000	0.000	57.485	-84.544	2508.327	57.485	-450.915	2508.327	57.485	-795.542	2508.327	0.000	0.000	0.000	
02091	4	0.000	0.000	0.000	151.404	365.875	2199.642	147.243	263.896	2232.252	148.142	89.728	2464.660	154.996	-83.021	2508.506	147.471	219.721	2291.198	279.978	171.429	2315.809	368.008	-22.925	2435.316	270.903	102.107	2277.389	231.265	153.146	2212.924	0.000	0.000	0.000	147.471	219.721	2291.198	44.790	195.306	2366.228	-65.864	-15.891	2420.592	-65.864	-239.505	2420.592	-65.864	-330.784	2420.592	0.000	0.000	0.000	249.261	-106.938	2548.428	249.261	-472.375	2548.428	249.261	-816.123	2548.428	0.000	0.000	0.000	70.129	-129.000	2551.617	70.129	-494.436	2551.617	70.129	-838.185	2551.617	0.000	0.000	0.000	
02092	4	0.000	0.000	0.000	154.431	356.762	2211.981	148.622	252.374	2235.065	153.011	78.518	2467.986	156.862	-92.892	2516.294	149.733	208.375	2294.012	276.194	171.548	2341.355	365.178	-34.656	2437.328	245.140	100.797	2306.620	196.125	156.107	2253.248	0.000	0.000	0.000	149.733	208.375	2294.012	41.364	188.823	2371.306	-66.535	-22.204	2430.254	20.755	147.742	2314.755	56.398	217.136	2267.594	0.000	0.000	0.000	254.077	-130.661	2553.417	254.077	-495.623	2553.417	254.077	-838.925	2553.417	0.000	0.000	0.000	75.683	-169.903	2545.171	75.683	-534.865	2545.171	75.683	-878.167	2545.171	0.000	0.000	0.000	
02093	4	0.000	0.000	0.000	159.281	347.648	2221.959	149.996	242.338	2238.307	156.504	68.228	2467.115	157.906	-101.578	2520.133	151.658	197.860	2296.759	276.972	159.875	2342.092	362.121	-44.432	2444.565	245.258	97.729	2318.795	197.527	155.793	2267.427	0.000	0.000	0.000	151.658	197.860	2296.759	44.228	167.552	2368.363	-72.663	-36.064	2434.466	16.473	134.474	2321.967	52.880	204.128	2276.018	0.000	0.000	0.000	257.557	-166.722	2557.453	257.557	-531.204	2557.453	257.557	-874.055	2557.453	0.000	0.000	0.000	70.722	-200.669	2542.317	70.722	-565.151	2542.317	70.722	-908.003	2542.317	0.000	0.000	0.000	
02094	4	0.000	0.000	0.000	163.939	304.681	2231.888	151.734	202.302	2254.861	160.473	30.141	2481.178	159.454	-135.806	2533.495	153.985	157.960	2313.151	276.767	131.958	2366.179	376.266	-74.446	2447.872	301.274	100.093	2332.563	270.633	171.407	2285.449	0.000	0.000	0.000	153.985	157.960	2313.151	44.440	136.095	2385.543	-82.354	-64.549	2438.850	17.444	105.351	2336.098	58.220	174.770	2294.115	0.000	0.000	0.000	250.818	-238.482	2573.639	250.818	-601.994	2573.639	250.818	-943.933	2573.639	0.000	0.000	0.000	79.441	-254.963	2580.093	79.441	-618.476	2580.093	79.441	-960.414	2580.093	0.000	0.000	0.000	
02095	4	0.000	0.000	0.000	165.362	292.816	2236.159	152.532	191.455	2259.428	163.163	22.127	2485.335	160.771	-143.200	2540.952	155.286	147.598	2317.939	274.979	116.186	2368.959	386.246	-81.098	2456.797	316.587	92.825	2337.902	288.121	163.897	2289.316	0.000	0.000	0.000	155.286	147.598	2317.939	51.791	121.535	2392.160	-94.028	-66.436	2441.360	21.882	102.502	2356.140	69.249	171.537	2321.316	0.000	0.000	0.000	245.355	-234.789	2599.236	245.355	-597.812	2599.236	245.355	-939.289	2599.236	0.000	0.000	0.000	93.335	-254.692	2608.576	93.335	-617.715	2608.576	93.335	-959.193	2608.576	0.000	0.000	0.000	
02096	4	0.000	0.000	0.000	166.804	278.760	2252.857	153.602	178.449	2270.785	160.146	5.278	2489.590	159.882	-163.668	2535.041	155.313	133.173	2327.992	271.561	94.952	2376.635	378.056	-92.271	2487.553	285.442	66.539	2364.454	247.588	131.447	2314.140	0.000	0.000	0.000	155.313	133.173	2327.992	53.644	117.001	2406.148	-48.055	-100.099	2441.095	46.782	87.080	2370.942	85.543	163.584	2342.269	0.000	0.000	0.000	237.433	-258.465	2587.565	237.433	-620.500	2587.565	237.433	-961.049	2587.565	0.000	0.000	0.000	87.203	-274.324	2569.596	87.203	-636.360	2569.596	87.203	-976.909	2569.596	0.000	0.000	0.000	
02097	4	0.000	0.000	0.000	167.336	275.985	2271.352	153.897	175.598	2275.435	158.835	8.101	2496.634	157.834	-157.540	2553.280	155.194	131.611	2333.524	264.016	95.742	2390.913	376.609	-90.799	2496.083	269.238	62.285	2378.409	225.350	124.858	2330.310	0.000	0.000	0.000	155.194	131.611	2333.524	50.392	113.214	2406.711	-40.123	-103.291	2465.600	54.665	75.354	2376.653	93.409	148.375	2340.295	0.000	0.000	0.000	219.002	-262.766	2643.463	219.002	-624.305	2643.463	219.002	-964.387	2643.463	0.000	0.000	0.000	85.375	-240.416	2644.642	85.375	-601.955	2644.642	85.375	-942.037	2644.642	0.000	0.000	0.000	
02098	4	0.000	0.000	0.000	168.613	272.771	2295.017	154.171	171.768	2289.026	157.280	5.834	2511.032	151.786	-150.809	2584.293	154.987	128.201	2347.315	265.596	92.863	2402.878	370.925	-87.586	2524.196	270.532	57.502	2389.736	229.719	116.484	2335.074	0.000	0.000	0.000	154.987	128.201	2347.315	48.498	96.600	2410.628	-34.853	-103.192	2517.912	55.348	59.176	2396.632	92.017	125.184	2347.327	0.000	0.000	0.000	211.974	-275.740	2695.521	211.974	-636.781	2695.521	211.974	-976.394	2695.521	0.000	0.000	0.000	75.273	-238.700	2696.380	75.273	-599.741	2696.380	75.273	-939.354	2696.380	0.000	0.000	0.000	
02099	4	0.000	0.000	0.000	175.503	258.113	2329.137	154.868	156.911	2332.341	148.999	-16.354	2552.611	130.439	-167.625	2635.094	153.348	112.051	2389.370	263.280	92.033	2455.701	385.272	-110.408	2502.467	272.522	51.168	2401.252	226.745	116.768	2360.158	0.000	0.000	0.000	153.348	112.051	2389.370	43.002	61.966	2430.585	-30.508	-95.189	2597.766	28.291	42.817	2434.791	52.163	98.848	2368.623	0.000	0.000	0.000	197.610	-337.466	2696.443	197.610	-697.507	2696.443	197.610	-1036.180	2696.443	0.000	0.000	0.000	38.800	-286.775	2757.321	38.800	-646.816	2757.321	38.800	-985.489	2757.321	0.000	0.000	0.000	
02100	4	0.000	0.000	0.000	182.064	246.555	2339.068	155.452	148.590	2360.206	145.078	-35.762	2573.100	123.289	-190.552	2647.122	152.784	101.181	2414.956	269.895	86.168	2482.946	389.463	-118.051	2526.394	279.205	36.968	2411.216	234.679	99.571	2364.703	0.000	0.000	0.000	152.784	101.181	2414.956	35.734	54.395	2454.301	-41.034	-116.255	2605.546	38.536	39.135	2467.790	70.669	101.887	2412.159	0.000	0.000	0.000	199.709	-322.762	2718.651	199.709	-682.302	2718.651	199.709	-1020.504	2718.651	0.000	0.000	0.000	37.567	-299.872	2759.188	37.567	-659.412	2759.188	37.567	-997.613	2759.188	0.000	0.000	0.000	
02101	4	0.000	0.000	0.000	193.839	228.521	2367.931	156.606	142.298	2410.700	142.510	-57.438	2610.150	112.920	-203.662	2701.748	153.001	91.208	2461.717	280.622	80.346	2529.684	391.172	-129.877	2564.090	320.971	40.377	2442.195	292.495	109.436	2392.751	0.000	0.000	0.000	153.001	91.208	2461.717	31.600	47.530	2504.335	-42.348	-139.451	2635.366	54.443	13.526	2508.864	93.704	75.577	2457.552	0.000	0.000	0.000	169.160	-319.445	2824.677	169.160	-678.082	2824.677	169.160	-1015.433	2824.677	0.000	0.000	0.000	19.546	-314.899	2824.200	19.546	-673.535	2824.200	19.546	-1010.887	2824.200	0.000	0.000	0.000	
02102	4	0.000	0.000	0.000	193.839	228.521	2367.931	156.606	142.298	2410.700	142.510	-57.438	2610.150	112.920	-203.662	2701.748	153.001	91.208	2461.717	280.622	80.346	2529.684	391.172	-129.877	2564.090	320.971	40.377	2442.195	292.495	109.436	2392.751	0.000	0.000	0.000	153.001	91.208	2461.717	31.600	47.530	2504.335	-42.348	-139.451	2635.366	54.443	13.526	2508.864	93.704	75.577	2457.552	0.000	0.000	0.000	169.160	-319.445	2824.677	169.160	-678.082	2824.677	169.160	-1015.433	2824.677	0.000	0.000	0.000	19.546	-314.899	2824.200	19.546	-673.535	2824.200	19.546	-1010.887	2824.200	0.000	0.000	0.000	
02103	4	0.000	0.000	0.000	201.098	233.214	2398.653	160.602	142.701	2426.106	149.908	-53.888	2625.691	119.182	-199.048	2718.298	157.847	92.054	2477.525	290.433	78.928	2535.752	401.324	-129.074	2579.732	349.161	54.851	2470.266	327.968	129.573	2425.793	0.000	0.000	0.000	157.847	92.054	2477.525	44.855	54.144	2534.297	-30.186	-135.726	2660.052	75.012	1.300	2523.343	117.751	56.968	2467.802	0.000	0.000	0.000	194.742	-318.868	2796.495	194.742	-677.183	2796.495	194.742	-1014.233	2796.495	0.000	0.000	0.000	24.317	-282.588	2838.013	24.317	-640.903	2838.013	24.317	-977.953	2838.013	0.000	0.000	0.000	
