02704	2	0.000	0.000	0.000	154.945	352.170	1989.650	155.171	258.836	2021.646	159.273	79.332	2222.776	154.288	-39.186	2111.690	156.200	213.802	2072.105	277.593	204.564	2087.217	331.208	-14.339	2077.271	293.887	178.358	2015.616	278.681	256.864	1990.498	0.000	0.000	0.000	156.200	213.802	2072.105	31.081	176.197	2023.789	31.081	-49.395	2023.789	31.081	-255.128	2023.789	31.081	-338.946	2023.789	0.000	0.000	0.000	237.582	-70.364	2139.780	237.582	-405.929	2139.780	237.582	-721.580	2139.780	0.000	0.000	0.000	56.913	-26.361	2146.394	56.913	-361.927	2146.394	56.913	-677.577	2146.394	0.000	0.000	0.000	
02705	2	0.000	0.000	0.000	153.620	359.723	1989.555	150.799	267.775	2025.066	107.356	89.035	2221.966	110.552	-47.977	2136.763	139.900	222.933	2074.464	276.489	191.459	2061.096	337.427	-23.668	2086.990	345.805	179.292	2056.912	349.223	262.085	2044.642	0.000	0.000	0.000	139.900	222.933	2074.464	35.127	175.458	2056.968	35.127	-49.628	2056.968	35.127	-254.975	2056.968	35.127	-338.743	2056.968	0.000	0.000	0.000	187.103	-71.262	2153.886	187.103	-406.627	2153.886	187.103	-722.088	2153.886	0.000	0.000	0.000	34.363	-71.013	2140.560	34.363	-406.378	2140.560	34.363	-721.839	2140.560	0.000	0.000	0.000	
02706	2	0.000	0.000	0.000	153.332	366.654	1988.097	149.261	275.603	2025.653	88.135	101.649	2222.029	98.836	-42.124	2148.611	133.926	231.962	2074.920	273.542	191.960	2056.839	348.717	-17.209	2091.043	362.770	186.635	2072.242	368.505	269.827	2064.569	0.000	0.000	0.000	133.926	231.962	2074.920	37.950	179.426	2067.776	37.950	-45.458	2067.776	37.950	-250.648	2067.776	37.950	-334.390	2067.776	0.000	0.000	0.000	193.382	6.337	2170.020	193.382	-328.924	2170.020	193.382	-644.287	2170.020	0.000	0.000	0.000	-2.930	5.624	2160.531	-2.930	-329.637	2160.531	-2.930	-645.000	2160.531	0.000	0.000	0.000	
02707	2	0.000	0.000	0.000	152.787	363.325	1991.172	147.952	273.476	2031.356	81.174	98.518	2224.862	91.176	-46.400	2152.909	131.199	229.583	2079.903	275.748	192.005	2059.924	350.337	-17.483	2092.248	364.546	187.068	2093.919	370.347	270.579	2094.602	0.000	0.000	0.000	131.199	229.583	2079.903	34.261	177.023	2070.809	34.261	-47.684	2070.809	34.261	-252.735	2070.809	34.261	-336.450	2070.809	0.000	0.000	0.000	185.905	12.584	2177.537	185.905	-322.571	2177.537	185.905	-637.834	2177.537	0.000	0.000	0.000	-8.377	-5.541	2166.793	-8.377	-340.696	2166.793	-8.377	-655.959	2166.793	0.000	0.000	0.000	
02708	2	0.000	0.000	0.000	152.463	358.707	1993.440	147.417	269.022	2033.886	86.644	94.701	2229.811	92.433	-51.973	2160.454	132.170	225.288	2083.040	277.884	193.534	2067.678	348.375	-17.457	2098.284	364.135	186.766	2092.047	370.571	270.167	2089.499	0.000	0.000	0.000	132.170	225.288	2083.040	30.866	174.479	2070.489	30.866	-50.071	2070.489	30.866	-254.996	2070.489	30.866	-338.684	2070.489	0.000	0.000	0.000	187.493	-1.905	2173.662	187.493	-336.951	2173.662	187.493	-652.113	2173.662	0.000	0.000	0.000	-4.232	-17.034	2172.517	-4.232	-352.080	2172.517	-4.232	-667.242	2172.517	0.000	0.000	0.000	
02709	4	0.000	0.000	0.000	152.334	354.657	1995.541	147.217	265.757	2037.601	93.697	94.810	2238.429	107.024	-38.533	2146.456	133.790	222.870	2087.985	278.085	189.205	2071.394	349.926	-21.709	2098.100	358.618	182.578	2086.347	362.169	266.025	2081.546	0.000	0.000	0.000	133.790	222.870	2087.985	26.917	171.719	2066.115	26.917	-52.690	2066.115	26.917	-257.500	2066.115	26.917	-341.160	2066.115	0.000	0.000	0.000	195.575	-5.320	2166.810	195.575	-340.257	2166.810	195.575	-655.315	2166.810	0.000	0.000	0.000	8.449	-8.704	2163.932	8.449	-343.640	2163.932	8.449	-658.698	2163.932	0.000	0.000	0.000	
02710	4	0.000	0.000	0.000	155.049	352.817	1987.553	153.570	264.327	2030.535	150.139	71.923	2218.289	146.763	-22.986	2086.008	152.709	216.057	2077.638	286.584	186.850	2074.816	346.921	-28.185	2092.829	367.231	175.250	2087.237	375.531	258.387	2084.952	0.000	0.000	0.000	152.709	216.057	2077.638	30.827	171.692	2075.358	30.827	-52.373	2075.358	30.827	-256.896	2075.358	30.827	-340.477	2075.358	0.000	0.000	0.000	230.864	12.359	2209.635	230.864	-322.261	2209.635	230.864	-637.021	2209.635	0.000	0.000	0.000	53.150	8.808	2168.317	53.150	-325.811	2168.317	53.150	-640.571	2168.317	0.000	0.000	0.000	
02711	4	0.000	0.000	0.000	153.902	347.684	1988.563	149.678	260.179	2033.295	155.964	58.017	2210.332	142.813	-37.453	2078.994	151.255	209.461	2077.709	287.415	212.949	2097.088	307.654	-9.418	2079.366	358.103	188.035	2095.818	378.722	268.734	2102.542	0.000	0.000	0.000	151.255	209.461	2077.709	30.891	178.620	2100.447	30.891	-45.369	2100.447	30.891	-249.828	2100.447	30.891	-333.391	2100.447	0.000	0.000	0.000	218.103	-55.223	2158.660	218.103	-389.770	2158.660	218.103	-704.462	2158.660	0.000	0.000	0.000	91.066	-59.439	2175.838	91.066	-393.986	2175.838	91.066	-708.678	2175.838	0.000	0.000	0.000	
02712	4	0.000	0.000	0.000	154.447	345.909	1987.187	151.334	258.164	2031.503	147.672	61.234	2214.344	126.984	-58.469	2105.734	150.415	208.759	2077.374	283.758	205.453	2101.129	343.519	-10.144	2110.611	325.899	192.065	2086.464	318.696	274.716	2076.594	0.000	0.000	0.000	150.415	208.759	2077.374	25.779	162.489	2047.141	25.779	-61.438	2047.141	25.779	-265.846	2047.141	25.779	-349.394	2047.141	0.000	0.000	0.000	224.021	2.266	2211.785	224.021	-332.223	2211.785	224.021	-646.860	2211.785	0.000	0.000	0.000	44.926	-14.976	2191.939	44.926	-349.464	2191.939	44.926	-664.101	2191.939	0.000	0.000	0.000	
02713	4	0.000	0.000	0.000	154.658	342.228	1985.064	151.530	256.025	2032.278	129.311	77.191	2231.604	105.279	-72.575	2171.951	145.955	211.160	2082.285	286.293	191.180	2087.625	354.350	-16.369	2136.752	306.891	172.315	2074.209	287.491	249.441	2048.644	0.000	0.000	0.000	145.955	211.160	2082.285	26.070	162.312	2062.398	26.070	-61.567	2062.398	26.070	-265.933	2062.398	26.070	-349.470	2062.398	0.000	0.000	0.000	153.240	-42.696	2280.066	153.240	-377.138	2280.066	153.240	-691.731	2280.066	0.000	0.000	0.000	22.073	-26.779	2221.876	22.073	-361.221	2221.876	22.073	-675.814	2221.876	0.000	0.000	0.000	
02714	4	0.000	0.000	0.000	154.750	326.548	1985.584	151.345	247.291	2043.659	119.874	94.141	2262.134	104.012	-63.350	2233.990	143.450	208.869	2098.470	288.089	177.992	2097.309	348.489	-33.740	2137.449	313.605	147.494	2049.822	299.344	221.582	2014.000	0.000	0.000	0.000	143.450	208.869	2098.470	25.771	146.725	2065.959	25.771	-77.082	2065.959	25.771	-281.389	2065.959	25.771	-364.910	2065.959	0.000	0.000	0.000	203.411	-34.101	2222.009	203.411	-368.475	2222.009	203.411	-683.005	2222.009	0.000	0.000	0.000	14.995	-38.798	2207.398	14.995	-373.172	2207.398	14.995	-687.702	2207.398	0.000	0.000	0.000	
02715	4	0.000	0.000	0.000	155.883	318.217	1988.580	156.567	235.923	2042.346	149.412	83.219	2263.227	148.981	-54.893	2184.198	154.772	197.613	2097.760	291.411	175.996	2112.083	319.415	-45.967	2107.885	363.474	153.494	2108.314	381.487	235.037	2108.489	0.000	0.000	0.000	154.772	197.613	2097.760	32.187	135.085	2073.941	32.187	-88.677	2073.941	32.187	-292.946	2073.941	32.187	-376.455	2073.941	0.000	0.000	0.000	233.422	-69.146	2193.855	233.422	-403.477	2193.855	233.422	-717.965	2193.855	0.000	0.000	0.000	65.077	-69.680	2193.601	65.077	-404.011	2193.601	65.077	-718.500	2193.601	0.000	0.000	0.000	
02716	4	0.000	0.000	0.000	156.308	314.720	1990.387	158.061	230.464	2040.989	167.395	76.112	2260.623	162.090	-47.272	2159.008	160.403	191.741	2096.090	284.518	153.969	2103.837	360.406	-53.470	2139.506	363.594	149.713	2118.854	364.897	232.780	2110.411	0.000	0.000	0.000	160.403	191.741	2096.090	32.524	146.402	2095.458	32.524	-77.344	2095.458	32.524	-281.599	2095.458	32.524	-365.104	2095.458	0.000	0.000	0.000	256.772	-26.909	2208.413	256.772	-361.224	2208.413	256.772	-675.698	2208.413	0.000	0.000	0.000	66.995	-29.293	2192.939	66.995	-363.608	2192.939	66.995	-678.082	2192.939	0.000	0.000	0.000	
02717	4	0.000	0.000	0.000	156.602	303.261	1988.653	160.014	218.145	2037.693	163.940	53.431	2249.814	139.189	-77.454	2159.229	160.999	176.822	2090.909	276.347	162.256	2125.334	346.592	-50.095	2130.307	359.263	146.683	2077.108	364.443	227.134	2055.359	0.000	0.000	0.000	160.999	176.822	2090.909	41.504	135.815	2096.981	41.504	-87.908	2096.981	41.504	-292.143	2096.981	41.504	-375.643	2096.981	0.000	0.000	0.000	232.375	-46.142	2220.219	232.375	-380.435	2220.219	232.375	-694.888	2220.219	0.000	0.000	0.000	53.860	-64.282	2192.377	53.860	-398.575	2192.377	53.860	-713.028	2192.377	0.000	0.000	0.000	
02718	4	0.000	0.000	0.000	156.394	296.237	1985.891	160.161	209.642	2032.237	143.108	63.249	2256.773	108.056	-79.986	2190.915	155.883	172.915	2088.569	254.525	160.190	2146.746	337.172	-42.989	2102.749	348.621	160.827	2096.656	353.302	244.156	2094.164	0.000	0.000	0.000	155.883	172.915	2088.569	45.445	138.738	2111.452	45.445	-84.976	2111.452	45.445	-289.205	2111.452	45.445	-372.703	2111.452	0.000	0.000	0.000	196.263	-56.622	2253.958	196.263	-390.906	2253.958	196.263	-705.352	2253.958	0.000	0.000	0.000	22.658	-71.374	2198.943	22.658	-405.659	2198.943	22.658	-720.104	2198.943	0.000	0.000	0.000	
02719	4	0.000	0.000	0.000	155.657	291.684	1980.232	155.507	201.747	2019.076	115.056	78.575	2254.287	95.131	-80.108	2243.974	145.359	170.846	2078.085	240.134	148.198	2136.756	348.098	-47.561	2128.736	307.979	150.802	2101.399	291.577	231.903	2090.223	0.000	0.000	0.000	145.359	170.846	2078.085	85.328	117.201	2127.725	85.328	-106.500	2127.725	85.328	-310.716	2127.725	85.328	-394.211	2127.725	0.000	0.000	0.000	191.187	-85.822	2243.100	191.187	-420.093	2243.100	191.187	-734.525	2243.100	0.000	0.000	0.000	5.152	-97.107	2224.721	5.152	-431.378	2224.721	5.152	-745.810	2224.721	0.000	0.000	0.000	
02720	4	0.000	0.000	0.000	155.639	286.406	1982.601	155.754	193.554	2014.035	118.991	65.805	2247.396	108.559	-94.668	2247.462	146.531	161.505	2072.580	261.249	133.497	2108.774	357.019	-60.060	2167.110	277.269	105.384	2077.832	244.663	173.026	2041.330	0.000	0.000	0.000	146.531	161.505	2072.580	71.393	115.658	2116.635	71.393	-108.036	2116.635	71.393	-312.247	2116.635	71.393	-395.740	2116.635	0.000	0.000	0.000	204.029	-95.608	2260.671	204.029	-429.871	2260.671	204.029	-744.296	2260.671	0.000	0.000	0.000	17.394	-126.163	2240.433	17.394	-460.426	2240.433	17.394	-774.851	2240.433	0.000	0.000	0.000	
02721	4	0.000	0.000	0.000	173.215	274.381	1996.012	169.951	176.292	1995.606	184.258	-0.338	2197.379	169.452	-159.114	2172.923	173.541	131.980	2046.226	208.460	94.201	2122.412	208.460	-129.469	2122.412	208.460	-333.660	2122.412	208.460	-417.144	2122.412	0.000	0.000	0.000	173.541	131.980	2046.226	117.558	89.805	2114.250	117.558	-133.866	2114.250	117.558	-338.056	2114.250	117.558	-421.541	2114.250	0.000	0.000	0.000	177.144	-151.310	2272.044	177.144	-485.542	2272.044	177.144	-799.938	2272.044	0.000	0.000	0.000	92.125	-161.326	2224.590	92.125	-495.558	2224.590	92.125	-809.955	2224.590	0.000	0.000	0.000	
02722	4	0.000	0.000	0.000	173.215	274.381	1996.012	169.951	176.292	1995.606	184.258	-0.338	2197.379	169.452	-159.114	2172.923	173.541	131.980	2046.226	208.460	94.201	2122.412	208.460	-129.469	2122.412	208.460	-333.660	2122.412	208.460	-417.144	2122.412	0.000	0.000	0.000	173.541	131.980	2046.226	117.558	89.805	2114.250	117.558	-133.866	2114.250	117.558	-338.056	2114.250	117.558	-421.541	2114.250	0.000	0.000	0.000	177.144	-151.310	2272.044	177.144	-485.542	2272.044	177.144	-799.938	2272.044	0.000	0.000	0.000	92.125	-161.326	2224.590	92.125	-495.558	2224.590	92.125	-809.955	2224.590	0.000	0.000	0.000	
02723	4	0.000	0.000	0.000	185.649	272.904	1999.197	183.410	175.798	1985.004	215.521	-13.328	2172.907	215.857	-170.846	2136.454	191.466	128.350	2032.145	179.779	111.666	2127.487	179.779	-111.991	2127.487	179.779	-316.170	2127.487	179.779	-399.650	2127.487	0.000	0.000	0.000	191.466	128.350	2032.145	39.706	129.514	2025.434	39.706	-94.143	2025.434	39.706	-298.321	2025.434	39.706	-381.801	2025.434	0.000	0.000	0.000	272.129	-200.206	2203.195	272.129	-534.420	2203.195	272.129	-848.798	2203.195	0.000	0.000	0.000	160.331	-180.789	2215.164	160.331	-515.003	2215.164	160.331	-829.381	2215.164	0.000	0.000	0.000	
02724	4	0.000	0.000	0.000	193.624	262.938	2000.734	208.184	168.680	1977.450	253.135	-28.149	2151.238	270.580	-180.021	2102.583	219.551	118.907	2021.396	203.656	148.663	2132.753	203.656	-74.976	2132.753	203.656	-279.138	2132.753	203.656	-362.611	2132.753	0.000	0.000	0.000	219.551	118.907	2021.396	52.540	160.034	1961.934	52.540	-63.605	1961.934	52.540	-267.766	1961.934	52.540	-351.240	1961.934	0.000	0.000	0.000	354.414	-233.051	2121.617	354.414	-567.238	2121.617	354.414	-881.592	2121.617	0.000	0.000	0.000	304.391	-265.862	2146.616	304.391	-600.049	2146.616	304.391	-914.402	2146.616	0.000	0.000	0.000	
02725	4	0.000	0.000	0.000	189.392	238.496	2018.661	229.493	156.788	1981.838	217.468	-73.518	2116.571	246.960	-204.081	2021.427	226.461	98.716	2015.811	213.923	138.483	2137.252	213.923	-85.105	2137.252	213.923	-289.221	2137.252	213.923	-372.675	2137.252	0.000	0.000	0.000	226.461	98.716	2015.811	75.025	186.285	1982.553	75.025	-37.303	1982.553	75.025	-241.418	1982.553	75.025	-324.873	1982.553	0.000	0.000	0.000	295.991	-262.468	2080.077	295.991	-596.580	2080.077	295.991	-910.863	2080.077	0.000	0.000	0.000	263.468	-228.544	2117.058	263.468	-562.656	2117.058	263.468	-876.939	2117.058	0.000	0.000	0.000	
02726	4	0.000	0.000	0.000	184.443	219.956	2039.394	234.175	148.468	1994.052	216.779	-74.591	2140.357	239.121	-212.842	2049.447	229.793	92.281	2030.906	218.492	128.940	2149.563	218.492	-94.615	2149.563	218.492	-298.701	2149.563	218.492	-382.144	2149.563	0.000	0.000	0.000	229.793	92.281	2030.906	79.410	172.427	2010.922	79.410	-51.129	2010.922	79.410	-255.215	2010.922	79.410	-338.657	2010.922	0.000	0.000	0.000	292.292	-285.632	2090.217	292.292	-619.696	2090.217	292.292	-933.933	2090.217	0.000	0.000	0.000	261.043	-253.112	2136.032	261.043	-587.176	2136.032	261.043	-901.413	2136.032	0.000	0.000	0.000	
02727	4	0.000	0.000	0.000	184.369	215.557	2059.945	227.959	144.434	2008.180	200.001	-83.761	2144.929	216.653	-220.505	2050.343	220.922	87.000	2042.598	203.543	129.460	2163.297	203.543	-94.059	2163.297	203.543	-298.111	2163.297	203.543	-381.540	2163.297	0.000	0.000	0.000	220.922	87.000	2042.598	73.901	161.539	1978.933	73.901	-61.980	1978.933	73.901	-266.032	1978.933	73.901	-349.461	1978.933	0.000	0.000	0.000	279.715	-273.241	2094.978	279.715	-607.250	2094.978	279.715	-921.436	2094.978	0.000	0.000	0.000	166.051	-290.604	2080.402	166.051	-624.613	2080.402	166.051	-938.799	2080.402	0.000	0.000	0.000	
02728	4	0.000	0.000	0.000	187.947	216.339	2091.801	216.321	145.716	2029.807	175.035	-96.928	2134.878	192.271	-228.894	2037.922	205.936	84.684	2056.236	241.895	146.541	2185.657	241.895	-76.936	2185.657	241.895	-280.950	2185.657	241.895	-364.364	2185.657	0.000	0.000	0.000	205.936	84.684	2056.236	166.536	79.846	1895.172	166.536	-143.631	1895.172	166.536	-347.645	1895.172	166.536	-431.059	1895.172	0.000	0.000	0.000	261.743	-247.872	2095.375	261.743	-581.819	2095.375	261.743	-895.947	2095.375	0.000	0.000	0.000	157.084	-282.848	2085.329	157.084	-616.795	2085.329	157.084	-930.922	2085.329	0.000	0.000	0.000	
02729	4	0.000	0.000	0.000	194.110	223.010	2141.181	198.188	154.597	2070.951	158.745	-105.839	2118.982	163.389	-231.991	2014.312	188.276	89.151	2083.021	152.605	102.971	2213.544	152.605	-120.405	2213.544	152.605	-324.328	2213.544	152.605	-407.703	2213.544	0.000	0.000	0.000	188.276	89.151	2083.021	286.563	72.818	1968.102	286.563	-150.558	1968.102	286.563	-354.481	1968.102	286.563	-437.857	1968.102	0.000	0.000	0.000	243.800	-216.542	2093.043	243.800	-550.339	2093.043	243.800	-864.325	2093.043	0.000	0.000	0.000	161.787	-266.033	2093.994	161.787	-599.829	2093.994	161.787	-913.816	2093.994	0.000	0.000	0.000	
02731	4	0.000	0.000	0.000	181.640	239.207	2198.959	128.017	164.611	2151.479	0.000	0.000	0.000	0.000	0.000	0.000	94.306	110.826	2163.133	30.137	63.624	2301.973	30.137	-257.520	2301.973	30.137	-550.695	2301.973	30.137	-670.563	2301.973	0.000	0.000	0.000	94.306	110.826	2163.133	-2.047	79.483	2016.335	-2.047	-241.660	2016.335	-2.047	-534.836	2016.335	-2.047	-654.704	2016.335	0.000	0.000	0.000	0.000	0.000	0.000	0.000	-479.894	0.000	0.000	-931.307	0.000	0.000	0.000	0.000	0.000	0.000	0.000	0.000	-479.894	0.000	0.000	-931.307	0.000	0.000	0.000	0.000	
02732	4	0.000	0.000	0.000	182.046	204.412	2217.442	152.771	130.550	2191.902	0.000	0.000	0.000	0.000	0.000	0.000	100.971	72.352	2226.092	45.281	47.216	2354.778	45.281	-279.005	2354.778	45.281	-576.816	2354.778	45.281	-698.579	2354.778	0.000	0.000	0.000	100.971	72.352	2226.092	3.781	51.836	2062.933	3.781	-274.385	2062.933	3.781	-572.196	2062.933	3.781	-693.959	2062.933	0.000	0.000	0.000	0.000	0.000	0.000	0.000	-487.482	0.000	0.000	-946.032	0.000	0.000	0.000	0.000	0.000	0.000	0.000	0.000	-487.482	0.000	0.000	-946.032	0.000	0.000	0.000	0.000	
02733	4	0.000	0.000	0.000	184.591	201.499	2232.696	154.608	127.174	2203.619	0.000	0.000	0.000	0.000	0.000	0.000	101.924	68.124	2238.735	45.368	44.168	2369.825	45.368	-285.815	2369.825	45.368	-587.059	2369.825	45.368	-710.227	2369.825	0.000	0.000	0.000	101.924	68.124	2238.735	2.422	51.484	2071.111	2.422	-278.498	2071.111	2.422	-579.743	2071.111	2.422	-702.910	2071.111	0.000	0.000	0.000	0.000	0.000	0.000	0.000	-493.102	0.000	0.000	-956.940	0.000	0.000	0.000	0.000	0.000	0.000	0.000	0.000	-493.102	0.000	0.000	-956.940	0.000	0.000	0.000	0.000	
02734	4	0.000	0.000	0.000	187.994	203.822	2253.246	154.277	129.081	2215.226	0.000	0.000	0.000	0.000	0.000	0.000	102.364	70.014	2246.493	47.368	44.189	2385.806	47.368	-289.435	2385.806	47.368	-594.005	2385.806	47.368	-718.531	2385.806	0.000	0.000	0.000	102.364	70.014	2246.493	-3.086	50.289	2085.755	-3.086	-283.336	2085.755	-3.086	-587.905	2085.755	-3.086	-712.432	2085.755	0.000	0.000	0.000	0.000	0.000	0.000	0.000	-498.545	0.000	0.000	-967.501	0.000	0.000	0.000	0.000	0.000	0.000	0.000	0.000	-498.545	0.000	0.000	-967.501	0.000	0.000	0.000	0.000	
02735	4	0.000	0.000	0.000	194.032	206.469	2268.479	153.672	131.040	2226.115	0.000	0.000	0.000	0.000	0.000	0.000	102.580	70.861	2255.679	52.617	43.579	2402.528	52.617	-293.788	2402.528	52.617	-601.775	2402.528	52.617	-727.699	2402.528	0.000	0.000	0.000	102.580	70.861	2255.679	-3.758	48.225	2094.430	-3.758	-289.142	2094.430	-3.758	-597.129	2094.430	-3.758	-723.052	2094.430	0.000	0.000	0.000	0.000	0.000	0.000	0.000	-504.138	0.000	0.000	-978.356	0.000	0.000	0.000	0.000	0.000	0.000	0.000	0.000	-504.138	0.000	0.000	-978.356	0.000	0.000	0.000	0.000	
02736	4	0.000	0.000	0.000	196.867	212.714	2282.849	152.080	136.609	2237.757	0.000	0.000	0.000	0.000	0.000	0.000	102.675	74.761	2264.919	50.717	48.664	2416.752	50.717	-291.698	2416.752	50.717	-602.418	2416.752	50.717	-729.460	2416.752	0.000	0.000	0.000	102.675	74.761	2264.919	-7.026	47.308	2108.302	-7.026	-293.054	2108.302	-7.026	-603.774	2108.302	-7.026	-730.816	2108.302	0.000	0.000	0.000	0.000	0.000	0.000	0.000	-508.613	0.000	0.000	-987.040	0.000	0.000	0.000	0.000	0.000	0.000	0.000	0.000	-508.613	0.000	0.000	-987.040	0.000	0.000	0.000	0.000	
02737	4	0.000	0.000	0.000	195.373	230.925	2301.480	142.907	154.073	2267.163	0.000	0.000	0.000	0.000	0.000	0.000	100.925	92.459	2294.622	32.833	61.471	2447.694	32.833	-284.736	2447.694	32.833	-600.792	2447.694	32.833	-730.016	2447.694	0.000	0.000	0.000	100.925	92.459	2294.622	-10.638	48.847	2130.656	-10.638	-297.360	2130.656	-10.638	-613.416	2130.656	-10.638	-742.640	2130.656	0.000	0.000	0.000	0.000	0.000	0.000	0.000	-517.348	0.000	0.000	-1003.991	0.000	0.000	0.000	0.000	0.000	0.000	0.000	0.000	-517.348	0.000	0.000	-1003.991	0.000	0.000	0.000	0.000	
02738	4	0.000	0.000	0.000	194.316	232.952	2310.182	141.959	158.260	2278.609	0.000	0.000	0.000	0.000	0.000	0.000	99.588	97.344	2306.999	30.150	61.765	2458.438	30.150	-285.669	2458.438	30.150	-602.845	2458.438	30.150	-732.526	2458.438	0.000	0.000	0.000	99.588	97.344	2306.999	-13.437	48.350	2144.734	-13.437	-299.084	2144.734	-13.437	-616.260	2144.734	-13.437	-745.941	2144.734	0.000	0.000	0.000	0.000	0.000	0.000	0.000	-519.181	0.000	0.000	-1007.548	0.000	0.000	0.000	0.000	0.000	0.000	0.000	0.000	-519.181	0.000	0.000	-1007.548	0.000	0.000	0.000	0.000	
02739	4	0.000	0.000	0.000	193.338	230.231	2351.047	141.623	159.255	2305.611	0.000	0.000	0.000	0.000	0.000	0.000	98.130	98.972	2339.647	28.647	60.784	2486.855	28.647	-288.416	2486.855	28.647	-607.204	2486.855	28.647	-737.545	2486.855	0.000	0.000	0.000	98.130	98.972	2339.647	-16.012	46.849	2172.098	-16.012	-302.351	2172.098	-16.012	-621.140	2172.098	-16.012	-751.480	2172.098	0.000	0.000	0.000	0.000	0.000	0.000	0.000	-521.820	0.000	0.000	-1012.670	0.000	0.000	0.000	0.000	0.000	0.000	0.000	0.000	-521.820	0.000	0.000	-1012.670	0.000	0.000	0.000	0.000	
02740	4	0.000	0.000	0.000	193.338	230.231	2351.047	141.623	159.255	2305.611	0.000	0.000	0.000	0.000	0.000	0.000	98.130	98.972	2339.647	28.647	60.784	2486.855	28.647	-288.416	2486.855	28.647	-607.204	2486.855	28.647	-737.545	2486.855	0.000	0.000	0.000	98.130	98.972	2339.647	-16.012	46.849	2172.098	-16.012	-302.351	2172.098	-16.012	-621.140	2172.098	-16.012	-751.480	2172.098	0.000	0.000	0.000	0.000	0.000	0.000	0.000	-521.820	0.000	0.000	-1012.670	0.000	0.000	0.000	0.000	0.000	0.000	0.000	0.000	-521.820	0.000	0.000	-1012.670	0.000	0.000	0.000	0.000	
02741	4	0.000	0.000	0.000	193.289	225.992	2376.045	142.088	155.748	2332.035	0.000	0.000	0.000	0.000	0.000	0.000	97.732	96.201	2359.326	25.128	54.374	2510.469	25.128	-295.454	2510.469	25.128	-614.816	2510.469	25.128	-745.391	2510.469	0.000	0.000	0.000	97.732	96.201	2359.326	-18.344	44.624	2198.963	-18.344	-305.204	2198.963	-18.344	-624.565	2198.963	-18.344	-755.140	2198.963	0.000	0.000	0.000	0.000	0.000	0.000	0.000	-522.758	0.000	0.000	-1014.491	0.000	0.000	0.000	0.000	0.000	0.000	0.000	0.000	-522.758	0.000	0.000	-1014.491	0.000	0.000	0.000	0.000	
02742	4	0.000	0.000	0.000	193.615	206.645	2417.038	144.664	140.571	2376.772	0.000	0.000	0.000	0.000	0.000	0.000	97.384	82.098	2390.359	24.402	32.689	2554.826	24.402	-317.844	2554.826	24.402	-637.848	2554.826	24.402	-768.686	2554.826	0.000	0.000	0.000	97.384	82.098	2390.359	-16.279	37.814	2230.680	-16.279	-312.718	2230.680	-16.279	-632.723	2230.680	-16.279	-763.561	2230.680	0.000	0.000	0.000	0.000	0.000	0.000	0.000	-523.811	0.000	0.000	-1016.535	0.000	0.000	0.000	0.000	0.000	0.000	0.000	0.000	-523.811	0.000	0.000	-1016.535	0.000	0.000	0.000	0.000	
02743	4	0.000	0.000	0.000	198.320	200.687	2421.463	149.450	134.374	2385.331	0.000	0.000	0.000	0.000	0.000	0.000	103.315	73.787	2400.722	28.261	31.499	2566.502	28.261	-319.395	2566.502	28.261	-639.730	2566.502	28.261	-770.703	2566.502	0.000	0.000	0.000	103.315	73.787	2400.722	-11.072	30.538	2238.552	-11.072	-320.356	2238.552	-11.072	-640.691	2238.552	-11.072	-771.663	2238.552	0.000	0.000	0.000	0.000	0.000	0.000	0.000	-524.351	0.000	0.000	-1017.583	0.000	0.000	0.000	0.000	0.000	0.000	0.000	0.000	-524.351	0.000	0.000	-1017.583	0.000	0.000	0.000	0.000	
02744	4	0.000	0.000	0.000	207.242	197.445	2424.989	158.986	129.893	2392.741	0.000	0.000	0.000	0.000	0.000	0.000	124.809	66.280	2407.927	34.524	30.879	2574.289	34.524	-320.160	2574.289	34.524	-640.627	2574.289	34.524	-771.654	2574.289	0.000	0.000	0.000	124.809	66.280	2407.927	1.341	27.609	2241.279	1.341	-323.430	2241.279	1.341	-643.897	2241.279	1.341	-774.924	2241.279	0.000	0.000	0.000	0.000	0.000	0.000	0.000	-524.568	0.000	0.000	-1018.003	0.000	0.000	0.000	0.000	0.000	0.000	0.000	0.000	-524.568	0.000	0.000	-1018.003	0.000	0.000	0.000	0.000	
