02074	2	0.000	0.000	0.000	124.033	440.499	2227.372	136.205	338.186	2265.628	120.046	97.063	2409.291	111.819	-82.764	2396.866	131.875	273.565	2304.130	277.551	244.624	2269.369	344.895	3.710	2267.167	204.438	175.650	2210.411	147.211	245.705	2187.286	0.000	0.000	0.000	131.875	273.565	2304.130	5.888	247.572	2325.233	-58.437	9.671	2368.192	-44.540	-210.153	2304.969	-38.877	-299.717	2279.209	0.000	0.000	0.000	210.115	-87.933	2380.994	210.115	-461.727	2380.994	210.115	-813.338	2380.994	0.000	0.000	0.000	13.808	-98.121	2409.557	13.808	-471.916	2409.557	13.808	-823.526	2409.557	0.000	0.000	0.000	
02075	2	0.000	0.000	0.000	124.033	440.499	2227.372	136.205	338.186	2265.628	120.046	97.063	2409.291	111.819	-82.764	2396.866	131.875	273.565	2304.130	277.551	244.624	2269.369	344.895	3.710	2267.167	204.438	175.650	2210.411	147.211	245.705	2187.286	0.000	0.000	0.000	131.875	273.565	2304.130	5.888	247.572	2325.233	-58.437	9.671	2368.192	-44.540	-210.153	2304.969	-38.877	-299.717	2279.209	0.000	0.000	0.000	210.115	-87.933	2380.994	210.115	-461.727	2380.994	210.115	-813.338	2380.994	0.000	0.000	0.000	13.808	-98.121	2409.557	13.808	-471.916	2409.557	13.808	-823.526	2409.557	0.000	0.000	0.000	
02076	2	0.000	0.000	0.000	121.178	440.176	2227.487	135.068	338.218	2265.611	156.687	97.722	2408.275	167.808	-82.651	2395.935	140.867	273.709	2303.878	276.910	246.532	2269.287	359.833	12.752	2298.462	310.533	201.091	2179.009	290.413	277.958	2130.256	0.000	0.000	0.000	140.867	273.709	2303.878	1.419	255.447	2327.462	-59.232	13.179	2324.557	-59.232	-215.231	2324.557	-59.232	-308.452	2324.557	0.000	0.000	0.000	268.800	-88.763	2384.281	268.800	-461.975	2384.281	268.800	-813.036	2384.281	0.000	0.000	0.000	64.897	-77.950	2387.890	64.897	-451.162	2387.890	64.897	-802.223	2387.890	0.000	0.000	0.000	
02077	2	0.000	0.000	0.000	120.294	440.037	2227.537	134.847	338.225	2265.608	159.051	98.680	2410.179	168.598	-81.928	2398.615	141.327	274.096	2304.311	277.331	247.491	2269.273	358.668	13.042	2296.119	313.779	202.860	2177.697	295.452	280.358	2129.349	0.000	0.000	0.000	141.327	274.096	2304.311	0.301	254.953	2324.860	-60.626	17.044	2280.253	-60.626	-211.144	2280.253	-60.626	-304.307	2280.253	0.000	0.000	0.000	269.131	-87.134	2393.890	269.131	-460.115	2393.890	269.131	-810.960	2393.890	0.000	0.000	0.000	66.523	-76.393	2397.791	66.523	-449.374	2397.791	66.523	-800.219	2397.791	0.000	0.000	0.000	
02078	2	0.000	0.000	0.000	119.252	439.868	2227.595	134.618	338.231	2265.605	154.237	100.199	2414.270	159.409	-80.592	2402.133	139.858	274.662	2305.308	277.138	247.634	2269.286	357.632	12.787	2293.513	311.100	204.037	2178.497	292.097	282.142	2131.525	0.000	0.000	0.000	139.858	274.662	2305.308	-3.598	253.532	2313.099	-60.963	14.854	2357.387	-60.963	-213.116	2357.387	-60.963	-306.217	2357.387	0.000	0.000	0.000	261.096	-82.249	2394.068	261.096	-454.982	2394.068	261.096	-805.593	2394.068	0.000	0.000	0.000	56.543	-75.489	2402.642	56.543	-448.222	2402.642	56.543	-798.833	2402.642	0.000	0.000	0.000	
02079	2	0.000	0.000	0.000	118.805	439.405	2226.666	134.394	338.237	2265.600	145.971	101.360	2417.936	148.023	-79.452	2405.176	137.478	275.143	2306.176	277.379	248.393	2269.280	356.001	13.244	2294.832	307.539	202.008	2176.966	287.743	279.115	2128.820	0.000	0.000	0.000	137.478	275.143	2306.176	-4.115	249.469	2303.882	-63.011	19.497	2379.868	-63.011	-208.258	2379.868	-63.011	-301.293	2379.868	0.000	0.000	0.000	248.811	-74.508	2393.574	248.811	-446.975	2393.574	248.811	-797.336	2393.574	0.000	0.000	0.000	46.884	-81.809	2401.683	46.884	-454.276	2401.683	46.884	-804.637	2401.683	0.000	0.000	0.000	
02080	2	0.000	0.000	0.000	118.789	437.769	2222.726	134.161	338.253	2265.573	144.746	103.485	2422.805	149.054	-77.558	2415.518	136.970	275.963	2307.291	279.730	253.187	2269.341	354.262	16.851	2294.342	299.385	200.189	2171.254	276.964	275.094	2120.965	0.000	0.000	0.000	136.970	275.963	2307.291	-4.728	254.326	2311.470	-77.069	28.366	2387.256	-77.069	-199.176	2387.256	-77.069	-292.140	2387.256	0.000	0.000	0.000	249.822	-71.867	2417.819	249.822	-444.051	2417.819	249.822	-794.146	2417.819	0.000	0.000	0.000	50.881	-90.596	2402.175	50.881	-462.780	2402.175	50.881	-812.875	2402.175	0.000	0.000	0.000	
02081	4	0.000	0.000	0.000	120.073	427.848	2204.542	133.820	338.336	2265.481	155.327	104.700	2429.473	174.997	-74.979	2438.658	139.443	277.260	2308.352	280.469	257.282	2269.345	353.019	22.479	2305.735	223.358	169.730	2191.800	170.364	229.912	2145.234	0.000	0.000	0.000	139.443	277.260	2308.352	-2.507	256.213	2318.030	-73.056	25.395	2376.904	-73.056	-201.488	2376.904	-73.056	-294.217	2376.904	0.000	0.000	0.000	272.956	-75.405	2458.622	272.956	-446.647	2458.622	272.956	-795.855	2458.622	0.000	0.000	0.000	76.218	-73.650	2416.895	76.218	-444.892	2416.895	76.218	-794.101	2416.895	0.000	0.000	0.000	
02082	4	0.000	0.000	0.000	120.874	427.400	2201.123	133.777	338.351	2262.740	164.252	108.890	2431.569	183.061	-70.662	2442.451	141.729	278.474	2306.796	282.440	261.863	2271.106	350.706	31.815	2334.541	203.820	151.144	2209.807	143.782	199.918	2158.824	0.000	0.000	0.000	141.729	278.474	2306.796	-1.535	256.086	2317.002	-73.500	26.697	2378.711	-73.500	-199.959	2378.711	-73.500	-292.603	2378.711	0.000	0.000	0.000	281.218	-82.143	2457.834	281.218	-453.041	2457.834	281.218	-801.927	2457.834	0.000	0.000	0.000	96.476	-117.325	2428.339	96.476	-488.223	2428.339	96.476	-837.109	2428.339	0.000	0.000	0.000	
02083	4	0.000	0.000	0.000	121.465	428.074	2198.524	133.798	338.375	2259.122	168.164	114.632	2435.195	184.009	-64.590	2452.185	142.749	280.102	2304.979	279.705	256.686	2270.646	352.711	32.186	2346.521	215.035	158.699	2218.818	158.758	210.413	2166.618	0.000	0.000	0.000	142.749	280.102	2304.979	2.705	245.330	2306.576	-74.529	22.355	2382.762	-74.529	-204.071	2382.762	-74.529	-296.625	2382.762	0.000	0.000	0.000	283.250	-71.309	2468.420	283.250	-441.851	2468.420	283.250	-790.402	2468.420	0.000	0.000	0.000	84.078	-73.200	2447.997	84.078	-443.742	2447.997	84.078	-792.293	2447.997	0.000	0.000	0.000	
02084	4	0.000	0.000	0.000	127.345	431.254	2191.852	133.937	338.203	2247.710	172.638	127.672	2441.089	185.243	-49.868	2470.527	143.937	283.803	2297.678	278.815	254.718	2262.206	358.366	31.447	2333.341	321.389	202.085	2189.928	306.272	271.842	2131.301	0.000	0.000	0.000	143.937	283.803	2297.678	8.450	244.493	2308.050	-80.138	22.333	2371.578	-80.138	-203.614	2371.578	-80.138	-295.981	2371.578	0.000	0.000	0.000	283.308	-73.411	2499.427	283.308	-443.203	2499.427	283.308	-791.048	2499.427	0.000	0.000	0.000	88.372	-79.414	2457.112	88.372	-449.207	2457.112	88.372	-797.052	2457.112	0.000	0.000	0.000	
02085	4	0.000	0.000	0.000	132.640	432.910	2185.622	134.032	338.087	2238.573	166.714	136.561	2445.068	181.182	-39.052	2482.938	142.413	286.411	2291.523	279.051	254.502	2253.886	357.221	34.517	2335.155	309.105	200.561	2190.052	289.435	268.442	2130.732	0.000	0.000	0.000	142.413	286.411	2291.523	10.639	236.374	2290.340	-68.721	31.135	2402.979	-68.721	-194.565	2402.979	-68.721	-286.834	2402.979	0.000	0.000	0.000	279.376	-69.875	2515.868	279.376	-439.275	2515.868	279.376	-786.751	2515.868	0.000	0.000	0.000	86.377	-73.937	2470.766	86.377	-443.337	2470.766	86.377	-790.813	2470.766	0.000	0.000	0.000	
02086	4	0.000	0.000	0.000	145.843	424.021	2177.293	134.703	331.039	2232.419	165.308	137.079	2449.088	179.816	-35.566	2497.377	142.479	281.757	2287.470	280.649	245.542	2263.109	362.102	30.632	2352.648	254.958	177.068	2216.412	211.484	236.484	2161.135	0.000	0.000	0.000	142.479	281.757	2287.470	22.789	231.352	2316.619	-52.459	15.731	2409.802	-52.459	-211.169	2409.802	-52.459	-303.233	2409.802	0.000	0.000	0.000	277.223	-71.377	2533.516	277.223	-439.957	2533.516	277.223	-786.663	2533.516	0.000	0.000	0.000	86.688	-81.458	2491.468	86.688	-450.039	2491.468	86.688	-796.745	2491.468	0.000	0.000	0.000	
02087	4	0.000	0.000	0.000	149.963	415.782	2175.529	137.702	325.509	2231.832	167.228	135.093	2451.179	180.183	-36.502	2502.799	145.207	277.110	2287.584	279.307	244.485	2293.233	365.132	28.448	2374.840	283.377	172.033	2220.215	250.154	230.380	2157.380	0.000	0.000	0.000	145.207	277.110	2287.584	25.001	228.329	2322.616	-50.212	7.518	2401.883	-50.212	-218.777	2401.883	-50.212	-310.735	2401.883	0.000	0.000	0.000	281.116	-74.158	2526.490	281.116	-442.314	2526.490	281.116	-788.620	2526.490	0.000	0.000	0.000	84.797	-80.787	2501.964	84.797	-448.943	2501.964	84.797	-795.250	2501.964	0.000	0.000	0.000	
02088	4	0.000	0.000	0.000	151.049	406.826	2172.940	141.214	317.716	2231.712	172.551	130.885	2451.961	184.879	-38.689	2509.377	149.209	270.047	2287.907	287.013	234.003	2285.209	365.163	18.244	2374.065	305.492	171.918	2219.831	281.214	234.442	2157.079	0.000	0.000	0.000	149.209	270.047	2287.907	30.950	216.683	2325.313	-50.463	4.116	2418.813	-50.463	-221.637	2418.813	-50.463	-313.487	2418.813	0.000	0.000	0.000	281.665	-75.565	2554.669	281.665	-443.287	2554.669	281.665	-789.185	2554.669	0.000	0.000	0.000	87.845	-83.844	2517.926	87.845	-451.566	2517.926	87.845	-797.464	2517.926	0.000	0.000	0.000	
02089	4	0.000	0.000	0.000	151.057	386.652	2171.289	145.051	298.305	2231.830	156.936	123.178	2460.801	167.634	-48.635	2509.963	148.097	253.422	2290.513	282.794	212.333	2309.591	364.237	-11.333	2369.600	331.272	168.179	2238.345	317.836	241.344	2184.849	0.000	0.000	0.000	148.097	253.422	2290.513	30.358	198.695	2328.445	-60.976	-11.907	2415.426	-60.976	-236.717	2415.426	-60.976	-328.344	2415.426	0.000	0.000	0.000	269.452	-84.468	2526.559	269.452	-451.297	2526.559	269.452	-796.354	2526.559	0.000	0.000	0.000	69.912	-79.876	2494.417	69.912	-446.705	2494.417	69.912	-791.763	2494.417	0.000	0.000	0.000	
02090	4	0.000	0.000	0.000	151.192	378.579	2175.375	145.078	287.665	2231.945	148.987	115.496	2464.512	158.386	-57.788	2507.604	146.076	243.729	2291.295	278.620	202.170	2319.808	368.946	-18.109	2378.364	320.866	155.006	2243.940	301.258	225.608	2189.118	0.000	0.000	0.000	146.076	243.729	2291.295	28.634	196.978	2337.203	-61.403	-9.660	2433.663	-61.403	-234.048	2433.663	-61.403	-325.561	2433.663	0.000	0.000	0.000	258.315	-82.592	2533.570	258.315	-448.963	2533.570	258.315	-793.590	2533.570	0.000	0.000	0.000	57.485	-84.544	2508.327	57.485	-450.915	2508.327	57.485	-795.542	2508.327	0.000	0.000	0.000	
02091	4	0.000	0.000	0.000	151.404	365.875	2199.642	147.243	263.896	2232.252	148.142	89.728	2464.660	154.996	-83.021	2508.506	147.471	219.721	2291.198	279.978	171.429	2315.809	368.008	-22.925	2435.316	270.903	102.107	2277.389	231.265	153.146	2212.924	0.000	0.000	0.000	147.471	219.721	2291.198	44.790	195.306	2366.228	-65.864	-15.891	2420.592	-65.864	-239.505	2420.592	-65.864	-330.784	2420.592	0.000	0.000	0.000	249.261	-106.938	2548.428	249.261	-472.375	2548.428	249.261	-816.123	2548.428	0.000	0.000	0.000	70.129	-129.000	2551.617	70.129	-494.436	2551.617	70.129	-838.185	2551.617	0.000	0.000	0.000	
02092	4	0.000	0.000	0.000	154.431	356.762	2211.981	148.622	252.374	2235.065	153.011	78.518	2467.986	156.862	-92.892	2516.294	149.733	208.375	2294.012	276.194	171.548	2341.355	365.178	-34.656	2437.328	245.140	100.797	2306.620	196.125	156.107	2253.248	0.000	0.000	0.000	149.733	208.375	2294.012	41.364	188.823	2371.306	-66.535	-22.204	2430.254	20.755	147.742	2314.755	56.398	217.136	2267.594	0.000	0.000	0.000	254.077	-130.661	2553.417	254.077	-495.623	2553.417	254.077	-838.925	2553.417	0.000	0.000	0.000	75.683	-169.903	2545.171	75.683	-534.865	2545.171	75.683	-878.167	2545.171	0.000	0.000	0.000	
02093	4	0.000	0.000	0.000	159.281	347.648	2221.959	149.996	242.338	2238.307	156.504	68.228	2467.115	157.906	-101.578	2520.133	151.658	197.860	2296.759	276.972	159.875	2342.092	362.121	-44.432	2444.565	245.258	97.729	2318.795	197.527	155.793	2267.427	0.000	0.000	0.000	151.658	197.860	2296.759	44.228	167.552	2368.363	-72.663	-36.064	2434.466	16.473	134.474	2321.967	52.880	204.128	2276.018	0.000	0.000	0.000	257.557	-166.722	2557.453	257.557	-531.204	2557.453	257.557	-874.055	2557.453	0.000	0.000	0.000	70.722	-200.669	2542.317	70.722	-565.151	2542.317	70.722	-908.003	2542.317	0.000	0.000	0.000	
02094	4	0.000	0.000	0.000	163.939	304.681	2231.888	151.734	202.302	2254.861	160.473	30.141	2481.178	159.454	-135.806	2533.495	153.985	157.960	2313.151	276.767	131.958	2366.179	376.266	-74.446	2447.872	301.274	100.093	2332.563	270.633	171.407	2285.449	0.000	0.000	0.000	153.985	157.960	2313.151	44.440	136.095	2385.543	-82.354	-64.549	2438.850	17.444	105.351	2336.098	58.220	174.770	2294.115	0.000	0.000	0.000	250.818	-238.482	2573.639	250.818	-601.994	2573.639	250.818	-943.933	2573.639	0.000	0.000	0.000	79.441	-254.963	2580.093	79.441	-618.476	2580.093	79.441	-960.414	2580.093	0.000	0.000	0.000	
02095	4	0.000	0.000	0.000	165.362	292.816	2236.159	152.532	191.455	2259.428	163.163	22.127	2485.335	160.771	-143.200	2540.952	155.286	147.598	2317.939	274.979	116.186	2368.959	386.246	-81.098	2456.797	316.587	92.825	2337.902	288.121	163.897	2289.316	0.000	0.000	0.000	155.286	147.598	2317.939	51.791	121.535	2392.160	-94.028	-66.436	2441.360	21.882	102.502	2356.140	69.249	171.537	2321.316	0.000	0.000	0.000	245.355	-234.789	2599.236	245.355	-597.812	2599.236	245.355	-939.289	2599.236	0.000	0.000	0.000	93.335	-254.692	2608.576	93.335	-617.715	2608.576	93.335	-959.193	2608.576	0.000	0.000	0.000	
02096	4	0.000	0.000	0.000	166.804	278.760	2252.857	153.602	178.449	2270.785	160.146	5.278	2489.590	159.882	-163.668	2535.041	155.313	133.173	2327.992	271.561	94.952	2376.635	378.056	-92.271	2487.553	285.442	66.539	2364.454	247.588	131.447	2314.140	0.000	0.000	0.000	155.313	133.173	2327.992	53.644	117.001	2406.148	-48.055	-100.099	2441.095	46.782	87.080	2370.942	85.543	163.584	2342.269	0.000	0.000	0.000	237.433	-258.465	2587.565	237.433	-620.500	2587.565	237.433	-961.049	2587.565	0.000	0.000	0.000	87.203	-274.324	2569.596	87.203	-636.360	2569.596	87.203	-976.909	2569.596	0.000	0.000	0.000	
02097	4	0.000	0.000	0.000	167.336	275.985	2271.352	153.897	175.598	2275.435	158.835	8.101	2496.634	157.834	-157.540	2553.280	155.194	131.611	2333.524	264.016	95.742	2390.913	376.609	-90.799	2496.083	269.238	62.285	2378.409	225.350	124.858	2330.310	0.000	0.000	0.000	155.194	131.611	2333.524	50.392	113.214	2406.711	-40.123	-103.291	2465.600	54.665	75.354	2376.653	93.409	148.375	2340.295	0.000	0.000	0.000	219.002	-262.766	2643.463	219.002	-624.305	2643.463	219.002	-964.387	2643.463	0.000	0.000	0.000	85.375	-240.416	2644.642	85.375	-601.955	2644.642	85.375	-942.037	2644.642	0.000	0.000	0.000	
02098	4	0.000	0.000	0.000	168.613	272.771	2295.017	154.171	171.768	2289.026	157.280	5.834	2511.032	151.786	-150.809	2584.293	154.987	128.201	2347.315	265.596	92.863	2402.878	370.925	-87.586	2524.196	270.532	57.502	2389.736	229.719	116.484	2335.074	0.000	0.000	0.000	154.987	128.201	2347.315	48.498	96.600	2410.628	-34.853	-103.192	2517.912	55.348	59.176	2396.632	92.017	125.184	2347.327	0.000	0.000	0.000	211.974	-275.740	2695.521	211.974	-636.781	2695.521	211.974	-976.394	2695.521	0.000	0.000	0.000	75.273	-238.700	2696.380	75.273	-599.741	2696.380	75.273	-939.354	2696.380	0.000	0.000	0.000	
02099	4	0.000	0.000	0.000	175.503	258.113	2329.137	154.868	156.911	2332.341	148.999	-16.354	2552.611	130.439	-167.625	2635.094	153.348	112.051	2389.370	263.280	92.033	2455.701	385.272	-110.408	2502.467	272.522	51.168	2401.252	226.745	116.768	2360.158	0.000	0.000	0.000	153.348	112.051	2389.370	43.002	61.966	2430.585	-30.508	-95.189	2597.766	28.291	42.817	2434.791	52.163	98.848	2368.623	0.000	0.000	0.000	197.610	-337.466	2696.443	197.610	-697.507	2696.443	197.610	-1036.180	2696.443	0.000	0.000	0.000	38.800	-286.775	2757.321	38.800	-646.816	2757.321	38.800	-985.489	2757.321	0.000	0.000	0.000	
02100	4	0.000	0.000	0.000	182.064	246.555	2339.068	155.452	148.590	2360.206	145.078	-35.762	2573.100	123.289	-190.552	2647.122	152.784	101.181	2414.956	269.895	86.168	2482.946	389.463	-118.051	2526.394	279.205	36.968	2411.216	234.679	99.571	2364.703	0.000	0.000	0.000	152.784	101.181	2414.956	35.734	54.395	2454.301	-41.034	-116.255	2605.546	38.536	39.135	2467.790	70.669	101.887	2412.159	0.000	0.000	0.000	199.709	-322.762	2718.651	199.709	-682.302	2718.651	199.709	-1020.504	2718.651	0.000	0.000	0.000	37.567	-299.872	2759.188	37.567	-659.412	2759.188	37.567	-997.613	2759.188	0.000	0.000	0.000	
02101	4	0.000	0.000	0.000	193.839	228.521	2367.931	156.606	142.298	2410.700	142.510	-57.438	2610.150	112.920	-203.662	2701.748	153.001	91.208	2461.717	280.622	80.346	2529.684	391.172	-129.877	2564.090	320.971	40.377	2442.195	292.495	109.436	2392.751	0.000	0.000	0.000	153.001	91.208	2461.717	31.600	47.530	2504.335	-42.348	-139.451	2635.366	54.443	13.526	2508.864	93.704	75.577	2457.552	0.000	0.000	0.000	169.160	-319.445	2824.677	169.160	-678.082	2824.677	169.160	-1015.433	2824.677	0.000	0.000	0.000	19.546	-314.899	2824.200	19.546	-673.535	2824.200	19.546	-1010.887	2824.200	0.000	0.000	0.000	
02102	4	0.000	0.000	0.000	193.839	228.521	2367.931	156.606	142.298	2410.700	142.510	-57.438	2610.150	112.920	-203.662	2701.748	153.001	91.208	2461.717	280.622	80.346	2529.684	391.172	-129.877	2564.090	320.971	40.377	2442.195	292.495	109.436	2392.751	0.000	0.000	0.000	153.001	91.208	2461.717	31.600	47.530	2504.335	-42.348	-139.451	2635.366	54.443	13.526	2508.864	93.704	75.577	2457.552	0.000	0.000	0.000	169.160	-319.445	2824.677	169.160	-678.082	2824.677	169.160	-1015.433	2824.677	0.000	0.000	0.000	19.546	-314.899	2824.200	19.546	-673.535	2824.200	19.546	-1010.887	2824.200	0.000	0.000	0.000	
02103	4	0.000	0.000	0.000	201.098	233.214	2398.653	160.602	142.701	2426.106	149.908	-53.888	2625.691	119.182	-199.048	2718.298	157.847	92.054	2477.525	290.433	78.928	2535.752	401.324	-129.074	2579.732	349.161	54.851	2470.266	327.968	129.573	2425.793	0.000	0.000	0.000	157.847	92.054	2477.525	44.855	54.144	2534.297	-30.186	-135.726	2660.052	75.012	1.300	2523.343	117.751	56.968	2467.802	0.000	0.000	0.000	194.742	-318.868	2796.495	194.742	-677.183	2796.495	194.742	-1014.233	2796.495	0.000	0.000	0.000	24.317	-282.588	2838.013	24.317	-640.903	2838.013	24.317	-977.953	2838.013	0.000	0.000	0.000	
02104	4	0.000	0.000	0.000	208.511	248.727	2486.185	188.799	148.591	2489.240	181.080	-26.677	2706.991	166.331	-184.994	2773.123	186.809	103.400	2545.385	332.949	94.349	2589.321	435.403	-96.328	2691.502	345.508	41.870	2546.988	308.874	98.189	2488.095	0.000	0.000	0.000	186.809	103.400	2545.385	52.167	62.454	2576.701	23.461	-28.608	2796.198	-17.295	-243.499	2811.184	-33.905	-331.073	2817.291	0.000	0.000	0.000	242.199	-264.956	2853.594	242.199	-622.645	2853.594	242.199	-959.106	2853.594	0.000	0.000	0.000	69.015	-257.027	2837.162	69.015	-614.716	2837.162	69.015	-951.177	2837.162	0.000	0.000	0.000	
02105	4	0.000	0.000	0.000	208.940	252.329	2507.607	193.763	152.531	2503.146	169.825	-19.047	2728.124	154.760	-174.073	2795.511	187.687	108.980	2560.251	313.342	78.110	2621.219	434.212	-125.819	2653.725	345.337	43.570	2547.075	309.095	112.646	2503.584	0.000	0.000	0.000	187.687	108.980	2560.251	63.821	77.263	2609.111	-31.326	-90.703	2750.490	-49.660	-300.944	2809.043	-57.136	-386.678	2832.920	0.000	0.000	0.000	240.271	-285.016	2850.309	240.271	-642.573	2850.309	240.271	-978.910	2850.309	0.000	0.000	0.000	58.666	-281.535	2862.599	58.666	-639.092	2862.599	58.666	-975.429	2862.599	0.000	0.000	0.000	
02106	4	0.000	0.000	0.000	208.894	252.128	2531.778	195.673	154.133	2542.799	146.504	-20.992	2762.200	119.670	-169.700	2834.871	183.246	109.869	2598.254	317.067	83.858	2661.344	443.217	-111.345	2717.687	348.618	39.598	2589.051	310.187	100.918	2536.793	0.000	0.000	0.000	183.246	109.869	2598.254	63.878	83.163	2649.200	-33.331	-105.530	2759.371	-71.471	-293.554	2866.479	-86.965	-369.939	2909.992	0.000	0.000	0.000	208.859	-260.540	2863.163	208.859	-617.908	2863.163	208.859	-954.067	2863.163	0.000	0.000	0.000	16.201	-280.489	2923.722	16.201	-637.858	2923.722	16.201	-974.016	2923.722	0.000	0.000	0.000	
02107	4	0.000	0.000	0.000	207.388	256.028	2542.673	196.127	156.806	2554.809	139.384	-18.928	2772.382	109.132	-167.032	2844.694	181.806	112.454	2609.720	314.013	85.355	2676.714	445.366	-110.106	2718.132	341.225	37.270	2593.328	298.864	97.218	2542.562	0.000	0.000	0.000	181.806	112.454	2609.720	56.621	90.836	2655.054	-29.239	-101.135	2768.848	-71.521	-288.515	2874.876	-88.720	-364.735	2918.005	0.000	0.000	0.000	194.052	-261.562	2866.246	194.052	-618.873	2866.246	194.052	-954.977	2866.246	0.000	0.000	0.000	5.031	-273.342	2935.872	5.031	-630.653	2935.872	5.031	-966.757	2935.872	0.000	0.000	0.000	
02108	4	0.000	0.000	0.000	204.828	261.688	2550.199	196.311	161.601	2564.795	138.678	-15.339	2781.662	109.389	-164.863	2853.050	181.783	116.998	2619.462	319.178	90.070	2682.298	422.941	-124.003	2706.743	317.146	25.435	2586.191	274.068	86.284	2537.104	0.000	0.000	0.000	181.783	116.998	2619.462	55.021	89.069	2658.583	-27.087	-90.594	2793.382	-70.029	-285.117	2884.892	-87.515	-364.324	2922.153	0.000	0.000	0.000	185.279	-293.805	2871.882	185.279	-651.170	2871.882	185.279	-987.326	2871.882	0.000	0.000	0.000	9.941	-305.511	2930.652	9.941	-662.876	2930.652	9.941	-999.032	2930.652	0.000	0.000	0.000	
02109	4	0.000	0.000	0.000	193.513	265.625	2572.986	196.515	163.247	2583.600	137.555	-18.208	2805.296	114.606	-173.144	2868.431	181.970	118.482	2638.293	314.854	84.706	2705.718	421.645	-128.597	2727.771	303.218	12.975	2609.396	254.924	70.707	2561.125	0.000	0.000	0.000	181.970	118.482	2638.293	55.046	87.823	2680.468	-31.198	-82.945	2824.651	-73.900	-284.282	2900.283	-91.314	-366.385	2931.125	0.000	0.000	0.000	202.496	-252.360	2872.561	202.496	-610.341	2872.561	202.496	-947.077	2872.561	0.000	0.000	0.000	10.423	-270.726	2937.306	10.423	-628.707	2937.306	10.423	-965.443	2937.306	0.000	0.000	0.000	
02110	4	0.000	0.000	0.000	183.781	267.251	2615.240	196.522	164.087	2608.113	145.508	-22.068	2829.276	129.261	-180.556	2881.765	183.934	118.154	2662.685	301.683	87.115	2738.876	341.872	-148.417	2765.948	256.510	3.888	2632.274	221.667	66.055	2577.711	0.000	0.000	0.000	183.934	118.154	2662.685	57.464	86.011	2701.115	-49.982	-77.780	2840.584	-78.955	-279.517	2923.137	-90.781	-361.862	2956.833	0.000	0.000	0.000	212.959	-285.538	2869.665	212.959	-644.873	2869.665	212.959	-982.881	2869.665	0.000	0.000	0.000	34.596	-284.081	2947.710	34.596	-643.416	2947.710	34.596	-981.425	2947.710	0.000	0.000	0.000	
02111	4	0.000	0.000	0.000	187.427	268.017	2631.314	196.521	163.913	2623.949	152.326	-30.484	2839.165	134.894	-188.992	2889.421	185.581	115.791	2677.225	307.510	83.838	2746.299	423.434	-112.581	2824.447	359.112	65.774	2712.089	332.848	138.598	2666.211	0.000	0.000	0.000	185.581	115.791	2677.225	60.298	78.023	2712.075	-58.410	-78.907	2851.384	-81.882	-285.121	2925.526	-91.466	-369.321	2955.800	0.000	0.000	0.000	209.246	-313.671	2876.945	209.246	-673.943	2876.945	209.246	-1012.833	2876.945	0.000	0.000	0.000	41.202	-301.424	2953.713	41.202	-661.696	2953.713	41.202	-1000.586	2953.713	0.000	0.000	0.000	
02112	4	0.000	0.000	0.000	200.874	264.724	2663.645	196.561	159.428	2653.576	168.298	-51.627	2854.285	148.747	-210.691	2899.865	189.502	106.712	2703.707	323.579	82.031	2758.528	429.073	-118.566	2845.186	300.061	-217.571	2694.499	247.357	-258.016	2632.942	0.000	0.000	0.000	189.502	106.712	2703.707	65.459	70.312	2743.072	-31.844	-70.778	2914.837	-80.784	-284.543	2947.425	-100.776	-371.869	2960.738	0.000	0.000	0.000	233.249	-322.197	2892.789	233.249	-684.792	2892.789	233.249	-1025.867	2892.789	0.000	0.000	0.000	43.749	-311.089	2950.938	43.749	-673.683	2950.938	43.749	-1014.758	2950.938	0.000	0.000	0.000	
02113	4	0.000	0.000	0.000	209.428	257.824	2673.396	196.596	152.217	2671.038	169.617	-67.410	2862.677	148.584	-226.746	2904.890	189.835	97.176	2719.064	322.358	71.915	2774.395	434.086	-128.071	2857.090	352.676	-248.274	2688.492	319.414	-297.387	2619.606	0.000	0.000	0.000	189.835	97.176	2719.064	61.524	63.965	2754.190	-24.718	-84.496	2926.926	-84.853	-297.403	2950.498	-109.423	-384.394	2960.128	0.000	0.000	0.000	241.219	-306.009	2894.813	241.219	-669.951	2894.813	241.219	-1012.294	2894.813	0.000	0.000	0.000	40.199	-296.304	2957.365	40.199	-660.246	2957.365	40.199	-1002.588	2957.365	0.000	0.000	0.000	
02114	4	0.000	0.000	0.000	211.197	251.267	2677.576	196.611	145.595	2685.308	167.861	-79.443	2869.873	146.388	-239.087	2910.283	189.371	88.923	2731.788	321.089	57.795	2783.305	388.189	-141.834	2907.535	388.189	-365.174	2907.535	388.189	-456.440	2907.535	0.000	0.000	0.000	189.371	88.923	2731.788	60.014	58.726	2766.559	-26.448	-101.445	2929.828	-82.263	-316.889	2948.524	-105.071	-404.928	2956.164	0.000	0.000	0.000	237.391	-318.943	2892.546	237.391	-684.327	2892.546	237.391	-1028.027	2892.546	0.000	0.000	0.000	37.960	-313.760	2960.129	37.960	-679.145	2960.129	37.960	-1022.844	2960.129	0.000	0.000	0.000	
02115	1	0.000	0.000	0.000	211.209	242.592	2681.218	196.627	138.503	2703.768	162.828	-91.836	2879.295	139.662	-254.732	2919.047	188.054	80.075	2748.292	332.885	54.483	2795.235	456.819	-145.590	2865.213	456.819	-369.835	2865.213	456.819	-461.481	2865.213	0.000	0.000	0.000	188.054	80.075	2748.292	55.231	52.494	2785.016	-31.943	-109.403	2947.731	-83.779	-327.572	2948.825	-104.964	-416.734	2949.272	0.000	0.000	0.000	232.247	-308.214	2892.465	232.247	-675.119	2892.465	232.247	-1020.249	2892.465	0.000	0.000	0.000	32.570	-308.252	2968.190	32.570	-675.157	2968.190	32.570	-1020.287	2968.190	0.000	0.000	0.000	
02116	1	0.000	0.000	0.000	208.446	216.555	2689.830	196.713	123.985	2743.417	152.735	-105.208	2912.927	124.554	-272.896	2951.555	185.338	64.703	2787.261	328.347	40.241	2849.145	437.749	-181.920	2853.922	437.749	-408.094	2853.922	437.749	-500.543	2853.922	0.000	0.000	0.000	185.338	64.703	2787.261	39.490	43.441	2809.092	-34.696	-127.883	2971.853	-87.847	-345.157	2938.362	-109.572	-433.968	2924.673	0.000	0.000	0.000	214.207	-332.984	2916.134	214.207	-703.104	2916.134	214.207	-1051.258	2916.134	0.000	0.000	0.000	19.814	-314.680	3000.918	19.814	-684.800	3000.918	19.814	-1032.953	3000.918	0.000	0.000	0.000	
02117	1	0.000	0.000	0.000	207.464	208.989	2702.631	195.788	119.280	2762.046	139.484	-105.015	2932.408	108.039	-274.671	2968.432	181.112	60.816	2806.452	308.402	24.861	2880.860	461.394	-170.420	2865.376	461.394	-397.379	2865.376	461.394	-490.154	2865.376	0.000	0.000	0.000	181.112	60.816	2806.452	31.659	40.935	2813.405	-37.567	-127.811	2982.263	-88.055	-346.316	2947.374	-108.693	-435.635	2933.112	0.000	0.000	0.000	195.681	-312.357	2923.787	195.681	-683.783	2923.787	195.681	-1033.165	2923.787	0.000	0.000	0.000	1.355	-309.298	3009.344	1.355	-680.724	3009.344	1.355	-1030.106	3009.344	0.000	0.000	0.000	
02118	1	0.000	0.000	0.000	206.684	205.356	2716.052	194.216	115.398	2775.846	124.119	-104.665	2945.091	90.811	-276.323	2977.187	175.836	57.695	2820.224	288.754	-1.564	2889.570	520.399	-66.851	2824.709	309.780	13.570	2793.585	223.682	46.445	2780.862	0.000	0.000	0.000	175.836	57.695	2820.224	28.007	35.995	2816.101	-92.635	-132.462	2954.652	-94.651	-360.010	2950.859	-95.475	-453.029	2949.308	0.000	0.000	0.000	178.620	-327.056	2939.426	178.620	-699.527	2939.426	178.620	-1049.891	2939.426	0.000	0.000	0.000	-14.782	-323.294	3010.285	-14.782	-695.765	3010.285	-14.782	-1046.129	3010.285	0.000	0.000	0.000	
02119	1	0.000	0.000	0.000	195.705	207.736	2751.045	187.018	109.688	2798.923	110.876	-120.320	2962.255	84.179	-297.131	2982.539	167.374	50.349	2841.061	311.021	41.460	2917.787	432.814	-112.029	2762.099	306.005	77.364	2778.173	280.643	115.243	2781.388	0.000	0.000	0.000	167.374	50.349	2841.061	19.032	34.334	2815.142	-99.799	-131.852	2959.685	-97.529	-359.730	2943.096	-96.601	-452.891	2936.314	0.000	0.000	0.000	185.751	-313.014	2955.883	185.751	-686.989	2955.883	185.751	-1038.769	2955.883	0.000	0.000	0.000	-18.609	-317.026	3012.746	-18.609	-691.001	3012.746	-18.609	-1042.780	3012.746	0.000	0.000	0.000	
02120	1	0.000	0.000	0.000	195.705	207.736	2751.045	187.018	109.688	2798.923	110.876	-120.320	2962.255	84.179	-297.131	2982.539	167.374	50.349	2841.061	311.021	41.460	2917.787	432.814	-112.029	2762.099	306.005	77.364	2778.173	280.643	115.243	2781.388	0.000	0.000	0.000	167.374	50.349	2841.061	19.032	34.334	2815.142	-99.799	-131.852	2959.685	-97.529	-359.730	2943.096	-96.601	-452.891	2936.314	0.000	0.000	0.000	185.751	-313.014	2955.883	185.751	-686.989	2955.883	185.751	-1038.769	2955.883	0.000	0.000	0.000	-18.609	-317.026	3012.746	-18.609	-691.001	3012.746	-18.609	-1042.780	3012.746	0.000	0.000	0.000	
02121	1	0.000	0.000	0.000	191.791	211.721	2769.130	184.890	109.551	2808.517	112.463	-129.133	2964.675	86.107	-307.275	2980.070	166.311	48.323	2848.575	316.855	50.250	2920.849	408.922	-157.907	2815.945	318.467	47.282	2770.432	300.376	88.319	2761.329	0.000	0.000	0.000	166.311	48.323	2848.575	19.203	34.082	2828.572	-39.347	-129.941	3008.791	-89.447	-352.925	2997.657	-109.929	-444.087	2993.105	0.000	0.000	0.000	183.916	-312.011	2939.811	183.916	-686.520	2939.811	183.916	-1038.802	2939.811	0.000	0.000	0.000	-10.967	-323.684	3011.125	-10.967	-698.193	3011.125	-10.967	-1050.476	3011.125	0.000	0.000	0.000	
02122	1	0.000	0.000	0.000	190.485	218.429	2796.052	188.061	115.542	2835.496	126.292	-141.821	2973.178	101.636	-322.391	2973.230	172.388	50.241	2870.430	317.587	17.225	2912.336	317.587	-234.085	2912.336	317.587	-465.693	2912.336	317.587	-558.764	2912.336	0.000	0.000	0.000	172.388	50.241	2870.430	27.431	38.040	2858.712	-70.323	-138.183	3008.868	-90.212	-350.957	2919.572	-98.268	-437.132	2883.407	0.000	0.000	0.000	204.616	-305.718	2936.019	204.616	-681.259	2936.019	204.616	-1034.511	2936.019	0.000	0.000	0.000	3.411	-318.364	3008.283	3.411	-693.905	3008.283	3.411	-1047.158	3008.283	0.000	0.000	0.000	
02123	1	0.000	0.000	0.000	190.576	220.316	2804.083	188.494	116.222	2840.552	135.598	-152.233	2961.582	116.928	-332.538	2939.918	175.103	48.262	2871.191	322.934	18.364	2908.133	322.934	-236.543	2908.133	322.934	-467.843	2908.133	322.934	-561.113	2908.133	0.000	0.000	0.000	175.103	48.262	2871.191	28.089	37.842	2859.108	-71.156	-144.556	3006.955	75.528	-124.980	2829.192	135.049	-117.036	2757.060	0.000	0.000	0.000	188.436	-373.646	2918.614	188.436	-749.397	2918.614	188.436	-1102.847	2918.614	0.000	0.000	0.000	53.944	-378.056	2948.207	53.944	-753.807	2948.207	53.944	-1107.258	2948.207	0.000	0.000	0.000	
02124	1	0.000	0.000	0.000	190.785	224.557	2821.238	189.474	118.051	2850.509	137.407	-151.062	2973.422	117.447	-329.138	2936.250	176.336	50.146	2881.523	319.571	19.516	2924.539	319.571	-234.343	2924.539	319.571	-465.193	2924.539	319.571	-558.746	2924.539	0.000	0.000	0.000	176.336	50.146	2881.523	30.106	39.293	2873.177	-63.139	-132.547	3035.105	-63.139	-363.396	3035.105	-63.139	-457.325	3035.105	0.000	0.000	0.000	230.828	-293.552	2944.675	230.828	-669.596	2944.675	230.828	-1023.323	2944.675	0.000	0.000	0.000	28.103	-287.000	2999.579	28.103	-663.044	2999.579	28.103	-1016.770	2999.579	0.000	0.000	0.000	
02125	1	0.000	0.000	0.000	190.830	224.616	2824.559	189.758	119.138	2857.520	138.396	-150.700	2980.185	118.937	-330.756	2952.816	176.813	51.129	2888.436	328.302	24.918	2920.244	328.302	-228.565	2920.244	328.302	-459.252	2920.244	328.302	-552.905	2920.244	0.000	0.000	0.000	176.813	51.129	2888.436	30.528	39.346	2874.413	-59.815	-139.000	3030.247	-59.815	-369.687	3030.247	-59.815	-463.640	3030.247	0.000	0.000	0.000	220.175	-346.698	2942.024	220.175	-722.841	2942.024	220.175	-1076.660	2942.024	0.000	0.000	0.000	24.147	-341.603	2983.467	24.147	-717.746	2983.467	24.147	-1071.565	2983.467	0.000	0.000	0.000	
02126	1	0.000	0.000	0.000	190.854	224.289	2830.718	189.970	120.156	2867.919	138.272	-152.694	2973.371	115.297	-334.247	2961.558	176.770	50.490	2894.844	328.583	24.650	2922.814	400.285	-220.556	2899.675	302.450	-23.908	2829.941	262.630	56.130	2801.558	0.000	0.000	0.000	176.770	50.490	2894.844	32.442	40.065	2878.817	-70.690	-152.106	3013.861	-70.690	-382.551	3013.861	-70.690	-476.537	3013.861	0.000	0.000	0.000	182.475	-390.215	2947.852	182.475	-766.489	2947.852	182.475	-1120.432	2947.852	0.000	0.000	0.000	67.861	-398.284	2962.947	67.861	-774.558	2962.947	67.861	-1128.501	2962.947	0.000	0.000	0.000	
02127	1	0.000	0.000	0.000	190.859	224.741	2831.557	190.033	120.709	2869.109	137.573	-149.694	2977.860	109.118	-330.625	2967.347	176.595	51.446	2896.965	328.558	26.070	2922.563	397.442	-222.191	2890.269	328.147	-7.852	2842.096	299.917	79.466	2822.471	0.000	0.000	0.000	176.595	51.446	2896.965	33.638	40.683	2880.930	-70.013	-154.293	3017.538	-70.013	-384.649	3017.538	-70.013	-478.645	3017.538	0.000	0.000	0.000	214.296	-320.073	2925.540	214.296	-696.388	2925.540	214.296	-1050.370	2925.540	0.000	0.000	0.000	9.715	-306.350	3007.358	9.715	-682.666	3007.358	9.715	-1036.647	3007.358	0.000	0.000	0.000	
02128	1	0.000	0.000	0.000	190.861	225.466	2833.225	190.064	121.401	2870.735	136.966	-145.942	2984.914	106.449	-326.731	2977.050	176.434	52.772	2900.045	325.256	26.991	2930.776	390.508	-215.672	2871.806	292.429	-12.281	2826.619	252.445	70.638	2808.197	0.000	0.000	0.000	176.434	52.772	2900.045	34.391	41.005	2880.608	-64.763	-152.079	3020.279	-64.763	-382.360	3020.279	-64.763	-476.364	3020.279	0.000	0.000	0.000	202.175	-348.512	2944.161	202.175	-724.856	2944.161	202.175	-1078.865	2944.161	0.000	0.000	0.000	7.233	-306.461	3011.037	7.233	-682.805	3011.037	7.233	-1036.814	3011.037	0.000	0.000	0.000	
02129	1	0.000	0.000	0.000	190.907	230.759	2839.428	190.128	125.319	2872.948	128.320	-141.020	2991.496	103.683	-321.866	2971.643	174.393	57.515	2903.128	316.379	29.896	2946.038	433.681	-175.681	2838.577	257.425	-29.012	2818.590	185.494	30.844	2810.433	0.000	0.000	0.000	174.393	57.515	2903.128	36.960	42.531	2881.464	-69.847	-130.252	3043.659	-69.847	-360.420	3043.659	-69.847	-454.432	3043.659	0.000	0.000	0.000	213.806	-276.739	2939.326	213.806	-653.114	2939.326	213.806	-1007.151	2939.326	0.000	0.000	0.000	5.721	-281.222	3005.460	5.721	-657.597	3005.460	5.721	-1011.634	3005.460	0.000	0.000	0.000	
02130	1	0.000	0.000	0.000	190.924	233.059	2842.150	190.133	127.039	2873.809	124.435	-138.978	2993.205	106.478	-320.631	2973.313	173.457	59.516	2904.115	319.318	29.791	2937.664	378.153	-213.509	2873.808	291.803	-7.795	2817.391	256.551	76.188	2794.359	0.000	0.000	0.000	173.457	59.516	2904.115	38.247	42.858	2882.012	-58.130	-166.765	2998.217	-58.130	-396.890	2998.217	-58.130	-490.902	2998.217	0.000	0.000	0.000	208.052	-306.488	2934.144	208.052	-682.868	2934.144	208.052	-1036.910	2934.144	0.000	0.000	0.000	9.527	-318.625	2997.607	9.527	-695.005	2997.607	9.527	-1049.047	2997.607	0.000	0.000	0.000	
02131	1	0.000	0.000	0.000	190.958	235.577	2847.252	190.151	128.361	2874.600	122.337	-135.988	2998.202	107.515	-317.932	2978.224	172.979	61.419	2905.900	326.101	35.819	2929.923	355.513	-198.191	2827.733	292.042	22.528	2813.798	266.123	112.665	2808.107	0.000	0.000	0.000	172.979	61.419	2905.900	40.296	42.423	2890.884	-43.738	-143.821	3046.831	-43.738	-373.907	3046.831	-43.738	-467.919	3046.831	0.000	0.000	0.000	211.817	-293.787	2939.066	211.817	-670.166	2939.066	211.817	-1024.208	2939.066	0.000	0.000	0.000	1.508	-288.977	3002.835	1.508	-665.356	3002.835	1.508	-1019.397	3002.835	0.000	0.000	0.000	
02132	1	0.000	0.000	0.000	191.314	240.696	2852.535	190.434	132.612	2876.223	124.592	-131.322	3004.136	107.081	-312.814	2982.149	173.817	66.000	2908.505	319.346	33.538	2938.105	377.371	-192.647	2835.224	221.910	-25.405	2807.419	158.396	42.922	2796.060	0.000	0.000	0.000	173.817	66.000	2908.505	46.306	42.177	2912.442	-44.544	-150.370	3053.094	-44.544	-380.394	3053.094	-44.544	-474.403	3053.094	0.000	0.000	0.000	211.453	-288.354	2941.463	211.453	-664.719	2941.463	211.453	-1018.748	2941.463	0.000	0.000	0.000	0.332	-295.467	3001.652	0.332	-671.832	3001.652	0.332	-1025.860	3001.652	0.000	0.000	0.000	
02133	1	0.000	0.000	0.000	191.693	243.108	2852.607	191.648	135.098	2876.642	129.890	-131.717	3001.397	106.543	-312.827	2981.787	176.080	67.840	2908.090	325.469	35.003	2924.300	438.813	-180.710	2850.877	255.836	-45.884	2815.665	181.069	9.208	2801.277	0.000	0.000	0.000	176.080	67.840	2908.090	46.269	42.675	2899.477	-54.029	-142.693	3042.126	-54.029	-372.690	3042.126	-54.029	-466.696	3042.126	0.000	0.000	0.000	213.431	-294.739	2945.188	213.431	-671.093	2945.188	213.431	-1025.110	2945.188	0.000	0.000	0.000	0.459	-288.672	3002.652	0.459	-665.026	3002.652	0.459	-1019.043	3002.652	0.000	0.000	0.000	
