02674	2	0.000	0.000	0.000	153.506	345.114	1983.902	151.420	256.225	2028.651	120.366	41.348	2190.717	118.320	-112.994	2133.015	143.600	202.113	2069.464	299.882	169.800	2050.826	366.618	-43.632	2086.846	295.749	119.207	1980.927	281.575	151.774	1959.743	0.000	0.000	0.000	143.600	202.113	2069.464	10.526	157.781	2050.086	-69.471	-50.913	2086.855	-51.775	140.584	2010.870	-44.540	218.879	1979.803	0.000	0.000	0.000	211.645	-88.671	2125.095	211.645	-427.143	2125.095	211.645	-745.528	2125.095	0.000	0.000	0.000	22.779	-78.492	2138.638	22.779	-416.965	2138.638	22.779	-735.349	2138.638	0.000	0.000	0.000	
02675	2	0.000	0.000	0.000	155.963	344.276	1981.887	151.751	254.672	2024.528	127.977	38.935	2186.568	118.530	-116.925	2134.346	145.775	200.443	2065.259	291.905	162.167	2064.626	366.616	-50.918	2054.444	266.776	75.890	1925.871	226.186	127.442	1873.601	0.000	0.000	0.000	145.775	200.443	2065.259	13.464	159.690	2065.315	-69.190	-50.068	2081.443	-50.268	142.187	2008.924	-42.531	220.793	1979.273	0.000	0.000	0.000	208.546	-98.007	2112.716	208.546	-435.773	2112.716	208.546	-753.494	2112.716	0.000	0.000	0.000	30.105	-103.487	2127.769	30.105	-441.253	2127.769	30.105	-758.973	2127.769	0.000	0.000	0.000	
02676	2	0.000	0.000	0.000	156.032	344.215	1982.167	151.675	254.364	2024.165	129.196	37.024	2184.210	121.108	-120.442	2136.902	146.027	199.754	2064.379	291.263	162.998	2067.165	366.419	-49.872	2058.013	277.242	84.493	1929.423	240.946	139.180	1877.087	0.000	0.000	0.000	146.027	199.754	2064.379	13.242	159.519	2063.180	-60.811	-52.397	2088.739	-52.718	134.118	2001.055	-49.409	210.377	1965.205	0.000	0.000	0.000	215.290	-88.077	2120.894	215.290	-425.695	2120.894	215.290	-743.275	2120.894	0.000	0.000	0.000	30.866	-103.402	2126.370	30.866	-441.020	2126.370	30.866	-758.600	2126.370	0.000	0.000	0.000	
02677	2	0.000	0.000	0.000	156.198	341.836	1983.212	152.275	251.466	2024.035	127.871	38.143	2189.106	117.531	-116.204	2132.882	146.145	197.882	2065.499	286.822	166.060	2090.334	366.009	-41.736	2050.838	283.375	100.345	1926.354	249.712	158.225	1875.642	0.000	0.000	0.000	146.145	197.882	2065.499	11.173	157.905	2057.636	-62.973	-53.313	2087.617	-52.631	136.933	2008.806	-48.403	214.718	1976.583	0.000	0.000	0.000	203.840	-82.755	2099.420	203.840	-420.255	2099.420	203.840	-737.724	2099.420	0.000	0.000	0.000	30.925	-108.014	2128.219	30.925	-445.513	2128.219	30.925	-762.982	2128.219	0.000	0.000	0.000	
02678	2	0.000	0.000	0.000	155.416	347.212	1983.250	149.337	256.893	2023.793	107.975	48.204	2191.363	92.855	-104.862	2132.864	138.952	204.496	2065.866	268.634	168.817	2112.303	364.136	-24.423	2045.254	276.465	155.597	1996.516	258.930	191.601	1986.769	0.000	0.000	0.000	138.952	204.496	2065.866	15.280	152.962	2056.200	-74.563	-52.620	2081.143	-41.505	139.309	2013.770	-27.988	217.781	1986.223	0.000	0.000	0.000	187.525	-75.977	2113.579	187.525	-413.305	2113.579	187.525	-730.614	2113.579	0.000	0.000	0.000	2.127	-89.080	2138.913	2.127	-426.409	2138.913	2.127	-743.717	2138.913	0.000	0.000	0.000	
02679	2	0.000	0.000	0.000	155.416	347.212	1983.250	149.337	256.893	2023.793	107.975	48.204	2191.363	92.855	-104.862	2132.864	138.952	204.496	2065.866	268.634	168.817	2112.303	364.136	-24.423	2045.254	276.465	155.597	1996.516	258.930	191.601	1986.769	0.000	0.000	0.000	138.952	204.496	2065.866	15.280	152.962	2056.200	-74.563	-52.620	2081.143	-41.505	139.309	2013.770	-27.988	217.781	1986.223	0.000	0.000	0.000	187.525	-75.977	2113.579	187.525	-413.305	2113.579	187.525	-730.614	2113.579	0.000	0.000	0.000	2.127	-89.080	2138.913	2.127	-426.409	2138.913	2.127	-743.717	2138.913	0.000	0.000	0.000	
02680	2	0.000	0.000	0.000	153.141	348.369	1985.578	142.095	257.532	2023.735	77.727	49.244	2184.377	69.281	-107.685	2135.674	125.940	205.256	2064.053	276.974	174.301	2080.329	351.941	-36.195	2048.956	338.019	121.261	1916.814	332.334	185.549	1862.861	0.000	0.000	0.000	125.940	205.256	2064.053	12.279	156.281	2058.642	-80.466	-48.031	2082.475	-48.057	144.448	2016.528	-34.809	223.131	1989.570	0.000	0.000	0.000	162.622	-90.960	2117.595	162.622	-428.139	2117.595	162.622	-745.307	2117.595	0.000	0.000	0.000	-26.672	-78.072	2146.029	-26.672	-415.252	2146.029	-26.672	-732.419	2146.029	0.000	0.000	0.000	
02681	2	0.000	0.000	0.000	153.460	348.963	1986.763	142.999	257.579	2023.733	86.390	49.265	2187.232	82.239	-106.689	2134.991	128.792	205.300	2064.764	266.487	178.121	2108.195	343.409	-24.648	2045.977	314.764	151.252	1942.656	303.065	223.090	1900.459	0.000	0.000	0.000	128.792	205.300	2064.764	13.917	153.429	2058.190	-72.541	-53.442	2083.347	-46.022	140.574	2019.385	-35.182	219.887	1993.238	0.000	0.000	0.000	175.395	-84.538	2115.806	175.395	-421.684	2115.806	175.395	-738.822	2115.806	0.000	0.000	0.000	-14.494	-81.963	2143.394	-14.494	-419.110	2143.394	-14.494	-736.247	2143.394	0.000	0.000	0.000	
02682	2	0.000	0.000	0.000	153.929	349.876	1988.712	144.323	257.642	2023.729	101.521	51.529	2194.066	97.971	-101.254	2133.150	133.582	205.919	2066.474	256.160	186.935	2131.454	337.880	-6.684	2049.425	299.031	155.756	1928.881	291.261	188.244	1904.772	0.000	0.000	0.000	133.582	205.919	2066.474	10.481	157.917	2059.123	-72.295	-50.593	2082.934	-36.938	142.295	2019.919	-22.484	221.150	1994.158	0.000	0.000	0.000	189.229	-80.991	2110.793	189.229	-418.111	2110.793	189.229	-735.223	2110.793	0.000	0.000	0.000	0.547	-74.764	2142.821	0.547	-411.884	2142.821	0.547	-728.996	2142.821	0.000	0.000	0.000	
02683	2	0.000	0.000	0.000	154.410	348.074	1990.820	146.414	254.924	2023.716	113.613	58.217	2206.895	101.868	-81.219	2130.361	138.184	205.566	2069.679	282.797	173.514	2085.980	346.091	-39.445	2046.930	295.737	156.879	2010.409	275.161	237.103	1995.485	0.000	0.000	0.000	138.184	205.566	2069.679	10.342	157.272	2056.168	-64.515	-53.003	2088.776	-32.116	139.880	2024.286	-18.870	218.736	1997.920	0.000	0.000	0.000	197.698	-71.221	2120.980	197.698	-408.300	2120.980	197.698	-725.373	2120.980	0.000	0.000	0.000	6.206	-62.776	2143.622	6.206	-399.854	2143.622	6.206	-716.927	2143.622	0.000	0.000	0.000	
02684	2	0.000	0.000	0.000	154.881	355.630	1990.425	146.731	262.636	2023.708	115.467	59.102	2199.544	101.386	-82.924	2133.450	138.887	211.567	2067.827	269.167	178.827	2108.723	347.543	-25.181	2052.907	286.533	168.009	2015.995	274.331	206.646	2008.612	0.000	0.000	0.000	138.887	211.567	2067.827	12.030	162.279	2055.737	-67.616	-45.787	2090.985	-29.661	144.329	2021.546	-14.143	222.056	1993.156	0.000	0.000	0.000	184.425	-106.416	2123.493	184.425	-443.476	2123.493	184.425	-760.533	2123.493	0.000	0.000	0.000	8.805	-79.676	2144.818	8.805	-416.736	2144.818	8.805	-733.793	2144.818	0.000	0.000	0.000	
02685	2	0.000	0.000	0.000	151.956	360.225	1995.334	147.509	265.380	2023.704	123.171	76.017	2215.702	121.715	-40.753	2106.517	141.403	217.869	2071.876	280.779	185.824	2094.059	346.619	-28.540	2069.959	294.920	159.568	2004.085	273.789	236.455	1977.159	0.000	0.000	0.000	141.403	217.869	2071.876	15.786	164.022	2061.326	-44.701	-51.908	2085.469	-35.258	144.080	2023.049	-31.397	224.208	1997.529	0.000	0.000	0.000	218.213	-20.411	2125.475	218.213	-357.439	2125.475	218.213	-674.464	2125.475	0.000	0.000	0.000	27.010	-30.358	2144.007	27.010	-367.386	2144.007	27.010	-684.411	2144.007	0.000	0.000	0.000	
02686	2	0.000	0.000	0.000	149.361	364.738	1998.152	148.172	268.952	2023.504	125.826	82.748	2218.794	130.551	-20.567	2095.680	142.565	222.234	2072.502	285.083	185.584	2080.436	348.191	-32.700	2075.975	302.894	150.651	1993.986	284.379	225.599	1960.472	0.000	0.000	0.000	142.565	222.234	2072.502	17.546	165.169	2056.704	-55.747	-32.762	2140.976	-36.230	131.424	2018.283	-28.251	198.551	1968.120	0.000	0.000	0.000	223.243	-10.652	2124.930	223.243	-347.662	2124.930	223.243	-664.672	2124.930	0.000	0.000	0.000	32.477	-8.483	2142.387	32.477	-345.493	2142.387	32.477	-662.503	2142.387	0.000	0.000	0.000	
02687	2	0.000	0.000	0.000	148.031	366.488	1997.697	148.410	270.801	2023.422	128.366	64.588	2197.715	130.332	-21.186	2060.865	143.381	219.064	2067.151	282.005	183.112	2079.354	352.839	-32.346	2072.471	332.725	159.964	2001.767	324.503	238.577	1972.865	0.000	0.000	0.000	143.381	219.064	2067.151	22.384	163.342	2058.571	-58.386	-48.658	2062.948	-33.095	152.221	2025.601	-22.755	234.350	2010.332	0.000	0.000	0.000	218.570	-23.906	2128.773	218.570	-360.899	2128.773	218.570	-677.891	2128.773	0.000	0.000	0.000	37.238	-17.549	2127.948	37.238	-354.541	2127.948	37.238	-671.534	2127.948	0.000	0.000	0.000	
02688	2	0.000	0.000	0.000	146.533	356.070	1998.254	148.891	260.041	2022.513	132.520	43.851	2184.628	129.599	-47.134	2049.938	144.784	205.802	2063.186	288.675	181.679	2069.331	353.219	-35.299	2070.494	283.616	151.596	2007.301	255.618	226.776	1981.882	0.000	0.000	0.000	144.784	205.802	2063.186	17.116	164.171	2058.798	-58.858	-30.283	2146.330	-34.699	132.055	2016.598	-24.980	197.363	1964.408	0.000	0.000	0.000	230.360	-11.945	2122.534	230.360	-348.895	2122.534	230.360	-665.847	2122.534	0.000	0.000	0.000	31.427	-2.366	2127.892	31.427	-339.316	2127.892	31.427	-656.268	2127.892	0.000	0.000	0.000	
02689	2	0.000	0.000	0.000	146.619	363.658	1998.181	149.379	267.666	2022.475	139.227	68.156	2205.119	131.061	-37.572	2081.035	146.832	217.612	2068.297	290.574	187.242	2057.938	348.481	-29.685	2083.906	319.860	153.661	1990.022	308.279	227.845	1952.036	0.000	0.000	0.000	146.832	217.612	2068.297	21.196	168.799	2060.639	-51.744	-43.299	2088.555	-34.347	152.464	2020.557	-27.308	231.677	1993.043	0.000	0.000	0.000	233.535	-3.093	2116.323	233.535	-339.989	2116.323	233.535	-656.890	2116.323	0.000	0.000	0.000	33.983	0.090	2129.281	33.983	-336.806	2129.281	33.983	-653.707	2129.281	0.000	0.000	0.000	
02690	2	0.000	0.000	0.000	145.880	362.663	1998.305	146.038	266.613	2022.489	117.132	69.255	2205.428	117.015	-44.983	2088.528	138.786	217.099	2068.385	252.902	173.047	2101.774	350.501	-28.600	2072.845	309.867	165.954	2013.176	293.392	244.836	1988.983	0.000	0.000	0.000	138.786	217.099	2068.385	23.047	166.488	2058.670	-65.829	-25.224	2138.489	-32.687	137.253	2013.728	-19.249	203.133	1963.141	0.000	0.000	0.000	214.186	-18.656	2123.573	214.186	-355.519	2123.573	214.186	-672.390	2123.573	0.000	0.000	0.000	17.094	-1.395	2142.903	17.094	-338.259	2142.903	17.094	-655.130	2142.903	0.000	0.000	0.000	
02691	2	0.000	0.000	0.000	145.595	359.214	1993.827	144.634	264.246	2021.869	118.745	61.022	2198.646	137.909	-34.366	2066.919	138.139	213.261	2066.219	281.397	184.421	2058.588	319.147	-38.014	2053.650	307.662	166.779	2026.915	302.991	250.063	2016.042	0.000	0.000	0.000	138.139	213.261	2066.219	26.715	157.662	2055.915	26.715	-68.007	2055.915	26.715	-274.857	2055.915	26.715	-358.980	2055.915	0.000	0.000	0.000	193.811	-45.610	2150.011	193.811	-382.398	2150.011	193.811	-699.198	2150.011	0.000	0.000	0.000	27.791	7.449	2141.857	27.791	-329.339	2141.857	27.791	-646.139	2141.857	0.000	0.000	0.000	
02692	2	0.000	0.000	0.000	144.710	352.931	1994.404	141.740	259.084	2025.828	105.160	69.813	2215.671	114.288	-48.341	2102.497	132.563	211.600	2073.456	279.558	182.448	2057.160	324.331	-38.055	2073.320	312.973	165.959	2042.753	308.350	249.014	2030.309	0.000	0.000	0.000	132.563	211.600	2073.456	25.260	152.267	2055.345	25.260	-73.315	2055.345	25.260	-279.918	2055.345	25.260	-364.030	2055.345	0.000	0.000	0.000	187.413	-45.346	2178.271	187.413	-382.090	2178.271	187.413	-698.849	2178.271	0.000	0.000	0.000	11.862	7.715	2141.752	11.862	-329.030	2141.752	11.862	-645.789	2141.752	0.000	0.000	0.000	
02693	2	0.000	0.000	0.000	143.029	349.349	1995.427	136.579	258.407	2033.973	87.498	64.485	2216.031	92.791	-67.627	2119.010	124.266	209.756	2079.648	260.442	189.512	2103.143	322.913	-20.242	2049.103	330.909	181.438	2091.417	334.169	263.671	2108.670	0.000	0.000	0.000	124.266	209.756	2079.648	13.542	160.596	2046.922	13.542	-64.836	2046.922	13.542	-271.062	2046.922	13.542	-355.150	2046.922	0.000	0.000	0.000	178.172	-38.029	2149.852	178.172	-374.675	2149.852	178.172	-691.341	2149.852	0.000	0.000	0.000	16.475	-50.770	2129.998	16.475	-387.416	2129.998	16.475	-704.082	2129.998	0.000	0.000	0.000	
02694	2	0.000	0.000	0.000	142.770	347.163	1995.045	135.828	255.716	2032.244	89.000	69.565	2222.746	99.308	-44.970	2105.774	124.080	209.014	2080.037	262.004	186.538	2095.827	325.871	-24.665	2049.962	328.223	178.443	2084.751	329.183	261.304	2098.944	0.000	0.000	0.000	124.080	209.014	2080.037	17.165	157.652	2064.669	17.165	-67.713	2064.669	17.165	-273.793	2064.669	17.165	-357.867	2064.669	0.000	0.000	0.000	187.373	-16.962	2160.872	187.373	-353.552	2160.872	187.373	-670.167	2160.872	0.000	0.000	0.000	4.670	-10.491	2132.641	4.670	-347.082	2132.641	4.670	-663.696	2132.641	0.000	0.000	0.000	
02695	2	0.000	0.000	0.000	143.028	349.815	1993.881	135.521	258.686	2031.700	88.387	79.022	2228.194	117.457	-6.165	2091.036	123.696	213.612	2080.997	268.639	186.146	2065.305	325.029	-31.898	2059.173	327.966	173.740	2070.169	329.165	257.670	2074.657	0.000	0.000	0.000	123.696	213.612	2080.997	15.514	161.296	2046.717	15.514	-64.005	2046.717	15.514	-269.959	2046.717	15.514	-354.018	2046.717	0.000	0.000	0.000	196.494	11.029	2156.116	196.494	-325.503	2156.116	196.494	-642.063	2156.116	0.000	0.000	0.000	17.051	5.584	2125.985	17.051	-330.948	2125.985	17.051	-647.507	2125.985	0.000	0.000	0.000	
02696	2	0.000	0.000	0.000	143.269	351.277	1993.170	135.250	260.250	2031.084	86.191	91.107	2236.187	123.298	36.242	2086.085	122.942	217.816	2082.540	271.051	189.899	2035.758	320.780	-27.358	2068.310	325.841	176.778	2042.341	327.907	260.123	2031.738	0.000	0.000	0.000	122.942	217.816	2082.540	17.955	162.050	2034.477	17.955	-63.191	2034.477	17.955	-269.034	2034.477	17.955	-353.077	2034.477	0.000	0.000	0.000	203.476	62.969	2152.905	203.476	-273.500	2152.905	203.476	-590.000	2152.905	0.000	0.000	0.000	9.653	53.789	2134.649	9.653	-282.680	2134.649	9.653	-599.181	2134.649	0.000	0.000	0.000	
02697	2	0.000	0.000	0.000	143.838	352.991	1992.397	135.072	262.133	2030.499	100.944	86.132	2232.770	137.511	57.797	2075.361	126.510	217.978	2081.244	268.996	194.536	2047.868	321.029	-24.056	2062.591	326.239	178.560	2027.225	328.367	261.308	2012.782	0.000	0.000	0.000	126.510	217.978	2081.244	20.187	164.117	2031.488	20.187	-61.065	2031.488	20.187	-266.810	2031.488	20.187	-350.837	2031.488	0.000	0.000	0.000	217.224	53.024	2152.589	217.224	-283.380	2152.589	217.224	-599.818	2152.589	0.000	0.000	0.000	24.207	56.587	2129.064	24.207	-279.817	2129.064	24.207	-596.255	2129.064	0.000	0.000	0.000	
02698	2	0.000	0.000	0.000	148.336	356.771	1987.977	146.385	263.668	2021.196	115.163	76.185	2213.208	165.111	56.947	2058.142	138.552	216.633	2069.367	246.195	225.749	2124.728	313.750	25.321	2047.796	331.031	230.167	2047.205	338.092	313.861	2046.964	0.000	0.000	0.000	138.552	216.633	2069.367	28.229	173.365	2019.409	28.229	-51.699	2019.409	28.229	-257.274	2019.409	28.229	-341.266	2019.409	0.000	0.000	0.000	235.063	56.646	2156.495	235.063	-279.615	2156.495	235.063	-595.919	2156.495	0.000	0.000	0.000	37.235	65.874	2140.458	37.235	-270.387	2140.458	37.235	-586.691	2140.458	0.000	0.000	0.000	
02699	2	0.000	0.000	0.000	147.547	354.624	1988.414	143.041	261.550	2021.396	103.001	77.875	2215.355	139.440	21.328	2065.762	132.996	215.470	2070.056	237.425	264.531	2134.691	301.745	58.850	2057.323	342.073	258.107	2087.323	358.551	339.529	2099.581	0.000	0.000	0.000	132.996	215.470	2070.056	25.431	173.518	2034.489	25.431	-55.453	2034.489	25.431	-260.952	2034.489	25.431	-344.924	2034.489	0.000	0.000	0.000	215.074	32.536	2156.305	215.074	-303.649	2156.305	215.074	-619.881	2156.305	0.000	0.000	0.000	19.822	44.267	2139.875	19.822	-291.918	2139.875	19.822	-608.151	2139.875	0.000	0.000	0.000	
02700	2	0.000	0.000	0.000	148.290	352.031	1991.287	143.513	260.113	2027.202	110.706	79.026	2224.739	128.354	29.742	2069.351	135.282	214.682	2076.760	263.983	192.977	2070.702	335.154	-23.583	2065.363	329.291	183.570	2076.053	326.920	267.357	2080.376	0.000	0.000	0.000	135.282	214.682	2076.760	29.617	176.859	2058.964	29.617	-51.158	2058.964	29.617	-258.669	2058.964	29.617	-342.601	2058.964	0.000	0.000	0.000	212.740	27.942	2156.102	212.740	-308.081	2156.102	212.740	-624.161	2156.102	0.000	0.000	0.000	28.232	25.909	2132.156	28.232	-310.113	2132.156	28.232	-626.193	2132.156	0.000	0.000	0.000	
02701	2	0.000	0.000	0.000	150.270	351.912	1991.286	147.433	259.921	2027.151	107.212	85.971	2229.577	144.191	59.880	2072.013	137.342	216.281	2077.935	271.679	191.877	2062.677	340.966	-24.578	2067.664	318.638	179.363	2040.031	309.588	262.029	2028.830	0.000	0.000	0.000	137.342	216.281	2077.935	33.625	170.406	2046.230	33.625	-56.923	2046.230	33.625	-263.937	2046.230	33.625	-347.847	2046.230	0.000	0.000	0.000	216.754	41.938	2153.053	216.754	-293.999	2153.053	216.754	-609.999	2153.053	0.000	0.000	0.000	30.278	52.278	2132.917	30.278	-283.659	2132.917	30.278	-599.658	2132.917	0.000	0.000	0.000	
02702	2	0.000	0.000	0.000	148.609	351.103	1992.218	140.731	259.483	2028.132	87.718	97.447	2237.198	132.801	36.336	2091.999	127.431	218.832	2080.582	268.248	193.390	2064.674	342.047	-20.229	2076.194	269.311	155.254	1995.828	239.736	226.606	1963.152	0.000	0.000	0.000	127.431	218.832	2080.582	27.298	165.463	2044.167	27.298	-60.838	2044.167	27.298	-267.099	2044.167	27.298	-350.964	2044.167	0.000	0.000	0.000	205.553	43.911	2165.262	205.553	-291.846	2165.262	205.553	-607.676	2165.262	0.000	0.000	0.000	17.503	63.308	2128.936	-49.166	-254.785	2044.645	-49.166	-570.615	2044.645	0.000	0.000	0.000	
02703	2	0.000	0.000	0.000	149.572	350.829	1992.759	142.115	259.224	2028.724	130.730	85.393	2234.604	149.192	7.940	2091.439	139.259	215.614	2080.375	272.931	199.039	2067.028	341.291	-15.637	2083.730	265.495	157.445	2001.734	234.642	227.898	1968.357	0.000	0.000	0.000	139.259	215.614	2080.375	27.007	165.068	2038.062	27.007	-60.848	2038.062	27.007	-266.823	2038.062	27.007	-350.665	2038.062	0.000	0.000	0.000	237.828	17.986	2123.302	237.828	-317.676	2123.302	237.828	-633.417	2123.302	0.000	0.000	0.000	101.403	-31.816	2085.689	101.403	-367.478	2085.689	101.403	-683.220	2085.689	0.000	0.000	0.000	
02704	2	0.000	0.000	0.000	154.945	352.170	1989.650	155.171	258.836	2021.646	159.273	79.332	2222.776	154.288	-39.186	2111.690	156.200	213.802	2072.105	277.593	204.564	2087.217	331.208	-14.339	2077.271	293.887	178.358	2015.616	278.681	256.864	1990.498	0.000	0.000	0.000	156.200	213.802	2072.105	31.081	176.197	2023.789	31.081	-49.395	2023.789	31.081	-255.128	2023.789	31.081	-338.946	2023.789	0.000	0.000	0.000	237.582	-70.364	2139.780	237.582	-405.929	2139.780	237.582	-721.580	2139.780	0.000	0.000	0.000	56.913	-26.361	2146.394	56.913	-361.927	2146.394	56.913	-677.577	2146.394	0.000	0.000	0.000	
02705	2	0.000	0.000	0.000	153.620	359.723	1989.555	150.799	267.775	2025.066	107.356	89.035	2221.966	110.552	-47.977	2136.763	139.900	222.933	2074.464	276.489	191.459	2061.096	337.427	-23.668	2086.990	345.805	179.292	2056.912	349.223	262.085	2044.642	0.000	0.000	0.000	139.900	222.933	2074.464	35.127	175.458	2056.968	35.127	-49.628	2056.968	35.127	-254.975	2056.968	35.127	-338.743	2056.968	0.000	0.000	0.000	187.103	-71.262	2153.886	187.103	-406.627	2153.886	187.103	-722.088	2153.886	0.000	0.000	0.000	34.363	-71.013	2140.560	34.363	-406.378	2140.560	34.363	-721.839	2140.560	0.000	0.000	0.000	
02706	2	0.000	0.000	0.000	153.332	366.654	1988.097	149.261	275.603	2025.653	88.135	101.649	2222.029	98.836	-42.124	2148.611	133.926	231.962	2074.920	273.542	191.960	2056.839	348.717	-17.209	2091.043	362.770	186.635	2072.242	368.505	269.827	2064.569	0.000	0.000	0.000	133.926	231.962	2074.920	37.950	179.426	2067.776	37.950	-45.458	2067.776	37.950	-250.648	2067.776	37.950	-334.390	2067.776	0.000	0.000	0.000	193.382	6.337	2170.020	193.382	-328.924	2170.020	193.382	-644.287	2170.020	0.000	0.000	0.000	-2.930	5.624	2160.531	-2.930	-329.637	2160.531	-2.930	-645.000	2160.531	0.000	0.000	0.000	
02707	2	0.000	0.000	0.000	152.787	363.325	1991.172	147.952	273.476	2031.356	81.174	98.518	2224.862	91.176	-46.400	2152.909	131.199	229.583	2079.903	275.748	192.005	2059.924	350.337	-17.483	2092.248	364.546	187.068	2093.919	370.347	270.579	2094.602	0.000	0.000	0.000	131.199	229.583	2079.903	34.261	177.023	2070.809	34.261	-47.684	2070.809	34.261	-252.735	2070.809	34.261	-336.450	2070.809	0.000	0.000	0.000	185.905	12.584	2177.537	185.905	-322.571	2177.537	185.905	-637.834	2177.537	0.000	0.000	0.000	-8.377	-5.541	2166.793	-8.377	-340.696	2166.793	-8.377	-655.959	2166.793	0.000	0.000	0.000	
02708	2	0.000	0.000	0.000	152.463	358.707	1993.440	147.417	269.022	2033.886	86.644	94.701	2229.811	92.433	-51.973	2160.454	132.170	225.288	2083.040	277.884	193.534	2067.678	348.375	-17.457	2098.284	364.135	186.766	2092.047	370.571	270.167	2089.499	0.000	0.000	0.000	132.170	225.288	2083.040	30.866	174.479	2070.489	30.866	-50.071	2070.489	30.866	-254.996	2070.489	30.866	-338.684	2070.489	0.000	0.000	0.000	187.493	-1.905	2173.662	187.493	-336.951	2173.662	187.493	-652.113	2173.662	0.000	0.000	0.000	-4.232	-17.034	2172.517	-4.232	-352.080	2172.517	-4.232	-667.242	2172.517	0.000	0.000	0.000	
02709	4	0.000	0.000	0.000	152.334	354.657	1995.541	147.217	265.757	2037.601	93.697	94.810	2238.429	107.024	-38.533	2146.456	133.790	222.870	2087.985	278.085	189.205	2071.394	349.926	-21.709	2098.100	358.618	182.578	2086.347	362.169	266.025	2081.546	0.000	0.000	0.000	133.790	222.870	2087.985	26.917	171.719	2066.115	26.917	-52.690	2066.115	26.917	-257.500	2066.115	26.917	-341.160	2066.115	0.000	0.000	0.000	195.575	-5.320	2166.810	195.575	-340.257	2166.810	195.575	-655.315	2166.810	0.000	0.000	0.000	8.449	-8.704	2163.932	8.449	-343.640	2163.932	8.449	-658.698	2163.932	0.000	0.000	0.000	
02710	4	0.000	0.000	0.000	155.049	352.817	1987.553	153.570	264.327	2030.535	150.139	71.923	2218.289	146.763	-22.986	2086.008	152.709	216.057	2077.638	286.584	186.850	2074.816	346.921	-28.185	2092.829	367.231	175.250	2087.237	375.531	258.387	2084.952	0.000	0.000	0.000	152.709	216.057	2077.638	30.827	171.692	2075.358	30.827	-52.373	2075.358	30.827	-256.896	2075.358	30.827	-340.477	2075.358	0.000	0.000	0.000	230.864	12.359	2209.635	230.864	-322.261	2209.635	230.864	-637.021	2209.635	0.000	0.000	0.000	53.150	8.808	2168.317	53.150	-325.811	2168.317	53.150	-640.571	2168.317	0.000	0.000	0.000	
02711	4	0.000	0.000	0.000	153.902	347.684	1988.563	149.678	260.179	2033.295	155.964	58.017	2210.332	142.813	-37.453	2078.994	151.255	209.461	2077.709	287.415	212.949	2097.088	307.654	-9.418	2079.366	358.103	188.035	2095.818	378.722	268.734	2102.542	0.000	0.000	0.000	151.255	209.461	2077.709	30.891	178.620	2100.447	30.891	-45.369	2100.447	30.891	-249.828	2100.447	30.891	-333.391	2100.447	0.000	0.000	0.000	218.103	-55.223	2158.660	218.103	-389.770	2158.660	218.103	-704.462	2158.660	0.000	0.000	0.000	91.066	-59.439	2175.838	91.066	-393.986	2175.838	91.066	-708.678	2175.838	0.000	0.000	0.000	
02712	4	0.000	0.000	0.000	154.447	345.909	1987.187	151.334	258.164	2031.503	147.672	61.234	2214.344	126.984	-58.469	2105.734	150.415	208.759	2077.374	283.758	205.453	2101.129	343.519	-10.144	2110.611	325.899	192.065	2086.464	318.696	274.716	2076.594	0.000	0.000	0.000	150.415	208.759	2077.374	25.779	162.489	2047.141	25.779	-61.438	2047.141	25.779	-265.846	2047.141	25.779	-349.394	2047.141	0.000	0.000	0.000	224.021	2.266	2211.785	224.021	-332.223	2211.785	224.021	-646.860	2211.785	0.000	0.000	0.000	44.926	-14.976	2191.939	44.926	-349.464	2191.939	44.926	-664.101	2191.939	0.000	0.000	0.000	
02713	4	0.000	0.000	0.000	154.658	342.228	1985.064	151.530	256.025	2032.278	129.311	77.191	2231.604	105.279	-72.575	2171.951	145.955	211.160	2082.285	286.293	191.180	2087.625	354.350	-16.369	2136.752	306.891	172.315	2074.209	287.491	249.441	2048.644	0.000	0.000	0.000	145.955	211.160	2082.285	26.070	162.312	2062.398	26.070	-61.567	2062.398	26.070	-265.933	2062.398	26.070	-349.470	2062.398	0.000	0.000	0.000	153.240	-42.696	2280.066	153.240	-377.138	2280.066	153.240	-691.731	2280.066	0.000	0.000	0.000	22.073	-26.779	2221.876	22.073	-361.221	2221.876	22.073	-675.814	2221.876	0.000	0.000	0.000	
02714	4	0.000	0.000	0.000	154.750	326.548	1985.584	151.345	247.291	2043.659	119.874	94.141	2262.134	104.012	-63.350	2233.990	143.450	208.869	2098.470	288.089	177.992	2097.309	348.489	-33.740	2137.449	313.605	147.494	2049.822	299.344	221.582	2014.000	0.000	0.000	0.000	143.450	208.869	2098.470	25.771	146.725	2065.959	25.771	-77.082	2065.959	25.771	-281.389	2065.959	25.771	-364.910	2065.959	0.000	0.000	0.000	203.411	-34.101	2222.009	203.411	-368.475	2222.009	203.411	-683.005	2222.009	0.000	0.000	0.000	14.995	-38.798	2207.398	14.995	-373.172	2207.398	14.995	-687.702	2207.398	0.000	0.000	0.000	
02715	4	0.000	0.000	0.000	155.883	318.217	1988.580	156.567	235.923	2042.346	149.412	83.219	2263.227	148.981	-54.893	2184.198	154.772	197.613	2097.760	291.411	175.996	2112.083	319.415	-45.967	2107.885	363.474	153.494	2108.314	381.487	235.037	2108.489	0.000	0.000	0.000	154.772	197.613	2097.760	32.187	135.085	2073.941	32.187	-88.677	2073.941	32.187	-292.946	2073.941	32.187	-376.455	2073.941	0.000	0.000	0.000	233.422	-69.146	2193.855	233.422	-403.477	2193.855	233.422	-717.965	2193.855	0.000	0.000	0.000	65.077	-69.680	2193.601	65.077	-404.011	2193.601	65.077	-718.500	2193.601	0.000	0.000	0.000	
02716	4	0.000	0.000	0.000	156.308	314.720	1990.387	158.061	230.464	2040.989	167.395	76.112	2260.623	162.090	-47.272	2159.008	160.403	191.741	2096.090	284.518	153.969	2103.837	360.406	-53.470	2139.506	363.594	149.713	2118.854	364.897	232.780	2110.411	0.000	0.000	0.000	160.403	191.741	2096.090	32.524	146.402	2095.458	32.524	-77.344	2095.458	32.524	-281.599	2095.458	32.524	-365.104	2095.458	0.000	0.000	0.000	256.772	-26.909	2208.413	256.772	-361.224	2208.413	256.772	-675.698	2208.413	0.000	0.000	0.000	66.995	-29.293	2192.939	66.995	-363.608	2192.939	66.995	-678.082	2192.939	0.000	0.000	0.000	
02717	4	0.000	0.000	0.000	156.602	303.261	1988.653	160.014	218.145	2037.693	163.940	53.431	2249.814	139.189	-77.454	2159.229	160.999	176.822	2090.909	276.347	162.256	2125.334	346.592	-50.095	2130.307	359.263	146.683	2077.108	364.443	227.134	2055.359	0.000	0.000	0.000	160.999	176.822	2090.909	41.504	135.815	2096.981	41.504	-87.908	2096.981	41.504	-292.143	2096.981	41.504	-375.643	2096.981	0.000	0.000	0.000	232.375	-46.142	2220.219	232.375	-380.435	2220.219	232.375	-694.888	2220.219	0.000	0.000	0.000	53.860	-64.282	2192.377	53.860	-398.575	2192.377	53.860	-713.028	2192.377	0.000	0.000	0.000	
02718	4	0.000	0.000	0.000	156.394	296.237	1985.891	160.161	209.642	2032.237	143.108	63.249	2256.773	108.056	-79.986	2190.915	155.883	172.915	2088.569	254.525	160.190	2146.746	337.172	-42.989	2102.749	348.621	160.827	2096.656	353.302	244.156	2094.164	0.000	0.000	0.000	155.883	172.915	2088.569	45.445	138.738	2111.452	45.445	-84.976	2111.452	45.445	-289.205	2111.452	45.445	-372.703	2111.452	0.000	0.000	0.000	196.263	-56.622	2253.958	196.263	-390.906	2253.958	196.263	-705.352	2253.958	0.000	0.000	0.000	22.658	-71.374	2198.943	22.658	-405.659	2198.943	22.658	-720.104	2198.943	0.000	0.000	0.000	
02719	4	0.000	0.000	0.000	155.657	291.684	1980.232	155.507	201.747	2019.076	115.056	78.575	2254.287	95.131	-80.108	2243.974	145.359	170.846	2078.085	240.134	148.198	2136.756	348.098	-47.561	2128.736	307.979	150.802	2101.399	291.577	231.903	2090.223	0.000	0.000	0.000	145.359	170.846	2078.085	85.328	117.201	2127.725	85.328	-106.500	2127.725	85.328	-310.716	2127.725	85.328	-394.211	2127.725	0.000	0.000	0.000	191.187	-85.822	2243.100	191.187	-420.093	2243.100	191.187	-734.525	2243.100	0.000	0.000	0.000	5.152	-97.107	2224.721	5.152	-431.378	2224.721	5.152	-745.810	2224.721	0.000	0.000	0.000	
02720	4	0.000	0.000	0.000	155.639	286.406	1982.601	155.754	193.554	2014.035	118.991	65.805	2247.396	108.559	-94.668	2247.462	146.531	161.505	2072.580	261.249	133.497	2108.774	357.019	-60.060	2167.110	277.269	105.384	2077.832	244.663	173.026	2041.330	0.000	0.000	0.000	146.531	161.505	2072.580	71.393	115.658	2116.635	71.393	-108.036	2116.635	71.393	-312.247	2116.635	71.393	-395.740	2116.635	0.000	0.000	0.000	204.029	-95.608	2260.671	204.029	-429.871	2260.671	204.029	-744.296	2260.671	0.000	0.000	0.000	17.394	-126.163	2240.433	17.394	-460.426	2240.433	17.394	-774.851	2240.433	0.000	0.000	0.000	
02721	4	0.000	0.000	0.000	173.215	274.381	1996.012	169.951	176.292	1995.606	184.258	-0.338	2197.379	169.452	-159.114	2172.923	173.541	131.980	2046.226	208.460	94.201	2122.412	208.460	-129.469	2122.412	208.460	-333.660	2122.412	208.460	-417.144	2122.412	0.000	0.000	0.000	173.541	131.980	2046.226	117.558	89.805	2114.250	117.558	-133.866	2114.250	117.558	-338.056	2114.250	117.558	-421.541	2114.250	0.000	0.000	0.000	177.144	-151.310	2272.044	177.144	-485.542	2272.044	177.144	-799.938	2272.044	0.000	0.000	0.000	92.125	-161.326	2224.590	92.125	-495.558	2224.590	92.125	-809.955	2224.590	0.000	0.000	0.000	
02722	4	0.000	0.000	0.000	173.215	274.381	1996.012	169.951	176.292	1995.606	184.258	-0.338	2197.379	169.452	-159.114	2172.923	173.541	131.980	2046.226	208.460	94.201	2122.412	208.460	-129.469	2122.412	208.460	-333.660	2122.412	208.460	-417.144	2122.412	0.000	0.000	0.000	173.541	131.980	2046.226	117.558	89.805	2114.250	117.558	-133.866	2114.250	117.558	-338.056	2114.250	117.558	-421.541	2114.250	0.000	0.000	0.000	177.144	-151.310	2272.044	177.144	-485.542	2272.044	177.144	-799.938	2272.044	0.000	0.000	0.000	92.125	-161.326	2224.590	92.125	-495.558	2224.590	92.125	-809.955	2224.590	0.000	0.000	0.000	
02723	4	0.000	0.000	0.000	185.649	272.904	1999.197	183.410	175.798	1985.004	215.521	-13.328	2172.907	215.857	-170.846	2136.454	191.466	128.350	2032.145	179.779	111.666	2127.487	179.779	-111.991	2127.487	179.779	-316.170	2127.487	179.779	-399.650	2127.487	0.000	0.000	0.000	191.466	128.350	2032.145	39.706	129.514	2025.434	39.706	-94.143	2025.434	39.706	-298.321	2025.434	39.706	-381.801	2025.434	0.000	0.000	0.000	272.129	-200.206	2203.195	272.129	-534.420	2203.195	272.129	-848.798	2203.195	0.000	0.000	0.000	160.331	-180.789	2215.164	160.331	-515.003	2215.164	160.331	-829.381	2215.164	0.000	0.000	0.000	
02724	4	0.000	0.000	0.000	193.624	262.938	2000.734	208.184	168.680	1977.450	253.135	-28.149	2151.238	270.580	-180.021	2102.583	219.551	118.907	2021.396	203.656	148.663	2132.753	203.656	-74.976	2132.753	203.656	-279.138	2132.753	203.656	-362.611	2132.753	0.000	0.000	0.000	219.551	118.907	2021.396	52.540	160.034	1961.934	52.540	-63.605	1961.934	52.540	-267.766	1961.934	52.540	-351.240	1961.934	0.000	0.000	0.000	354.414	-233.051	2121.617	354.414	-567.238	2121.617	354.414	-881.592	2121.617	0.000	0.000	0.000	304.391	-265.862	2146.616	304.391	-600.049	2146.616	304.391	-914.402	2146.616	0.000	0.000	0.000	
02725	4	0.000	0.000	0.000	189.392	238.496	2018.661	229.493	156.788	1981.838	217.468	-73.518	2116.571	246.960	-204.081	2021.427	226.461	98.716	2015.811	213.923	138.483	2137.252	213.923	-85.105	2137.252	213.923	-289.221	2137.252	213.923	-372.675	2137.252	0.000	0.000	0.000	226.461	98.716	2015.811	75.025	186.285	1982.553	75.025	-37.303	1982.553	75.025	-241.418	1982.553	75.025	-324.873	1982.553	0.000	0.000	0.000	295.991	-262.468	2080.077	295.991	-596.580	2080.077	295.991	-910.863	2080.077	0.000	0.000	0.000	263.468	-228.544	2117.058	263.468	-562.656	2117.058	263.468	-876.939	2117.058	0.000	0.000	0.000	
02726	4	0.000	0.000	0.000	184.443	219.956	2039.394	234.175	148.468	1994.052	216.779	-74.591	2140.357	239.121	-212.842	2049.447	229.793	92.281	2030.906	218.492	128.940	2149.563	218.492	-94.615	2149.563	218.492	-298.701	2149.563	218.492	-382.144	2149.563	0.000	0.000	0.000	229.793	92.281	2030.906	79.410	172.427	2010.922	79.410	-51.129	2010.922	79.410	-255.215	2010.922	79.410	-338.657	2010.922	0.000	0.000	0.000	292.292	-285.632	2090.217	292.292	-619.696	2090.217	292.292	-933.933	2090.217	0.000	0.000	0.000	261.043	-253.112	2136.032	261.043	-587.176	2136.032	261.043	-901.413	2136.032	0.000	0.000	0.000	
02727	4	0.000	0.000	0.000	184.369	215.557	2059.945	227.959	144.434	2008.180	200.001	-83.761	2144.929	216.653	-220.505	2050.343	220.922	87.000	2042.598	203.543	129.460	2163.297	203.543	-94.059	2163.297	203.543	-298.111	2163.297	203.543	-381.540	2163.297	0.000	0.000	0.000	220.922	87.000	2042.598	73.901	161.539	1978.933	73.901	-61.980	1978.933	73.901	-266.032	1978.933	73.901	-349.461	1978.933	0.000	0.000	0.000	279.715	-273.241	2094.978	279.715	-607.250	2094.978	279.715	-921.436	2094.978	0.000	0.000	0.000	166.051	-290.604	2080.402	166.051	-624.613	2080.402	166.051	-938.799	2080.402	0.000	0.000	0.000	
02728	4	0.000	0.000	0.000	187.947	216.339	2091.801	216.321	145.716	2029.807	175.035	-96.928	2134.878	192.271	-228.894	2037.922	205.936	84.684	2056.236	241.895	146.541	2185.657	241.895	-76.936	2185.657	241.895	-280.950	2185.657	241.895	-364.364	2185.657	0.000	0.000	0.000	205.936	84.684	2056.236	166.536	79.846	1895.172	166.536	-143.631	1895.172	166.536	-347.645	1895.172	166.536	-431.059	1895.172	0.000	0.000	0.000	261.743	-247.872	2095.375	261.743	-581.819	2095.375	261.743	-895.947	2095.375	0.000	0.000	0.000	157.084	-282.848	2085.329	157.084	-616.795	2085.329	157.084	-930.922	2085.329	0.000	0.000	0.000	
02729	4	0.000	0.000	0.000	194.110	223.010	2141.181	198.188	154.597	2070.951	158.745	-105.839	2118.982	163.389	-231.991	2014.312	188.276	89.151	2083.021	152.605	102.971	2213.544	152.605	-120.405	2213.544	152.605	-324.328	2213.544	152.605	-407.703	2213.544	0.000	0.000	0.000	188.276	89.151	2083.021	286.563	72.818	1968.102	286.563	-150.558	1968.102	286.563	-354.481	1968.102	286.563	-437.857	1968.102	0.000	0.000	0.000	243.800	-216.542	2093.043	243.800	-550.339	2093.043	243.800	-864.325	2093.043	0.000	0.000	0.000	161.787	-266.033	2093.994	161.787	-599.829	2093.994	161.787	-913.816	2093.994	0.000	0.000	0.000	
02731	4	0.000	0.000	0.000	181.640	239.207	2198.959	128.017	164.611	2151.479	0.000	0.000	0.000	0.000	0.000	0.000	94.306	110.826	2163.133	30.137	63.624	2301.973	30.137	-257.520	2301.973	30.137	-550.695	2301.973	30.137	-670.563	2301.973	0.000	0.000	0.000	94.306	110.826	2163.133	-2.047	79.483	2016.335	-2.047	-241.660	2016.335	-2.047	-534.836	2016.335	-2.047	-654.704	2016.335	0.000	0.000	0.000	0.000	0.000	0.000	0.000	-479.894	0.000	0.000	-931.307	0.000	0.000	0.000	0.000	0.000	0.000	0.000	0.000	-479.894	0.000	0.000	-931.307	0.000	0.000	0.000	0.000	
02732	4	0.000	0.000	0.000	182.046	204.412	2217.442	152.771	130.550	2191.902	0.000	0.000	0.000	0.000	0.000	0.000	100.971	72.352	2226.092	45.281	47.216	2354.778	45.281	-279.005	2354.778	45.281	-576.816	2354.778	45.281	-698.579	2354.778	0.000	0.000	0.000	100.971	72.352	2226.092	3.781	51.836	2062.933	3.781	-274.385	2062.933	3.781	-572.196	2062.933	3.781	-693.959	2062.933	0.000	0.000	0.000	0.000	0.000	0.000	0.000	-487.482	0.000	0.000	-946.032	0.000	0.000	0.000	0.000	0.000	0.000	0.000	0.000	-487.482	0.000	0.000	-946.032	0.000	0.000	0.000	0.000	
02733	4	0.000	0.000	0.000	184.591	201.499	2232.696	154.608	127.174	2203.619	0.000	0.000	0.000	0.000	0.000	0.000	101.924	68.124	2238.735	45.368	44.168	2369.825	45.368	-285.815	2369.825	45.368	-587.059	2369.825	45.368	-710.227	2369.825	0.000	0.000	0.000	101.924	68.124	2238.735	2.422	51.484	2071.111	2.422	-278.498	2071.111	2.422	-579.743	2071.111	2.422	-702.910	2071.111	0.000	0.000	0.000	0.000	0.000	0.000	0.000	-493.102	0.000	0.000	-956.940	0.000	0.000	0.000	0.000	0.000	0.000	0.000	0.000	-493.102	0.000	0.000	-956.940	0.000	0.000	0.000	0.000	
