01923	1	0.000	0.000	0.000	155.764	183.492	2437.193	153.483	85.443	2485.962	143.960	-133.892	2696.545	142.982	-301.267	2724.423	151.125	31.138	2538.100	300.861	2.711	2573.277	352.471	-141.784	2375.833	228.793	43.590	2425.330	178.226	119.383	2445.568	0.000	0.000	0.000	151.125	31.138	2538.100	3.674	-3.057	2562.862	179.374	-125.837	2434.097	81.413	72.604	2490.083	41.361	153.739	2512.974	0.000	0.000	0.000	247.164	-379.219	2761.001	247.164	-752.880	2761.001	247.164	-1104.364	2761.001	0.000	0.000	0.000	43.168	-376.189	2777.117	43.168	-749.850	2777.117	43.168	-1101.334	2777.117	0.000	0.000	0.000	
01924	1	0.000	0.000	0.000	154.211	187.959	2431.390	152.245	92.007	2486.074	141.956	-119.914	2702.032	142.878	-290.603	2724.937	149.685	39.284	2539.802	298.179	2.278	2566.194	59.495	-67.011	2593.653	-153.064	-8.289	2534.358	-239.940	15.712	2510.124	0.000	0.000	0.000	149.685	39.284	2539.802	5.458	-3.650	2557.281	183.265	-28.624	2383.252	15.848	-40.005	2538.130	-52.579	-44.657	2601.432	0.000	0.000	0.000	252.009	-327.908	2747.294	252.009	-701.565	2747.294	252.009	-1053.045	2747.294	0.000	0.000	0.000	53.849	-351.190	2783.194	53.849	-724.846	2783.194	53.849	-1076.327	2783.194	0.000	0.000	0.000	
01925	1	0.000	0.000	0.000	153.415	192.499	2425.496	151.735	95.701	2479.875	143.762	-131.082	2680.635	145.186	-305.476	2703.343	149.753	39.327	2529.781	305.237	4.763	2534.857	490.795	-139.925	2619.442	331.656	-25.379	2502.469	266.605	21.444	2454.654	0.000	0.000	0.000	149.753	39.327	2529.781	12.254	-6.661	2550.037	-174.518	-161.489	2610.579	13.883	-77.367	2512.819	90.896	-42.980	2472.857	0.000	0.000	0.000	249.594	-366.662	2732.537	249.594	-740.306	2732.537	249.594	-1091.774	2732.537	0.000	0.000	0.000	55.401	-385.063	2750.613	55.401	-758.707	2750.613	55.401	-1110.175	2750.613	0.000	0.000	0.000	
01926	1	0.000	0.000	0.000	153.983	192.921	2424.136	152.170	95.360	2475.926	150.713	-143.417	2663.536	151.036	-316.814	2676.272	151.809	36.139	2522.457	307.009	7.100	2525.131	307.009	-242.936	2525.131	307.009	-471.237	2525.131	307.009	-564.564	2525.131	0.000	0.000	0.000	151.809	36.139	2522.457	15.506	-8.663	2544.396	-44.569	-251.335	2548.809	49.912	-51.767	2490.778	88.534	29.814	2467.055	0.000	0.000	0.000	251.781	-391.826	2711.098	251.781	-765.462	2711.098	251.781	-1116.922	2711.098	0.000	0.000	0.000	86.463	-429.026	2733.787	86.463	-802.662	2733.787	86.463	-1154.123	2733.787	0.000	0.000	0.000	
01927	1	0.000	0.000	0.000	155.397	192.905	2422.537	152.886	94.682	2466.076	158.341	-144.087	2653.156	158.036	-317.509	2670.171	154.240	35.409	2512.517	296.392	7.772	2539.176	296.392	-242.256	2539.176	296.392	-470.536	2539.176	296.392	-563.860	2539.176	0.000	0.000	0.000	154.240	35.409	2512.517	18.494	-0.378	2546.034	-162.972	-102.091	2684.738	-8.321	-24.903	2535.618	54.903	6.652	2474.656	0.000	0.000	0.000	250.556	-414.041	2712.030	250.556	-787.665	2712.030	250.556	-1139.115	2712.030	0.000	0.000	0.000	91.917	-435.549	2730.711	91.917	-809.173	2730.711	91.917	-1160.623	2730.711	0.000	0.000	0.000	
01928	1	0.000	0.000	0.000	156.314	190.918	2422.662	153.087	93.971	2465.479	156.367	-136.968	2659.588	157.514	-311.302	2682.787	153.906	36.323	2513.934	295.148	6.867	2539.148	295.148	-243.159	2539.148	295.148	-471.431	2539.148	295.148	-564.754	2539.148	0.000	0.000	0.000	153.906	36.323	2513.934	18.351	-0.332	2543.894	198.704	-60.029	2381.346	17.214	-56.429	2519.753	-56.983	-54.957	2576.337	0.000	0.000	0.000	241.953	-404.478	2739.300	241.953	-778.098	2739.300	241.953	-1129.545	2739.300	0.000	0.000	0.000	85.737	-427.676	2729.652	85.737	-801.296	2729.652	85.737	-1152.742	2729.652	0.000	0.000	0.000	
01929	1	0.000	0.000	0.000	157.123	188.322	2420.840	153.478	93.296	2464.959	153.440	-136.615	2656.259	155.425	-312.347	2678.705	153.468	35.405	2513.128	295.097	6.957	2538.293	295.097	-243.066	2538.293	295.097	-471.332	2538.293	295.097	-564.654	2538.293	0.000	0.000	0.000	153.468	35.405	2513.128	14.629	-2.986	2530.829	-195.041	-139.105	2526.178	13.647	-90.210	2604.688	98.965	-70.220	2636.785	0.000	0.000	0.000	198.546	-453.931	2682.938	198.546	-827.548	2682.938	198.546	-1178.991	2682.938	0.000	0.000	0.000	97.242	-443.381	2704.561	97.242	-816.998	2704.561	97.242	-1168.441	2704.561	0.000	0.000	0.000	
01930	1	0.000	0.000	0.000	157.925	184.289	2416.248	153.871	90.035	2460.038	149.381	-140.299	2646.157	150.030	-317.502	2665.038	152.729	31.465	2507.365	294.454	7.243	2536.779	302.144	-236.399	2592.365	225.087	-40.892	2495.857	193.990	38.007	2456.910	0.000	0.000	0.000	152.729	31.465	2507.365	12.997	-9.867	2511.819	-153.312	-149.289	2635.970	11.919	-58.640	2501.970	78.599	-22.057	2447.893	0.000	0.000	0.000	180.249	-444.308	2717.805	180.249	-817.922	2717.805	180.249	-1169.363	2717.805	0.000	0.000	0.000	100.346	-448.336	2659.388	100.346	-821.950	2659.388	100.346	-1173.390	2659.388	0.000	0.000	0.000	
01931	1	0.000	0.000	0.000	158.600	172.851	2403.277	154.694	82.177	2454.154	147.860	-140.971	2642.017	146.140	-319.738	2660.211	152.930	24.581	2502.642	297.124	7.246	2533.869	317.754	-231.357	2605.644	243.513	-47.228	2489.007	213.424	27.396	2441.736	0.000	0.000	0.000	152.930	24.581	2502.642	18.564	-11.128	2524.996	-147.988	-183.187	2596.860	11.306	-59.973	2485.222	75.864	-10.037	2439.977	0.000	0.000	0.000	235.840	-389.674	2712.238	235.840	-763.281	2712.238	235.840	-1114.715	2712.238	0.000	0.000	0.000	64.240	-405.146	2712.280	64.240	-778.753	2712.280	64.240	-1130.188	2712.280	0.000	0.000	0.000	
01932	1	0.000	0.000	0.000	159.505	157.589	2387.075	155.737	72.847	2450.391	153.349	-146.895	2641.132	151.509	-320.216	2662.084	155.119	15.979	2499.753	303.476	-1.792	2516.166	322.618	-229.530	2617.524	267.245	-40.820	2499.183	244.732	35.903	2451.070	0.000	0.000	0.000	155.119	15.979	2499.753	19.705	-13.924	2525.824	44.211	-262.505	2515.267	90.055	-45.744	2455.309	108.693	42.384	2430.932	0.000	0.000	0.000	249.755	-387.682	2710.007	249.755	-761.278	2710.007	249.755	-1112.701	2710.007	0.000	0.000	0.000	78.820	-416.458	2732.219	78.820	-790.054	2732.219	78.820	-1141.476	2732.219	0.000	0.000	0.000	
01933	1	0.000	0.000	0.000	161.166	148.902	2369.924	156.835	68.308	2443.039	161.460	-154.291	2632.125	161.445	-330.074	2655.838	158.027	10.924	2491.783	304.510	-9.331	2499.519	320.388	-222.174	2629.979	291.810	-41.823	2487.297	280.302	30.798	2429.844	0.000	0.000	0.000	158.027	10.924	2491.783	17.053	-21.932	2500.863	-171.658	-110.478	2639.144	8.490	-74.649	2497.850	81.030	-60.222	2440.955	0.000	0.000	0.000	249.741	-424.631	2694.283	249.741	-798.206	2694.283	249.741	-1149.610	2694.283	0.000	0.000	0.000	103.937	-450.185	2706.061	103.937	-823.760	2706.061	103.937	-1175.164	2706.061	0.000	0.000	0.000	
01934	1	0.000	0.000	0.000	162.244	146.059	2360.110	157.523	65.324	2434.453	163.152	-161.109	2621.350	162.918	-337.429	2648.258	158.966	7.262	2482.377	304.911	-9.694	2491.782	318.031	-218.922	2630.568	320.154	-45.296	2475.594	321.005	24.313	2413.463	0.000	0.000	0.000	158.966	7.262	2482.377	14.995	-29.554	2470.809	14.995	-280.970	2470.809	14.995	-513.709	2470.809	14.995	-607.017	2470.809	0.000	0.000	0.000	265.070	-392.226	2691.614	265.070	-765.786	2691.614	265.070	-1117.177	2691.614	0.000	0.000	0.000	64.241	-410.559	2687.765	64.241	-784.119	2687.765	64.241	-1135.509	2687.765	0.000	0.000	0.000	
01935	1	0.000	0.000	0.000	163.405	141.043	2350.818	158.240	61.158	2427.514	161.320	-172.321	2608.250	158.707	-349.945	2631.416	159.025	1.620	2473.602	299.850	-7.087	2502.491	331.252	-246.803	2570.394	347.538	-39.030	2468.868	354.093	44.593	2428.006	0.000	0.000	0.000	159.025	1.620	2473.602	15.976	-31.774	2465.683	15.976	-282.892	2465.683	15.976	-514.716	2465.683	15.976	-608.019	2465.683	0.000	0.000	0.000	236.252	-462.325	2618.852	236.252	-835.868	2618.852	236.252	-1187.242	2618.852	0.000	0.000	0.000	231.975	-437.810	2572.177	231.975	-811.354	2572.177	231.975	-1162.727	2572.177	0.000	0.000	0.000	
01936	1	0.000	0.000	0.000	164.422	138.171	2339.798	158.575	57.339	2416.396	155.381	-181.068	2592.737	148.472	-359.816	2610.605	157.764	-3.190	2461.167	302.286	-10.540	2485.862	355.627	-254.681	2507.963	348.543	-27.367	2466.983	345.682	64.408	2450.438	0.000	0.000	0.000	157.764	-3.190	2461.167	18.985	-41.609	2444.859	18.985	-292.485	2444.859	18.985	-523.571	2444.859	18.985	-616.870	2444.859	0.000	0.000	0.000	227.456	-470.332	2592.521	227.456	-843.854	2592.521	227.456	-1195.209	2592.521	0.000	0.000	0.000	120.193	-495.831	2571.157	120.193	-869.353	2571.157	120.193	-1220.708	2571.157	0.000	0.000	0.000	
01937	1	0.000	0.000	0.000	162.867	133.944	2320.206	158.796	48.444	2392.541	141.470	-191.459	2567.350	130.338	-365.742	2579.625	154.409	-12.294	2436.799	296.031	-32.843	2460.185	415.519	-252.768	2449.650	321.108	-44.403	2425.648	282.819	40.103	2415.914	0.000	0.000	0.000	154.409	-12.294	2436.799	18.480	-41.945	2438.996	18.480	-292.455	2438.996	18.480	-522.467	2438.996	18.480	-615.752	2438.996	0.000	0.000	0.000	205.390	-486.120	2560.081	205.390	-859.590	2560.081	205.390	-1210.894	2560.081	0.000	0.000	0.000	215.297	-443.347	2523.597	215.297	-816.816	2523.597	215.297	-1168.120	2523.597	0.000	0.000	0.000	
01938	1	0.000	0.000	0.000	161.933	125.732	2301.805	158.829	42.844	2376.695	143.517	-195.698	2553.462	131.689	-368.474	2568.125	154.952	-17.554	2421.452	297.560	-42.129	2435.947	406.324	-261.551	2488.006	300.922	-71.570	2413.686	258.105	5.604	2383.495	0.000	0.000	0.000	154.952	-17.554	2421.452	24.104	-45.698	2439.836	24.104	-296.070	2439.836	24.104	-525.691	2439.836	24.104	-618.968	2439.836	0.000	0.000	0.000	207.894	-495.884	2562.811	207.894	-869.321	2562.811	207.894	-1220.595	2562.811	0.000	0.000	0.000	210.022	-453.904	2505.986	210.022	-827.341	2505.986	210.022	-1178.615	2505.986	0.000	0.000	0.000	
01939	1	0.000	0.000	0.000	160.768	116.958	2280.669	158.846	36.026	2356.661	141.117	-197.109	2540.100	126.396	-367.945	2561.555	154.356	-23.020	2403.121	288.297	-60.004	2420.120	376.447	-258.416	2544.577	283.852	-96.273	2411.477	246.189	-30.321	2357.339	0.000	0.000	0.000	154.356	-23.020	2403.121	17.767	-49.131	2410.063	17.767	-299.385	2410.063	17.767	-528.688	2410.063	17.767	-621.956	2410.063	0.000	0.000	0.000	155.402	-523.674	2606.841	155.402	-897.075	2606.841	155.402	-1248.316	2606.841	0.000	0.000	0.000	106.719	-535.108	2569.706	106.719	-908.509	2569.706	106.719	-1259.749	2569.706	0.000	0.000	0.000	
01940	1	0.000	0.000	0.000	157.951	108.920	2247.144	151.640	26.747	2318.871	133.394	-195.469	2510.398	115.537	-362.960	2542.323	146.969	-30.143	2367.905	271.682	-71.430	2395.412	392.526	-261.701	2503.698	282.838	-100.717	2383.639	238.139	-35.115	2334.714	0.000	0.000	0.000	146.969	-30.143	2367.905	31.103	-56.598	2410.696	31.103	-306.663	2410.696	31.103	-535.489	2410.696	31.103	-628.737	2410.696	0.000	0.000	0.000	172.011	-515.967	2573.309	172.011	-889.287	2573.309	172.011	-1240.451	2573.309	0.000	0.000	0.000	82.038	-530.731	2582.473	82.038	-904.051	2582.473	82.038	-1255.215	2582.473	0.000	0.000	0.000	
01941	1	0.000	0.000	0.000	155.076	107.014	2231.398	147.629	21.208	2298.765	136.462	-197.346	2492.021	122.647	-364.115	2525.049	144.751	-35.117	2348.570	269.042	-81.147	2369.594	409.818	-277.223	2434.631	282.062	-99.500	2368.505	229.967	-27.029	2341.540	0.000	0.000	0.000	144.751	-35.117	2348.570	36.857	-71.404	2395.654	36.857	-321.391	2395.654	36.857	-550.038	2395.654	36.857	-643.275	2395.654	0.000	0.000	0.000	174.118	-520.199	2568.022	174.118	-893.475	2568.022	174.118	-1244.597	2568.022	0.000	0.000	0.000	86.260	-529.411	2575.726	86.260	-902.687	2575.726	86.260	-1253.809	2575.726	0.000	0.000	0.000	
01942	1	0.000	0.000	0.000	152.755	112.567	2207.073	147.891	10.585	2246.553	149.580	-195.886	2450.282	146.074	-360.251	2488.039	148.329	-42.959	2299.385	271.175	-81.440	2332.328	365.403	-299.912	2408.604	281.749	-104.950	2324.076	265.018	-65.958	2307.170	0.000	0.000	0.000	148.329	-42.959	2299.385	31.417	-90.261	2331.926	31.417	-340.115	2331.926	31.417	-568.485	2331.926	31.417	-661.698	2331.926	0.000	0.000	0.000	214.018	-522.172	2475.924	214.018	-895.352	2475.924	214.018	-1246.384	2475.924	0.000	0.000	0.000	200.275	-506.146	2435.026	200.275	-879.327	2435.026	200.275	-1230.359	2435.026	0.000	0.000	0.000	
01943	3	0.000	0.000	0.000	152.614	112.937	2198.594	147.921	5.783	2220.656	150.882	-201.120	2422.918	146.936	-365.685	2458.653	148.691	-47.997	2273.229	266.422	-74.188	2326.591	350.499	-308.616	2345.892	269.111	-104.149	2285.290	252.834	-63.255	2273.169	0.000	0.000	0.000	148.691	-47.997	2273.229	20.223	-89.183	2300.248	20.223	-338.979	2300.248	20.223	-567.241	2300.248	20.223	-660.441	2300.248	0.000	0.000	0.000	197.491	-541.296	2446.959	197.491	-914.426	2446.959	197.491	-1265.411	2446.959	0.000	0.000	0.000	162.635	-552.119	2509.464	162.635	-925.249	2509.464	162.635	-1276.234	2509.464	0.000	0.000	0.000	
01944	3	0.000	0.000	0.000	152.606	110.724	2188.807	147.936	1.985	2201.077	152.500	-210.595	2400.338	146.580	-377.460	2422.490	149.114	-52.875	2252.500	274.966	-65.390	2307.553	362.117	-299.198	2297.107	262.565	-95.440	2271.951	242.654	-54.689	2266.920	0.000	0.000	0.000	149.114	-52.875	2252.500	24.608	-100.468	2280.491	24.608	-350.209	2280.491	24.608	-578.378	2280.491	24.608	-671.565	2280.491	0.000	0.000	0.000	205.847	-530.251	2399.782	205.847	-903.329	2399.782	205.847	-1254.266	2399.782	0.000	0.000	0.000	169.046	-551.025	2426.032	169.046	-924.103	2426.032	169.046	-1275.039	2426.032	0.000	0.000	0.000	
01945	3	0.000	0.000	0.000	151.735	107.978	2150.103	146.926	-1.169	2158.263	163.575	-223.906	2349.934	157.676	-397.104	2349.033	151.179	-58.064	2207.222	281.944	-63.798	2260.630	360.026	-272.367	2373.428	270.981	-95.613	2260.205	253.171	-60.263	2237.561	0.000	0.000	0.000	151.179	-58.064	2207.222	16.955	-95.241	2241.266	16.955	-344.883	2241.266	16.955	-572.897	2241.266	16.955	-666.058	2241.266	0.000	0.000	0.000	217.903	-516.914	2334.791	217.903	-889.886	2334.791	217.903	-1240.722	2334.791	0.000	0.000	0.000	170.024	-534.109	2365.062	170.024	-907.081	2365.062	170.024	-1257.917	2365.062	0.000	0.000	0.000	
01946	3	0.000	0.000	0.000	151.321	105.894	2133.177	146.333	-2.615	2147.490	158.578	-212.213	2350.047	153.363	-384.166	2382.262	149.488	-56.621	2199.681	281.403	-63.791	2252.291	358.082	-271.461	2367.579	263.172	-94.773	2259.256	244.190	-59.435	2237.591	0.000	0.000	0.000	149.488	-56.621	2199.681	13.536	-83.317	2241.413	13.536	-332.912	2241.413	13.536	-560.861	2241.413	13.536	-654.008	2241.413	0.000	0.000	0.000	201.147	-492.578	2468.341	201.147	-865.495	2468.341	201.147	-1216.280	2468.341	0.000	0.000	0.000	112.824	-490.537	2475.319	112.824	-863.454	2475.319	112.824	-1214.239	2475.319	0.000	0.000	0.000	
01947	3	0.000	0.000	0.000	150.238	100.592	2109.359	145.304	-3.485	2143.229	145.711	-195.340	2366.777	140.933	-356.161	2441.713	145.407	-52.426	2200.254	280.328	-63.083	2250.752	355.798	-283.113	2341.002	262.037	-98.134	2246.657	224.053	-23.195	2208.436	0.000	0.000	0.000	145.407	-52.426	2200.254	10.154	-73.754	2243.934	10.154	-323.261	2243.934	10.154	-551.096	2243.934	10.154	-644.216	2243.934	0.000	0.000	0.000	199.645	-525.420	2512.869	199.645	-898.227	2512.869	199.645	-1248.908	2512.869	0.000	0.000	0.000	88.503	-514.920	2543.474	88.503	-887.727	2543.474	88.503	-1238.408	2543.474	0.000	0.000	0.000	
01948	3	0.000	0.000	0.000	150.004	97.340	2097.925	145.200	-2.448	2142.889	143.147	-196.345	2366.672	139.399	-359.089	2439.547	144.679	-51.649	2199.673	285.317	-64.534	2243.511	378.512	-258.581	2369.579	272.100	-101.760	2243.207	228.910	-38.112	2191.917	0.000	0.000	0.000	144.679	-51.649	2199.673	11.648	-77.820	2243.364	11.648	-327.285	2243.364	11.648	-555.070	2243.364	11.648	-648.176	2243.364	0.000	0.000	0.000	193.936	-529.437	2459.587	193.936	-902.188	2459.587	193.936	-1252.817	2459.587	0.000	0.000	0.000	125.557	-544.129	2460.300	125.557	-916.880	2460.300	125.557	-1267.509	2460.300	0.000	0.000	0.000	
01949	3	0.000	0.000	0.000	149.798	100.191	2088.790	145.156	1.961	2137.061	143.054	-196.580	2357.418	139.514	-362.592	2424.384	144.624	-48.324	2192.872	284.385	-62.232	2239.834	411.690	-224.407	2380.207	283.364	-100.108	2238.975	231.204	-49.584	2181.568	0.000	0.000	0.000	144.624	-48.324	2192.872	12.932	-72.746	2241.959	12.932	-322.169	2241.959	12.932	-549.906	2241.959	12.932	-642.998	2241.959	0.000	0.000	0.000	189.280	-528.440	2456.748	189.280	-901.135	2456.748	189.280	-1251.711	2456.748	0.000	0.000	0.000	93.653	-523.505	2491.398	93.653	-896.199	2491.398	93.653	-1246.775	2491.398	0.000	0.000	0.000	
01950	3	0.000	0.000	0.000	149.624	128.506	2072.193	144.537	29.049	2111.868	142.034	-167.150	2326.073	138.881	-341.171	2372.058	143.890	-21.675	2167.247	276.667	-33.931	2229.425	386.529	-244.523	2305.267	268.555	-77.238	2205.657	220.501	-9.098	2165.083	0.000	0.000	0.000	143.890	-21.675	2167.247	10.903	-51.944	2215.919	-71.644	-283.917	2255.234	-71.644	-511.567	2255.234	-71.644	-604.630	2255.234	0.000	0.000	0.000	196.360	-483.672	2400.850	196.360	-856.254	2400.850	196.360	-1206.724	2400.850	0.000	0.000	0.000	115.013	-491.183	2425.515	115.013	-863.764	2425.515	115.013	-1214.234	2425.515	0.000	0.000	0.000	
01951	3	0.000	0.000	0.000	149.676	149.487	2066.762	143.890	48.416	2096.967	141.923	-147.267	2309.971	139.141	-321.294	2357.266	143.379	-2.384	2152.264	278.029	-17.643	2213.054	391.884	-199.338	2340.234	276.532	-66.392	2195.927	229.510	-12.198	2137.102	0.000	0.000	0.000	143.379	-2.384	2152.264	10.621	-41.168	2197.204	-107.828	-247.903	2270.564	-107.828	-475.511	2270.564	-107.828	-568.561	2270.564	0.000	0.000	0.000	213.154	-449.947	2405.943	213.154	-822.472	2405.943	213.154	-1172.889	2405.943	0.000	0.000	0.000	95.976	-423.320	2462.865	95.976	-795.845	2462.865	95.976	-1146.261	2462.865	0.000	0.000	0.000	
01952	3	0.000	0.000	0.000	149.649	175.829	2050.978	143.470	75.943	2079.479	141.881	-124.415	2288.054	138.051	-299.767	2332.068	143.057	23.941	2133.614	279.678	10.200	2195.856	385.684	-180.299	2316.620	285.138	-23.248	2186.254	244.108	40.840	2133.055	0.000	0.000	0.000	143.057	23.941	2133.614	4.123	-6.407	2180.570	-103.642	-208.699	2278.426	-103.642	-436.228	2278.426	-103.642	-529.248	2278.426	0.000	0.000	0.000	166.289	-444.699	2411.781	166.289	-817.110	2411.781	166.289	-1167.418	2411.781	0.000	0.000	0.000	86.040	-432.580	2413.624	86.040	-804.990	2413.624	86.040	-1155.298	2413.624	0.000	0.000	0.000	
01953	3	0.000	0.000	0.000	149.584	186.748	2046.525	143.413	87.651	2078.228	141.860	-107.549	2289.999	136.796	-282.070	2337.694	143.008	36.782	2133.415	279.648	21.985	2195.715	397.217	-156.920	2323.237	286.429	-10.176	2189.282	241.202	49.730	2134.597	0.000	0.000	0.000	143.008	36.782	2133.415	4.596	3.882	2180.150	-105.232	-198.789	2274.771	-105.232	-426.279	2274.771	-105.232	-519.286	2274.771	0.000	0.000	0.000	213.277	-399.385	2410.941	213.277	-771.738	2410.941	213.277	-1121.992	2410.941	0.000	0.000	0.000	64.965	-383.893	2431.540	64.965	-756.246	2431.540	64.965	-1106.499	2431.540	0.000	0.000	0.000	
01954	3	0.000	0.000	0.000	149.301	199.947	2045.536	143.363	101.497	2084.152	141.791	-81.245	2309.580	134.091	-252.414	2368.266	142.957	54.241	2142.447	280.420	53.786	2208.684	390.108	-148.045	2305.141	281.688	9.718	2182.300	237.413	74.142	2132.137	0.000	0.000	0.000	142.957	54.241	2142.447	-1.952	32.574	2187.603	-104.586	-174.389	2280.898	-104.586	-401.840	2280.898	-104.586	-494.832	2280.898	0.000	0.000	0.000	208.558	-350.888	2450.878	208.558	-723.182	2450.878	208.558	-1073.380	2450.878	0.000	0.000	0.000	54.018	-318.588	2464.769	54.018	-690.881	2464.769	54.018	-1041.080	2464.769	0.000	0.000	0.000	
01955	3	0.000	0.000	0.000	148.667	226.694	2052.653	143.328	129.879	2101.313	141.561	-41.271	2339.510	131.538	-215.304	2389.218	142.876	86.105	2162.235	293.905	75.186	2204.985	390.816	-141.788	2285.196	278.254	19.547	2171.181	232.268	85.459	2124.601	0.000	0.000	0.000	142.876	86.105	2162.235	-7.579	47.827	2184.421	-99.556	-135.174	2329.177	-99.556	-362.547	2329.177	-99.556	-455.509	2329.177	0.000	0.000	0.000	225.496	-254.221	2442.373	225.496	-626.394	2442.373	225.496	-976.478	2442.373	0.000	0.000	0.000	38.987	-251.378	2448.588	38.987	-623.550	2448.588	38.987	-973.634	2448.588	0.000	0.000	0.000	
01956	3	0.000	0.000	0.000	148.261	243.945	2058.116	143.319	148.200	2109.250	141.438	-23.854	2348.142	130.107	-199.932	2389.904	142.840	104.365	2170.113	300.126	101.685	2206.778	389.645	-120.490	2279.794	266.175	31.712	2164.597	215.725	93.902	2117.527	0.000	0.000	0.000	142.840	104.365	2170.113	-17.335	79.357	2184.847	-96.574	-111.414	2326.391	-96.574	-338.748	2326.391	-96.574	-431.694	2326.391	0.000	0.000	0.000	240.010	-203.309	2399.174	240.010	-575.419	2399.174	240.010	-925.445	2399.174	0.000	0.000	0.000	34.240	-205.823	2440.864	34.240	-577.934	2440.864	34.240	-927.960	2440.864	0.000	0.000	0.000	
01957	3	0.000	0.000	0.000	147.964	260.501	2063.032	143.317	165.657	2116.118	141.355	-16.030	2348.863	129.044	-193.367	2384.741	142.818	119.511	2175.232	304.440	113.960	2201.688	388.856	-104.575	2281.318	264.864	47.624	2166.259	214.250	109.752	2119.292	0.000	0.000	0.000	142.818	119.511	2175.232	-20.609	99.287	2184.520	-107.838	-108.898	2285.884	-107.838	-336.443	2285.884	-107.838	-429.373	2285.884	0.000	0.000	0.000	232.263	-189.939	2415.867	232.263	-561.986	2415.867	232.263	-911.953	2415.867	0.000	0.000	0.000	29.573	-188.350	2420.114	29.573	-560.397	2420.114	29.573	-910.364	2420.114	0.000	0.000	0.000	
01958	3	0.000	0.000	0.000	147.200	297.545	2069.757	143.314	203.067	2123.914	139.922	10.513	2349.331	129.853	-166.897	2385.666	142.456	154.378	2180.913	309.702	168.540	2200.608	386.483	-51.559	2279.221	261.577	79.018	2141.210	210.560	132.352	2084.841	0.000	0.000	0.000	142.456	154.378	2180.913	-27.844	152.473	2177.808	-105.725	-64.945	2262.559	-105.725	-292.319	2262.559	-105.725	-385.216	2262.559	0.000	0.000	0.000	213.556	-198.798	2427.693	213.556	-570.715	2427.693	213.556	-920.559	2427.693	0.000	0.000	0.000	40.499	-185.153	2426.315	40.499	-557.070	2426.315	40.499	-906.914	2426.315	0.000	0.000	0.000	
01959	3	0.000	0.000	0.000	146.663	317.139	2072.140	143.313	223.499	2127.880	137.780	27.056	2345.710	129.323	-146.662	2382.656	141.899	173.310	2183.533	308.140	179.637	2198.671	386.633	-41.789	2275.458	258.142	81.501	2134.196	205.651	131.868	2076.487	0.000	0.000	0.000	141.899	173.310	2183.533	-28.188	168.148	2168.213	-100.469	-46.477	2267.201	-100.469	-273.777	2267.201	-100.469	-366.658	2267.201	0.000	0.000	0.000	236.077	-152.751	2398.075	236.077	-524.600	2398.075	236.077	-874.381	2398.075	0.000	0.000	0.000	28.816	-144.652	2420.217	28.816	-516.501	2420.217	28.816	-866.282	2420.217	0.000	0.000	0.000	
01960	3	0.000	0.000	0.000	144.000	358.211	2072.024	143.313	267.673	2132.888	137.265	65.127	2343.196	128.451	-109.561	2377.078	141.761	215.709	2186.844	305.953	215.125	2194.455	385.864	-17.518	2238.344	218.281	74.552	2115.688	149.799	112.176	2065.564	0.000	0.000	0.000	141.761	215.709	2186.844	-25.564	209.470	2166.001	-106.758	-13.084	2245.451	-126.857	-238.381	2266.497	-135.071	-330.462	2275.099	0.000	0.000	0.000	227.669	-155.959	2403.771	227.669	-527.670	2403.771	227.669	-877.321	2403.771	0.000	0.000	0.000	34.085	-164.466	2416.784	34.085	-536.177	2416.784	34.085	-885.828	2416.784	0.000	0.000	0.000	
01961	3	0.000	0.000	0.000	136.937	389.864	2074.807	143.312	299.430	2135.547	136.591	88.094	2347.666	127.508	-88.418	2390.637	141.631	246.581	2188.592	308.588	250.764	2184.799	369.163	7.022	2230.255	205.620	108.585	2104.604	139.601	149.583	2053.883	0.000	0.000	0.000	141.631	246.581	2188.592	-23.495	238.995	2160.709	-106.414	11.855	2242.426	-122.094	-215.914	2269.358	-128.424	-307.867	2280.231	0.000	0.000	0.000	211.414	-179.345	2451.829	211.414	-550.912	2451.829	211.414	-900.427	2451.829	0.000	0.000	0.000	32.993	-178.623	2440.425	32.993	-550.190	2440.425	32.993	-899.705	2440.425	0.000	0.000	0.000	
01962	3	0.000	0.000	0.000	136.937	389.864	2074.807	143.312	299.430	2135.547	136.591	88.094	2347.666	127.508	-88.418	2390.637	141.631	246.581	2188.592	308.588	250.764	2184.799	369.163	7.022	2230.255	205.620	108.585	2104.604	139.601	149.583	2053.883	0.000	0.000	0.000	141.631	246.581	2188.592	-23.495	238.995	2160.709	-106.414	11.855	2242.426	-122.094	-215.914	2269.358	-128.424	-307.867	2280.231	0.000	0.000	0.000	211.414	-179.345	2451.829	211.414	-550.912	2451.829	211.414	-900.427	2451.829	0.000	0.000	0.000	32.993	-178.623	2440.425	32.993	-550.190	2440.425	32.993	-899.705	2440.425	0.000	0.000	0.000	
01963	3	0.000	0.000	0.000	132.083	419.665	2073.780	143.312	331.453	2137.035	136.477	107.219	2334.760	128.499	-69.418	2385.383	141.601	275.313	2186.537	307.077	276.702	2179.928	361.114	27.846	2227.542	371.708	-198.387	2179.109	375.952	-289.004	2159.710	0.000	0.000	0.000	141.601	275.313	2186.537	-14.782	252.909	2159.253	-101.786	28.317	2254.676	-118.504	-202.410	2265.852	-125.202	-294.832	2270.328	0.000	0.000	0.000	221.366	-181.878	2433.077	221.366	-553.297	2433.077	221.366	-902.671	2433.077	0.000	0.000	0.000	26.086	-175.373	2430.316	26.086	-546.792	2430.316	26.086	-896.167	2430.316	0.000	0.000	0.000	
01964	3	0.000	0.000	0.000	129.600	451.546	2075.921	143.296	362.476	2137.437	135.910	124.634	2324.558	128.188	-55.946	2368.505	141.470	303.678	2183.696	299.903	292.980	2181.884	360.166	40.981	2226.782	369.675	-183.524	2178.583	371.576	-228.425	2168.944	0.000	0.000	0.000	141.470	303.678	2183.696	-10.233	277.001	2158.747	-95.484	43.999	2245.887	-106.930	-185.394	2253.883	-109.219	-231.272	2255.482	0.000	0.000	0.000	229.873	-149.908	2399.822	229.873	-521.173	2399.822	229.873	-870.403	2399.822	0.000	0.000	0.000	21.503	-145.992	2405.064	21.503	-517.257	2405.064	21.503	-866.488	2405.064	0.000	0.000	0.000	
01965	3	0.000	0.000	0.000	128.683	463.727	2078.698	143.269	373.088	2137.641	135.394	128.460	2319.235	127.628	-54.585	2355.329	141.336	313.031	2182.223	294.253	294.601	2182.538	363.529	47.927	2226.791	368.223	-176.557	2180.930	369.162	-221.454	2171.758	0.000	0.000	0.000	141.336	313.031	2182.223	-6.775	285.399	2165.380	-89.819	52.782	2246.613	-97.475	-176.138	2254.040	-99.007	-221.922	2255.525	0.000	0.000	0.000	228.591	-138.268	2381.431	228.591	-509.455	2381.431	228.591	-858.613	2381.431	0.000	0.000	0.000	27.930	-143.755	2390.996	27.930	-514.942	2390.996	27.930	-864.099	2390.996	0.000	0.000	0.000	
01966	3	0.000	0.000	0.000	127.549	473.927	2083.152	143.244	380.860	2137.847	134.629	129.008	2311.570	127.236	-54.827	2341.228	141.139	319.308	2180.304	290.289	295.155	2181.144	365.677	53.101	2226.993	368.511	-171.561	2184.621	369.078	-216.493	2176.147	0.000	0.000	0.000	141.139	319.308	2180.304	-5.237	294.330	2174.013	-87.060	62.453	2250.916	-96.683	-165.948	2254.976	-98.607	-211.628	2255.788	0.000	0.000	0.000	218.480	-143.619	2383.260	218.480	-514.727	2383.260	218.480	-863.811	2383.260	0.000	0.000	0.000	32.920	-142.830	2383.421	32.920	-513.939	2383.421	32.920	-863.022	2383.421	0.000	0.000	0.000	
01967	3	0.000	0.000	0.000	125.615	482.547	2090.031	143.191	386.545	2138.676	133.355	126.065	2305.963	127.013	-56.980	2333.117	140.816	323.661	2179.062	288.818	297.469	2180.102	360.098	57.500	2224.187	368.982	-169.556	2204.640	370.759	-214.967	2200.731	0.000	0.000	0.000	140.816	323.661	2179.062	-2.155	298.037	2182.250	-84.983	67.633	2250.539	-95.958	-160.032	2258.495	-98.153	-205.566	2260.087	0.000	0.000	0.000	219.232	-143.788	2381.302	219.232	-514.739	2381.302	219.232	-863.673	2381.302	0.000	0.000	0.000	29.216	-145.986	2369.548	29.216	-516.936	2369.548	29.216	-865.870	2369.548	0.000	0.000	0.000	
01968	3	0.000	0.000	0.000	125.224	483.995	2092.087	143.165	387.331	2139.231	133.404	128.261	2304.294	127.626	-54.201	2334.197	140.791	324.312	2179.383	289.223	298.125	2179.845	366.599	61.811	2226.253	369.802	-166.564	2229.410	370.442	-212.239	2230.041	0.000	0.000	0.000	140.791	324.312	2179.383	-2.024	297.895	2182.377	-83.158	69.886	2255.960	-95.005	-158.121	2262.873	-97.374	-203.722	2264.256	0.000	0.000	0.000	223.353	-145.905	2379.897	223.353	-516.791	2379.897	223.353	-865.666	2379.897	0.000	0.000	0.000	31.137	-147.136	2382.265	31.137	-518.022	2382.265	31.137	-866.897	2382.265	0.000	0.000	0.000	
01969	3	0.000	0.000	0.000	125.057	484.455	2093.344	143.154	387.558	2139.952	133.540	129.971	2303.861	128.452	-52.305	2337.535	140.801	324.517	2180.066	290.001	298.601	2179.683	367.744	63.110	2224.430	371.697	-165.456	2232.222	372.487	-211.170	2233.780	0.000	0.000	0.000	140.801	324.517	2180.066	-2.430	297.964	2182.783	-79.110	72.113	2264.108	-93.791	-156.139	2266.157	-96.728	-201.790	2266.567	0.000	0.000	0.000	227.409	-147.192	2382.237	227.409	-518.071	2382.237	227.409	-866.940	2382.237	0.000	0.000	0.000	29.142	-150.701	2383.061	29.142	-521.581	2383.061	29.142	-870.449	2383.061	0.000	0.000	0.000	
01970	2	0.000	0.000	0.000	125.594	483.744	2092.194	143.146	387.868	2141.439	134.295	131.812	2303.604	132.240	-52.051	2341.338	140.961	324.643	2181.481	292.839	300.404	2179.044	372.615	66.692	2223.921	385.540	-160.470	2253.297	388.125	-205.903	2259.173	0.000	0.000	0.000	140.961	324.643	2181.481	-3.753	297.059	2182.013	-69.747	72.532	2272.741	-91.001	-155.748	2264.432	-95.252	-201.404	2262.770	0.000	0.000	0.000	239.127	-149.105	2382.266	239.127	-520.537	2382.266	239.127	-869.925	2382.266	0.000	0.000	0.000	28.710	-159.337	2382.658	28.710	-530.769	2382.658	28.710	-880.157	2382.658	0.000	0.000	0.000	
01971	2	0.000	0.000	0.000	128.087	483.144	2091.190	143.147	387.889	2142.905	135.599	132.401	2305.393	137.415	-52.665	2342.544	141.277	324.603	2183.155	294.872	301.282	2178.789	373.307	66.977	2223.072	397.273	-154.795	2277.489	402.066	-199.149	2288.373	0.000	0.000	0.000	141.277	324.603	2183.155	-4.432	295.897	2182.487	-64.812	69.924	2273.603	-89.749	-158.256	2268.094	-94.736	-203.892	2266.992	0.000	0.000	0.000	246.810	-151.211	2382.919	246.810	-523.407	2382.919	246.810	-873.515	2382.919	0.000	0.000	0.000	33.281	-161.095	2382.965	33.281	-533.292	2382.965	33.281	-883.399	2382.965	0.000	0.000	0.000	
01972	2	0.000	0.000	0.000	140.244	482.514	2090.594	146.236	387.900	2146.900	153.775	131.546	2309.688	152.624	-54.535	2343.819	148.112	324.105	2187.410	299.953	305.482	2183.999	385.700	62.897	2222.394	413.283	-155.162	2296.641	418.800	-198.774	2311.490	0.000	0.000	0.000	148.112	324.105	2187.410	3.774	288.047	2186.043	-53.518	52.617	2280.725	-90.249	-173.608	2316.729	-97.596	-218.853	2323.930	0.000	0.000	0.000	260.801	-152.066	2383.199	260.801	-527.088	2383.199	260.801	-879.853	2383.199	0.000	0.000	0.000	46.741	-158.646	2384.702	46.741	-533.668	2384.702	46.741	-886.433	2384.702	0.000	0.000	0.000	
01973	2	0.000	0.000	0.000	150.610	484.435	2089.157	151.513	387.901	2147.808	162.631	129.791	2309.807	160.296	-55.860	2342.721	154.284	323.563	2188.189	304.956	305.043	2184.750	397.171	62.110	2224.349	417.924	-156.176	2306.993	422.075	-199.833	2323.521	0.000	0.000	0.000	154.284	323.563	2188.189	10.998	285.269	2186.500	-45.141	47.055	2282.368	-89.036	-176.519	2337.117	-97.815	-221.233	2348.067	0.000	0.000	0.000	266.532	-150.636	2384.246	266.532	-527.729	2384.246	266.532	-882.441	2384.246	0.000	0.000	0.000	53.366	-151.826	2385.081	53.366	-528.918	2385.081	53.366	-883.631	2385.081	0.000	0.000	0.000	
01974	2	0.000	0.000	0.000	165.225	486.018	2086.784	164.630	387.902	2149.423	172.623	118.074	2313.667	172.765	-67.438	2341.745	166.580	322.071	2189.495	317.754	306.050	2189.060	411.372	63.617	2257.645	441.271	-154.048	2344.302	447.250	-197.581	2361.634	0.000	0.000	0.000	166.580	322.071	2189.495	24.447	284.597	2186.765	-45.417	45.245	2287.123	-75.218	-179.794	2352.318	-81.178	-224.802	2365.357	0.000	0.000	0.000	269.642	-169.261	2387.266	269.642	-551.719	2387.266	269.642	-911.478	2387.266	0.000	0.000	0.000	77.356	-176.755	2378.525	77.356	-559.212	2378.525	77.356	-918.971	2378.525	0.000	0.000	0.000	
01975	2	0.000	0.000	0.000	171.016	486.694	2086.284	171.534	387.897	2150.264	175.702	112.212	2313.779	175.239	-74.231	2341.928	172.545	321.024	2189.928	323.526	306.706	2196.355	426.252	65.268	2271.280	451.343	-140.531	2387.526	456.361	-181.690	2410.775	0.000	0.000	0.000	172.545	321.024	2189.928	29.139	286.462	2185.657	-40.886	46.757	2295.641	-70.336	-181.865	2353.612	-76.226	-227.589	2365.206	0.000	0.000	0.000	265.758	-184.778	2395.919	265.758	-570.532	2395.919	265.758	-933.392	2395.919	0.000	0.000	0.000	76.899	-181.821	2382.135	76.899	-567.576	2382.135	76.899	-930.436	2382.135	0.000	0.000	0.000	
01976	2	0.000	0.000	0.000	178.382	487.193	2085.875	179.202	387.890	2151.087	179.096	106.422	2312.910	176.551	-81.445	2342.144	179.176	319.840	2190.211	331.322	306.299	2197.614	425.201	54.929	2254.589	452.704	-142.912	2386.771	458.205	-182.480	2413.207	0.000	0.000	0.000	179.176	319.840	2190.211	35.581	286.933	2184.898	-36.352	45.744	2293.983	-63.004	-184.985	2352.494	-68.335	-231.130	2364.197	0.000	0.000	0.000	268.537	-190.331	2397.861	268.537	-579.745	2397.861	268.537	-946.047	2397.861	0.000	0.000	0.000	78.487	-185.750	2393.627	78.487	-575.164	2393.627	78.487	-941.466	2393.627	0.000	0.000	0.000	
01977	2	0.000	0.000	0.000	188.992	486.399	2086.383	199.139	385.241	2151.620	193.888	90.907	2306.996	187.884	-98.578	2342.327	197.875	314.374	2189.030	350.676	302.051	2200.844	430.537	43.504	2263.857	470.729	-169.905	2376.084	478.767	-212.587	2398.530	0.000	0.000	0.000	197.875	314.374	2189.030	53.197	285.417	2183.917	-6.447	44.664	2309.121	-61.070	-190.698	2346.202	-71.995	-237.770	2353.618	0.000	0.000	0.000	284.699	-204.130	2400.374	284.699	-601.733	2400.374	284.699	-975.739	2400.374	0.000	0.000	0.000	89.802	-202.463	2405.744	89.802	-600.066	2405.744	89.802	-974.073	2405.744	0.000	0.000	0.000	
01978	2	0.000	0.000	0.000	194.879	484.316	2087.729	210.176	381.256	2151.781	201.154	82.205	2306.974	194.841	-106.795	2343.926	208.007	309.352	2189.096	362.200	297.681	2202.202	432.462	34.331	2278.145	468.126	-190.155	2374.405	475.259	-235.053	2393.657	0.000	0.000	0.000	208.007	309.352	2189.096	62.435	282.237	2183.500	-0.555	33.922	2303.623	-58.417	-203.137	2340.862	-69.989	-250.549	2348.310	0.000	0.000	0.000	295.304	-204.608	2398.596	295.304	-606.643	2398.596	295.304	-984.817	2398.596	0.000	0.000	0.000	94.406	-199.637	2409.462	94.406	-601.672	2409.462	94.406	-979.846	2409.462	0.000	0.000	0.000	
01979	2	0.000	0.000	0.000	204.627	478.078	2089.022	220.803	370.526	2152.181	211.730	66.376	2310.139	205.126	-120.884	2352.338	218.612	297.087	2190.322	371.459	281.959	2202.698	455.756	17.663	2284.889	489.808	-227.338	2340.818	496.618	-276.338	2352.004	0.000	0.000	0.000	218.612	297.087	2190.322	66.905	278.530	2182.934	9.162	24.094	2308.000	-30.027	-221.970	2355.226	-37.865	-271.182	2364.671	0.000	0.000	0.000	308.128	-221.313	2405.015	308.128	-631.994	2405.015	308.128	-1018.301	2405.015	0.000	0.000	0.000	111.162	-219.227	2428.897	111.162	-629.908	2428.897	111.162	-1016.216	2428.897	0.000	0.000	0.000	
01980	2	0.000	0.000	0.000	210.736	475.637	2088.756	225.919	366.309	2152.264	221.846	61.799	2313.110	214.382	-125.298	2354.947	224.932	292.539	2191.230	382.027	285.627	2201.036	454.132	17.710	2280.558	507.293	-226.476	2349.849	517.926	-275.313	2363.707	0.000	0.000	0.000	224.932	292.539	2191.230	74.280	272.045	2189.388	8.633	19.258	2312.235	-41.251	-234.023	2337.024	-51.228	-284.679	2341.982	0.000	0.000	0.000	320.872	-224.599	2402.616	320.872	-638.518	2402.616	320.872	-1027.872	2402.616	0.000	0.000	0.000	120.573	-227.406	2430.566	120.573	-641.326	2430.566	120.573	-1030.680	2430.566	0.000	0.000	0.000	
01981	2	0.000	0.000	0.000	219.187	473.952	2087.712	232.705	363.870	2152.347	229.624	61.078	2319.154	221.291	-126.223	2358.829	231.956	290.337	2192.856	389.269	284.021	2202.431	464.952	14.617	2276.553	509.683	-231.360	2356.234	518.629	-280.556	2372.170	0.000	0.000	0.000	231.956	290.337	2192.856	79.537	271.424	2189.633	17.712	14.355	2307.504	-17.782	-241.350	2354.511	-24.881	-292.491	2363.912	0.000	0.000	0.000	324.932	-225.842	2416.732	324.932	-642.353	2416.732	324.932	-1034.144	2416.732	0.000	0.000	0.000	119.928	-223.318	2430.706	119.928	-639.829	2430.706	119.928	-1031.620	2430.706	0.000	0.000	0.000	
01982	2	0.000	0.000	0.000	243.726	468.909	2084.504	248.041	360.068	2152.521	249.429	60.269	2330.174	242.822	-127.229	2366.033	248.378	287.194	2195.704	406.785	285.162	2201.372	465.960	1.765	2266.304	507.438	-254.810	2330.598	515.733	-306.125	2343.457	0.000	0.000	0.000	248.378	287.194	2195.704	97.720	264.570	2191.004	37.189	0.164	2311.239	10.396	-263.206	2351.281	5.037	-315.880	2359.290	0.000	0.000	0.000	347.475	-227.188	2427.233	347.475	-647.430	2427.233	347.475	-1042.731	2427.233	0.000	0.000	0.000	136.262	-221.477	2434.928	136.262	-641.719	2434.928	136.262	-1037.020	2434.928	0.000	0.000	0.000	
