03297	2	0.000	0.000	0.000	67.626	576.902	2479.725	78.001	481.508	2521.581	79.878	246.369	2684.493	80.972	81.009	2662.731	78.472	422.516	2562.452	214.826	391.789	2524.512	285.638	162.804	2537.580	285.638	-54.711	2537.580	285.638	-143.644	2537.580	0.000	0.000	0.000	78.472	422.516	2562.452	-45.108	396.547	2587.949	-115.259	200.085	2706.696	-115.259	-17.430	2706.696	-115.259	-106.363	2706.696	0.000	0.000	0.000	167.509	64.878	2622.750	167.509	-291.174	2622.750	167.509	-626.089	2622.750	0.000	0.000	0.000	-5.462	69.941	2704.390	-5.462	-286.110	2704.390	-5.462	-621.025	2704.390	0.000	0.000	0.000	
03298	2	0.000	0.000	0.000	64.430	576.096	2482.534	75.877	481.627	2526.169	82.084	244.891	2686.645	82.782	80.860	2663.351	77.434	422.235	2566.430	214.433	391.614	2525.182	285.424	163.053	2544.490	285.424	-54.462	2544.490	285.424	-143.395	2544.490	0.000	0.000	0.000	77.434	422.235	2566.430	-51.595	397.766	2589.567	-112.963	205.881	2720.208	-112.963	-11.633	2720.208	-112.963	-100.567	2720.208	0.000	0.000	0.000	168.522	59.883	2621.514	168.522	-296.167	2621.514	168.522	-631.082	2621.514	0.000	0.000	0.000	-3.105	57.927	2703.718	-3.105	-298.124	2703.718	-3.105	-633.039	2703.718	0.000	0.000	0.000	
03299	2	0.000	0.000	0.000	55.951	576.127	2489.714	71.616	481.708	2532.133	78.407	241.641	2687.559	77.893	79.518	2664.542	73.320	421.480	2571.126	212.316	390.036	2526.094	286.374	157.590	2539.158	191.732	322.002	2432.740	153.037	389.223	2389.230	0.000	0.000	0.000	73.320	421.480	2571.126	-57.735	397.839	2599.000	-112.205	203.857	2737.166	-112.205	-13.658	2737.166	-112.205	-102.592	2737.166	0.000	0.000	0.000	164.907	56.039	2623.687	164.907	-300.011	2623.687	164.907	-634.927	2623.687	0.000	0.000	0.000	-10.884	79.764	2709.059	-10.884	-276.285	2709.059	-10.884	-611.201	2709.059	0.000	0.000	0.000	
03300	2	0.000	0.000	0.000	54.220	576.433	2490.256	69.530	481.735	2532.179	76.549	239.375	2683.995	74.319	77.959	2662.148	71.291	420.932	2570.267	210.493	388.693	2525.932	287.051	156.597	2539.270	201.626	329.104	2437.993	166.699	399.635	2396.584	0.000	0.000	0.000	71.291	420.932	2570.267	-57.707	402.300	2610.073	-113.963	199.026	2734.261	-113.963	-18.489	2734.261	-113.963	-107.423	2734.261	0.000	0.000	0.000	159.187	49.669	2624.146	159.187	-306.381	2624.146	159.187	-641.297	2624.146	0.000	0.000	0.000	-7.600	41.997	2700.160	-7.600	-314.053	2700.160	-7.600	-648.969	2700.160	0.000	0.000	0.000	
03301	2	0.000	0.000	0.000	53.844	576.851	2490.453	69.463	482.070	2532.075	78.680	239.711	2683.777	76.618	78.672	2662.822	71.775	421.268	2570.134	213.793	392.971	2525.788	285.060	160.544	2538.918	220.214	335.666	2427.380	193.700	407.266	2381.777	0.000	0.000	0.000	71.775	421.268	2570.134	-54.696	403.204	2616.776	-115.466	194.543	2726.508	-115.466	-22.973	2726.508	-115.466	-111.907	2726.508	0.000	0.000	0.000	160.998	52.722	2625.112	160.998	-303.328	2625.112	160.998	-638.245	2625.112	0.000	0.000	0.000	-7.093	54.751	2704.058	-7.093	-301.299	2704.058	-7.093	-636.216	2704.058	0.000	0.000	0.000	
03302	2	0.000	0.000	0.000	53.866	577.773	2491.103	69.666	482.714	2532.017	79.212	241.161	2684.985	75.760	80.363	2663.373	72.061	422.113	2570.394	214.601	392.217	2526.110	284.547	160.978	2539.215	237.813	349.493	2441.278	218.706	426.570	2401.236	0.000	0.000	0.000	72.061	422.113	2570.394	-54.586	403.367	2618.598	-115.507	198.067	2731.187	-115.507	-19.450	2731.187	-115.507	-108.385	2731.187	0.000	0.000	0.000	158.610	55.863	2625.858	158.610	-300.189	2625.858	158.610	-635.108	2625.858	0.000	0.000	0.000	-6.088	56.062	2703.800	-6.088	-299.990	2703.800	-6.088	-634.910	2703.800	0.000	0.000	0.000	
03303	2	0.000	0.000	0.000	53.981	578.321	2491.616	69.666	483.020	2532.008	79.026	241.375	2684.843	73.282	80.691	2663.564	72.015	422.396	2570.351	213.413	390.411	2526.169	286.616	159.655	2539.249	224.891	347.362	2448.310	199.653	424.109	2411.129	0.000	0.000	0.000	72.015	422.396	2570.351	-55.181	402.918	2617.275	-115.667	200.064	2735.469	-115.667	-17.455	2735.469	-115.667	-106.390	2735.469	0.000	0.000	0.000	154.827	56.948	2624.353	154.827	-299.105	2624.353	154.827	-634.025	2624.353	0.000	0.000	0.000	-9.843	67.463	2705.694	-9.843	-288.590	2705.694	-9.843	-623.511	2705.694	0.000	0.000	0.000	
03304	2	0.000	0.000	0.000	54.980	579.220	2492.928	69.663	483.195	2531.965	77.062	240.528	2683.284	63.956	80.528	2663.661	71.519	422.315	2569.927	213.580	390.187	2526.182	282.938	157.602	2538.943	217.116	336.025	2433.360	190.205	408.975	2390.191	0.000	0.000	0.000	71.519	422.315	2569.927	-54.785	403.079	2618.511	-117.007	198.660	2734.316	-117.007	-18.860	2734.316	-117.007	-107.796	2734.316	0.000	0.000	0.000	143.798	58.674	2619.796	143.798	-297.382	2619.796	143.798	-632.306	2619.796	0.000	0.000	0.000	-21.164	71.487	2702.635	-21.164	-284.570	2702.635	-21.164	-619.493	2702.635	0.000	0.000	0.000	
03305	2	0.000	0.000	0.000	55.409	579.493	2493.280	69.662	483.248	2531.932	76.484	236.285	2676.166	66.892	77.329	2650.432	71.373	421.290	2568.117	213.736	390.188	2526.056	285.349	159.058	2533.660	178.571	315.388	2426.537	134.914	379.305	2382.739	0.000	0.000	0.000	71.373	421.290	2568.117	-56.660	401.800	2614.763	-119.378	190.722	2715.361	-119.378	-26.799	2715.361	-119.378	-115.736	2715.361	0.000	0.000	0.000	132.231	18.077	2629.942	132.231	-337.980	2629.942	132.231	-672.906	2629.942	0.000	0.000	0.000	14.147	7.048	2667.492	14.147	-349.010	2667.492	14.147	-683.936	2667.492	0.000	0.000	0.000	
03306	2	0.000	0.000	0.000	55.640	579.730	2493.660	69.661	483.286	2531.902	79.508	233.747	2671.461	83.354	77.574	2634.557	72.132	420.682	2566.914	213.982	390.094	2526.065	282.432	159.428	2533.358	139.783	300.677	2449.594	81.459	358.429	2415.346	0.000	0.000	0.000	72.132	420.682	2566.914	-57.563	401.202	2613.287	-123.465	179.339	2679.463	-123.465	-38.185	2679.463	-123.465	-127.122	2679.463	0.000	0.000	0.000	165.718	46.314	2607.952	165.718	-309.748	2607.952	165.718	-644.678	2607.952	0.000	0.000	0.000	-7.125	60.219	2656.255	-7.125	-295.843	2656.255	-7.125	-630.773	2656.255	0.000	0.000	0.000	
03307	2	0.000	0.000	0.000	55.689	579.775	2493.775	69.661	483.289	2531.933	84.512	233.921	2671.357	91.130	78.901	2631.186	73.387	420.728	2566.911	214.092	390.033	2526.217	280.700	159.319	2532.965	158.176	321.899	2456.329	108.081	388.371	2424.995	0.000	0.000	0.000	73.387	420.728	2566.911	-56.730	401.753	2615.400	-121.974	189.753	2707.652	-121.974	-27.773	2707.652	-121.974	-116.711	2707.652	0.000	0.000	0.000	173.701	54.582	2598.684	173.701	-301.483	2598.684	173.701	-636.415	2598.684	0.000	0.000	0.000	0.797	77.617	2662.206	0.797	-278.448	2662.206	0.797	-613.380	2662.206	0.000	0.000	0.000	
03308	2	0.000	0.000	0.000	55.744	579.786	2493.827	69.661	483.283	2531.962	84.586	235.434	2674.067	86.322	79.886	2637.084	73.406	421.103	2567.614	214.194	389.956	2526.484	284.154	160.644	2533.275	129.733	277.355	2434.022	66.597	325.074	2393.442	0.000	0.000	0.000	73.406	421.103	2567.614	-57.324	401.363	2614.383	-120.678	191.284	2711.223	-120.678	-26.243	2711.223	-120.678	-115.182	2711.223	0.000	0.000	0.000	162.148	39.104	2608.858	162.148	-316.964	2608.858	162.148	-651.899	2608.858	0.000	0.000	0.000	4.020	64.688	2678.924	4.020	-291.379	2678.924	4.020	-626.314	2678.924	0.000	0.000	0.000	
03309	2	0.000	0.000	0.000	55.834	579.827	2493.961	69.661	483.280	2532.025	83.527	240.146	2682.164	76.002	79.868	2658.021	73.140	422.283	2569.692	214.444	389.874	2527.728	285.884	161.568	2533.133	388.198	-27.720	2565.097	430.030	-105.113	2578.165	0.000	0.000	0.000	73.140	422.283	2569.692	-58.446	400.622	2612.407	-118.469	190.603	2710.110	-118.469	-26.929	2710.110	-118.469	-115.869	2710.110	0.000	0.000	0.000	160.142	56.099	2627.354	160.142	-299.974	2627.354	160.142	-634.915	2627.354	0.000	0.000	0.000	-10.082	63.237	2689.795	-10.082	-292.837	2689.795	-10.082	-627.778	2689.795	0.000	0.000	0.000	
03310	2	0.000	0.000	0.000	56.016	579.918	2493.955	69.664	483.279	2531.854	83.616	239.976	2681.720	84.548	82.026	2654.616	73.165	422.240	2569.452	216.900	391.914	2527.846	290.912	165.313	2543.998	238.559	365.329	2476.366	217.153	447.109	2448.713	0.000	0.000	0.000	73.165	422.240	2569.452	-58.575	398.627	2612.046	-119.203	190.085	2711.650	-119.203	-27.450	2711.650	-119.203	-116.392	2711.650	0.000	0.000	0.000	164.968	53.178	2616.670	164.968	-302.902	2616.670	164.968	-637.849	2616.670	0.000	0.000	0.000	-0.895	54.781	2683.105	-0.895	-301.299	2683.105	-0.895	-636.246	2683.105	0.000	0.000	0.000	
03311	2	0.000	0.000	0.000	55.791	579.511	2493.117	69.666	483.200	2531.764	83.748	239.665	2681.248	89.149	82.435	2654.505	73.199	422.102	2569.266	219.435	394.236	2527.963	296.960	169.223	2547.608	244.119	351.364	2441.047	222.514	425.834	2397.478	0.000	0.000	0.000	73.199	422.102	2569.266	-58.047	397.638	2613.791	-118.762	188.785	2712.383	-118.762	-28.753	2712.383	-118.762	-117.696	2712.383	0.000	0.000	0.000	173.399	49.660	2633.393	173.399	-306.424	2633.393	173.399	-641.375	2633.393	0.000	0.000	0.000	12.556	41.817	2688.438	12.556	-314.267	2688.438	12.556	-649.218	2688.438	0.000	0.000	0.000	
03312	2	0.000	0.000	0.000	55.132	578.191	2490.289	69.689	483.137	2531.703	97.935	239.787	2679.486	107.978	83.490	2653.919	76.776	422.085	2568.778	220.349	393.736	2527.974	300.455	169.413	2542.241	113.209	217.760	2442.610	36.652	237.527	2401.875	0.000	0.000	0.000	76.776	422.085	2568.778	-55.972	395.518	2616.773	-118.190	186.021	2712.590	-118.190	-31.521	2712.590	-118.190	-120.466	2712.590	0.000	0.000	0.000	191.957	54.061	2618.387	191.957	-302.031	2618.387	191.957	-636.989	2618.387	0.000	0.000	0.000	13.111	66.178	2654.914	13.111	-289.913	2654.914	13.111	-624.871	2654.914	0.000	0.000	0.000	
03313	2	0.000	0.000	0.000	55.136	581.988	2486.951	69.747	483.119	2531.609	94.017	238.397	2677.857	91.849	83.035	2651.870	75.835	421.723	2568.300	219.806	391.621	2527.892	299.205	169.101	2560.085	235.943	343.316	2446.166	210.077	414.545	2399.588	0.000	0.000	0.000	75.835	421.723	2568.300	-54.965	393.912	2617.591	-114.999	183.470	2712.277	-114.999	-34.085	2712.277	-114.999	-123.035	2712.277	0.000	0.000	0.000	173.576	50.500	2618.359	173.576	-305.613	2618.359	173.576	-640.591	2618.359	0.000	0.000	0.000	-1.047	67.063	2660.252	-1.047	-289.050	2660.252	-1.047	-624.028	2660.252	0.000	0.000	0.000	
03314	2	0.000	0.000	0.000	55.213	583.439	2486.640	69.754	483.120	2531.555	90.322	238.040	2677.795	89.411	83.481	2648.801	74.914	421.634	2568.244	218.400	389.366	2527.808	300.915	167.006	2551.976	267.583	352.266	2442.882	253.955	428.012	2398.277	0.000	0.000	0.000	74.914	421.634	2568.244	-55.487	394.147	2616.984	-113.587	181.960	2708.842	-113.587	-35.603	2708.842	-113.587	-124.557	2708.842	0.000	0.000	0.000	169.642	48.887	2616.651	169.642	-307.239	2616.651	169.642	-642.230	2616.651	0.000	0.000	0.000	-0.823	64.653	2665.017	-0.823	-291.473	2665.017	-0.823	-626.464	2665.017	0.000	0.000	0.000	
03315	2	0.000	0.000	0.000	55.252	584.058	2486.532	69.759	483.120	2531.547	90.023	238.153	2678.029	91.118	83.809	2648.370	74.843	421.663	2568.296	219.040	390.269	2528.300	299.988	167.115	2550.224	263.390	349.649	2437.628	248.426	424.280	2391.592	0.000	0.000	0.000	74.843	421.663	2568.296	-55.670	394.284	2616.945	-113.497	178.162	2699.274	-113.497	-39.406	2699.274	-113.497	-128.362	2699.274	0.000	0.000	0.000	173.359	50.622	2615.875	173.359	-305.513	2615.875	173.359	-640.510	2615.875	0.000	0.000	0.000	1.369	60.042	2667.698	1.369	-296.092	2667.698	1.369	-631.090	2667.698	0.000	0.000	0.000	
03316	2	0.000	0.000	0.000	55.572	585.716	2486.334	69.772	483.120	2531.537	89.729	239.038	2679.570	92.860	85.557	2646.686	74.779	421.885	2568.675	220.695	392.803	2529.696	296.681	167.778	2550.024	224.827	341.570	2440.587	195.449	412.626	2395.842	0.000	0.000	0.000	74.779	421.885	2568.675	-56.020	394.059	2616.288	-112.224	176.976	2697.154	-112.224	-40.608	2697.154	-112.224	-129.570	2697.154	0.000	0.000	0.000	169.210	53.908	2601.648	169.210	-302.252	2601.648	169.210	-637.274	2601.648	0.000	0.000	0.000	4.407	59.086	2665.601	4.407	-297.073	2665.601	4.407	-632.095	2665.601	0.000	0.000	0.000	
03317	2	0.000	0.000	0.000	56.031	584.401	2487.393	69.777	483.120	2531.583	89.689	239.316	2680.094	93.148	83.048	2644.224	74.773	421.955	2568.842	220.676	392.763	2530.198	296.719	167.705	2549.927	215.976	338.645	2442.200	182.963	408.537	2398.154	0.000	0.000	0.000	74.773	421.955	2568.842	-56.103	394.026	2616.162	-112.265	178.332	2700.688	-112.265	-39.257	2700.688	-112.265	-128.221	2700.688	0.000	0.000	0.000	169.273	60.124	2599.676	169.273	-296.045	2599.676	169.273	-631.076	2599.676	0.000	0.000	0.000	7.649	55.574	2664.792	7.649	-300.595	2664.792	7.649	-635.626	2664.792	0.000	0.000	0.000	
03318	2	0.000	0.000	0.000	56.852	582.643	2489.085	69.786	483.151	2531.618	88.792	239.895	2681.174	87.732	82.578	2630.666	74.555	422.123	2569.138	220.236	392.669	2530.163	293.689	166.422	2545.691	235.847	346.209	2437.610	212.198	419.717	2393.420	0.000	0.000	0.000	74.555	422.123	2569.138	-58.328	394.438	2612.494	-116.001	182.798	2705.804	-116.001	-34.804	2705.804	-116.001	-123.773	2705.804	0.000	0.000	0.000	153.557	43.191	2607.284	153.557	-312.998	2607.284	153.557	-648.048	2607.284	0.000	0.000	0.000	31.102	31.231	2658.472	31.102	-324.958	2658.472	31.102	-660.008	2658.472	0.000	0.000	0.000	
03319	2	0.000	0.000	0.000	57.199	581.510	2487.527	69.750	483.511	2531.461	87.589	240.993	2682.370	80.957	82.789	2629.426	74.226	422.669	2569.321	218.759	391.145	2530.152	295.935	165.753	2538.422	232.923	348.741	2438.933	207.159	423.558	2398.255	0.000	0.000	0.000	74.226	422.669	2569.321	-57.729	394.615	2612.599	-113.210	181.075	2702.868	-113.210	-36.533	2702.868	-113.210	-125.505	2702.868	0.000	0.000	0.000	168.597	96.349	2598.552	168.597	-259.851	2598.552	168.597	-594.911	2598.552	0.000	0.000	0.000	-1.887	85.187	2679.131	-1.887	-271.013	2679.131	-1.887	-606.072	2679.131	0.000	0.000	0.000	
03320	2	0.000	0.000	0.000	57.700	578.517	2484.196	69.737	482.745	2531.405	80.125	242.761	2687.004	65.889	87.651	2623.144	72.344	422.539	2570.441	217.145	388.315	2530.129	301.488	165.727	2517.128	219.188	354.745	2447.450	185.538	432.027	2418.961	0.000	0.000	0.000	72.344	422.539	2570.441	-57.760	394.433	2612.603	-118.304	184.617	2708.205	-118.304	-32.998	2708.205	-118.304	-121.973	2708.205	0.000	0.000	0.000	129.721	54.777	2613.729	129.721	-301.434	2613.729	129.721	-636.504	2613.729	0.000	0.000	0.000	6.085	56.859	2663.259	6.085	-299.351	2663.259	6.085	-634.421	2663.259	0.000	0.000	0.000	
03321	2	0.000	0.000	0.000	56.037	572.279	2477.205	69.543	482.120	2531.556	73.840	250.263	2699.339	77.851	89.402	2641.310	70.621	423.952	2573.649	213.934	385.650	2530.139	303.639	164.889	2537.497	303.639	-52.747	2537.497	303.639	-141.730	2537.497	0.000	0.000	0.000	70.621	423.952	2573.649	-44.773	403.187	2635.761	-111.083	188.981	2716.726	-111.083	-28.654	2716.726	-111.083	-117.638	2716.726	0.000	0.000	0.000	165.981	100.337	2615.907	165.981	-255.908	2615.907	165.981	-591.010	2615.907	0.000	0.000	0.000	-15.597	112.532	2686.202	-15.597	-243.713	2686.202	-15.597	-578.815	2686.202	0.000	0.000	0.000	
03322	2	0.000	0.000	0.000	52.198	570.252	2477.077	69.502	481.331	2531.853	73.313	249.110	2699.159	82.253	84.278	2652.190	70.458	423.072	2573.827	214.384	386.581	2530.141	299.870	164.160	2537.930	299.870	-53.484	2537.930	299.870	-142.470	2537.930	0.000	0.000	0.000	70.458	423.072	2573.827	-46.074	402.373	2633.731	-113.598	193.231	2726.144	-113.598	-24.412	2726.144	-113.598	-113.398	2726.144	0.000	0.000	0.000	167.486	86.795	2619.117	167.486	-269.462	2619.117	167.486	-604.575	2619.117	0.000	0.000	0.000	-11.791	88.440	2684.452	-11.791	-267.817	2684.452	-11.791	-602.930	2684.452	0.000	0.000	0.000	
03323	2	0.000	0.000	0.000	35.049	561.420	2473.864	69.385	480.678	2532.391	69.775	251.028	2703.286	80.248	83.981	2661.748	69.483	423.064	2575.265	212.008	385.130	2530.085	305.552	166.010	2539.185	305.552	-51.648	2539.185	305.552	-140.641	2539.185	0.000	0.000	0.000	69.483	423.064	2575.265	-45.746	402.985	2633.311	-125.866	208.088	2744.858	-125.866	-9.570	2744.858	-125.866	-98.563	2744.858	0.000	0.000	0.000	141.643	53.895	2617.782	141.643	-302.387	2617.782	141.643	-637.524	2617.782	0.000	0.000	0.000	-7.642	65.386	2681.609	-7.642	-290.896	2681.609	-7.642	-626.032	2681.609	0.000	0.000	0.000	
03324	4	0.000	0.000	0.000	-95.373	446.459	2407.649	-43.566	413.805	2492.787	59.157	206.428	2655.163	87.422	39.429	2647.889	-17.461	361.105	2534.052	100.122	343.846	2459.738	273.800	170.860	2467.183	117.920	319.701	2436.202	54.187	380.556	2423.535	0.000	0.000	0.000	-17.461	361.105	2534.052	-109.983	319.788	2608.469	-243.879	261.941	2411.317	-114.502	314.755	2578.302	-88.627	325.318	2611.700	0.000	0.000	0.000	134.662	-69.686	2612.860	134.662	-426.106	2612.860	134.662	-761.372	2612.860	0.000	0.000	0.000	35.674	-68.591	2661.108	35.674	-425.011	2661.108	35.674	-760.278	2661.108	0.000	0.000	0.000	
03325	4	0.000	0.000	0.000	1.088	337.949	2464.698	-47.881	245.245	2465.651	-203.724	47.245	2598.645	-211.363	-121.150	2563.198	-87.184	195.310	2499.192	105.189	193.280	2488.582	-117.270	125.651	2553.147	79.672	183.409	2476.342	159.696	206.878	2445.134	0.000	0.000	0.000	-87.184	195.310	2499.192	3.341	114.025	2548.199	-169.474	104.702	2380.036	-276.913	275.662	2294.881	-320.568	345.127	2260.280	0.000	0.000	0.000	-164.390	-226.971	2570.715	-164.390	-583.452	2570.715	-164.390	-918.775	2570.715	0.000	0.000	0.000	-204.697	-238.678	2559.382	-204.697	-595.158	2559.382	-204.697	-930.482	2559.382	0.000	0.000	0.000	
03326	4	0.000	0.000	0.000	-85.719	221.765	2523.279	-92.597	147.274	2449.819	-272.130	-71.595	2412.880	-262.006	-224.161	2493.592	-137.790	92.180	2440.521	52.015	154.986	2527.766	-163.526	225.780	2607.097	-235.426	162.957	2410.375	-264.706	137.372	2330.263	0.000	0.000	0.000	-137.790	92.180	2440.521	47.741	117.344	2530.176	-140.247	61.094	2391.398	-289.992	179.742	2285.027	-350.974	228.060	2241.709	0.000	0.000	0.000	-213.900	-270.178	2498.370	-213.900	-626.689	2498.370	-213.900	-962.042	2498.370	0.000	0.000	0.000	-247.412	-284.414	2488.917	-247.412	-640.925	2488.917	-247.412	-976.278	2488.917	0.000	0.000	0.000	
03327	4	0.000	0.000	0.000	-106.804	162.378	2525.698	-126.684	99.290	2444.320	-305.658	-116.645	2389.584	-242.732	-217.492	2515.510	-171.706	44.971	2430.551	9.709	130.983	2536.113	9.709	-109.070	2536.113	9.709	-327.624	2536.113	9.709	-416.698	2536.113	0.000	0.000	0.000	-171.706	44.971	2430.551	22.702	109.401	2519.253	-160.137	44.102	2378.074	-320.916	141.538	2266.618	-386.443	181.248	2221.193	0.000	0.000	0.000	-213.824	-270.310	2498.411	-213.824	-626.919	2498.411	-213.824	-962.365	2498.411	0.000	0.000	0.000	-247.386	-284.567	2488.944	-247.386	-641.177	2488.944	-247.386	-976.622	2488.944	0.000	0.000	0.000	
03328	4	0.000	0.000	0.000	-133.991	120.949	2530.515	-162.615	64.761	2444.891	-308.209	-184.950	2422.380	-190.469	-288.016	2502.485	-199.219	1.981	2439.232	-36.519	86.294	2558.683	-36.519	-156.828	2558.683	-36.519	-378.302	2558.683	-36.519	-468.626	2558.683	0.000	0.000	0.000	-199.219	1.981	2439.232	-9.106	94.924	2514.445	-9.106	-148.197	2514.445	-9.106	-369.672	2514.445	-9.106	-459.996	2514.445	0.000	0.000	0.000	-208.068	-324.970	2487.149	-208.068	-686.587	2487.149	-208.068	-1026.742	2487.149	0.000	0.000	0.000	-239.622	-336.642	2478.031	-239.622	-698.259	2478.031	-239.622	-1038.413	2478.031	0.000	0.000	0.000	
03329	4	0.000	0.000	0.000	-164.270	27.399	2534.261	-206.083	-3.885	2438.048	-282.723	-289.025	2483.430	-218.791	-436.528	2399.710	-225.335	-75.515	2449.448	-275.353	-143.953	2519.491	-275.353	-393.810	2519.491	-275.353	-621.604	2519.491	-275.353	-714.595	2519.491	0.000	0.000	0.000	-225.335	-75.515	2449.448	-301.124	-105.087	2329.531	-301.124	-354.944	2329.531	-301.124	-582.738	2329.531	-301.124	-675.729	2329.531	0.000	0.000	0.000	-202.177	-496.495	2449.764	-202.177	-868.784	2449.764	-202.177	-1218.978	2449.764	0.000	0.000	0.000	-227.569	-503.474	2442.009	-227.569	-875.764	2442.009	-227.569	-1225.958	2442.009	0.000	0.000	0.000	
03331	4	0.000	0.000	0.000	-75.372	-31.489	2558.401	-131.689	-107.673	2453.721	0.000	0.000	0.000	0.000	0.000	0.000	-162.346	-161.914	2468.200	-228.513	-200.087	2560.898	0.000	0.000	0.000	-19.835	-12.326	240.578	-23.802	-14.791	288.693	0.000	0.000	0.000	-162.346	-161.914	2468.200	-247.784	-192.751	2360.522	-247.784	-457.518	2360.522	-247.784	-699.226	2360.522	-247.784	-798.052	2360.522	0.000	0.000	0.000	0.000	0.000	0.000	0.000	-395.649	0.000	0.000	-767.817	0.000	0.000	0.000	0.000	0.000	0.000	0.000	0.000	-395.649	0.000	0.000	-767.817	0.000	0.000	0.000	0.000	
03332	4	0.000	0.000	0.000	-148.838	-104.006	2436.453	-159.249	-155.689	2408.641	-345.299	-543.565	2497.000	0.000	0.000	0.000	-205.647	-216.856	2395.098	-262.486	-245.909	2512.370	0.000	0.000	0.000	-16.038	-15.704	240.662	-19.245	-18.845	288.794	0.000	0.000	0.000	-205.647	-216.856	2395.098	-263.891	-222.226	2289.560	-263.891	-486.990	2289.560	-263.891	-728.697	2289.560	-263.891	-827.522	2289.560	0.000	0.000	0.000	0.000	0.000	0.000	0.000	-395.646	0.000	0.000	-767.810	0.000	0.000	0.000	0.000	0.000	0.000	0.000	0.000	-395.646	0.000	0.000	-767.810	0.000	0.000	0.000	0.000	
03333	4	0.000	0.000	0.000	-168.434	-142.976	2374.820	-173.774	-185.660	2379.084	-345.299	-543.565	2497.000	0.000	0.000	0.000	-223.250	-248.320	2357.033	-251.529	-272.947	2505.698	0.000	0.000	0.000	-14.418	-16.319	240.717	-17.301	-19.583	288.860	0.000	0.000	0.000	-223.250	-248.320	2357.033	-276.119	-253.099	2257.951	-276.119	-517.857	2257.951	-276.119	-759.557	2257.951	-276.119	-858.379	2257.951	0.000	0.000	0.000	0.000	0.000	0.000	0.000	-395.635	0.000	0.000	-767.790	0.000	0.000	0.000	0.000	0.000	0.000	0.000	0.000	-395.635	0.000	0.000	-767.790	0.000	0.000	0.000	0.000	
03334	4	0.000	0.000	0.000	-96.997	-151.358	2365.125	-147.190	-198.306	2345.367	-345.299	-543.565	2497.000	0.000	0.000	0.000	-180.722	-260.629	2363.570	-178.939	-248.785	2506.207	0.000	0.000	0.000	-4.040	-14.367	241.171	-4.848	-17.240	289.405	0.000	0.000	0.000	-180.722	-260.629	2363.570	-234.312	-270.913	2216.668	-234.312	-535.597	2216.668	-234.312	-777.229	2216.668	-234.312	-876.023	2216.668	0.000	0.000	0.000	0.000	0.000	0.000	0.000	-395.524	0.000	0.000	-767.574	0.000	0.000	0.000	0.000	0.000	0.000	0.000	0.000	-395.524	0.000	0.000	-767.574	0.000	0.000	0.000	0.000	
03335	4	0.000	0.000	0.000	-35.651	-147.543	2392.789	-120.852	-198.761	2332.506	-186.665	-429.230	2541.029	-161.598	-573.367	2666.899	-137.363	-256.581	2384.820	-159.003	-247.408	2492.160	-159.003	-512.012	2492.160	-159.003	-753.572	2492.160	-159.003	-852.337	2492.160	0.000	0.000	0.000	-137.363	-256.581	2384.820	-205.879	-272.645	2203.576	-205.879	-537.250	2203.576	-205.879	-778.810	2203.576	-205.879	-877.574	2203.576	0.000	0.000	0.000	0.000	0.000	0.000	0.000	-395.406	0.000	0.000	-767.344	0.000	0.000	0.000	0.000	-127.381	-723.046	2898.273	-127.381	-1118.452	2898.273	-127.381	-1490.390	2898.273	0.000	0.000	0.000	
03336	4	0.000	0.000	0.000	3.131	-136.986	2397.970	-68.694	-188.572	2320.372	-95.351	-411.051	2545.181	-81.592	-447.543	2356.346	-75.382	-244.387	2376.772	-146.035	-264.879	2448.825	-146.035	-529.243	2448.825	-146.035	-770.585	2448.825	-146.035	-869.260	2448.825	0.000	0.000	0.000	-75.382	-244.387	2376.772	-162.421	-257.760	2198.994	-162.421	-522.124	2198.994	-162.421	-763.466	2198.994	-162.421	-862.141	2198.994	0.000	0.000	0.000	0.000	0.000	0.000	0.000	-395.048	0.000	0.000	-766.650	0.000	0.000	0.000	0.000	-95.021	-412.240	2387.647	-95.021	-807.288	2387.647	-95.021	-1178.890	2387.647	0.000	0.000	0.000	
03337	4	0.000	0.000	0.000	17.893	-117.703	2390.615	-46.586	-181.709	2316.449	-87.636	-403.984	2539.011	-79.261	-446.314	2351.200	-56.885	-237.473	2372.286	-121.223	-265.516	2441.325	-121.223	-529.722	2441.325	-121.223	-770.918	2441.325	-121.223	-869.534	2441.325	0.000	0.000	0.000	-56.885	-237.473	2372.286	-144.357	-250.054	2198.305	-144.357	-514.259	2198.305	-144.357	-755.455	2198.305	-144.357	-854.071	2198.305	0.000	0.000	0.000	0.000	0.000	0.000	0.000	-394.810	0.000	0.000	-766.188	0.000	0.000	0.000	0.000	-95.014	-412.259	2387.609	-95.014	-807.068	2387.609	-95.014	-1178.447	2387.609	0.000	0.000	0.000	
03338	4	0.000	0.000	0.000	35.915	-104.334	2390.298	-20.019	-167.640	2309.408	-76.736	-390.306	2527.778	-76.314	-444.169	2342.897	-34.248	-223.503	2364.192	-80.700	-250.422	2441.043	-80.700	-514.440	2441.043	-80.700	-755.465	2441.043	-80.700	-854.011	2441.043	0.000	0.000	0.000	-34.248	-223.503	2364.192	-116.721	-235.280	2191.354	-116.721	-499.298	2191.354	-116.721	-740.322	2191.354	-116.721	-838.868	2191.354	0.000	0.000	0.000	0.000	0.000	0.000	0.000	-394.530	0.000	0.000	-765.645	0.000	0.000	0.000	0.000	-95.005	-412.281	2387.562	-95.005	-806.810	2387.562	-95.005	-1177.925	2387.562	0.000	0.000	0.000	
03340	4	0.000	0.000	0.000	59.723	-65.705	2336.791	23.171	-136.056	2287.503	0.000	0.000	0.000	0.000	0.000	0.000	-6.188	-184.461	2308.035	-82.672	-231.991	2439.148	-82.672	-552.797	2439.148	-82.672	-845.664	2439.148	-82.672	-965.406	2439.148	0.000	0.000	0.000	-6.188	-184.461	2308.035	-114.107	-225.524	2158.847	-114.107	-546.331	2158.847	-114.107	-839.198	2158.847	-114.107	-958.940	2158.847	0.000	0.000	0.000	0.000	0.000	0.000	0.000	-479.390	0.000	0.000	-930.329	0.000	0.000	0.000	0.000	0.000	0.000	0.000	0.000	-479.390	0.000	0.000	-930.329	0.000	0.000	0.000	0.000	
03341	4	0.000	0.000	0.000	66.998	-58.553	2352.869	32.102	-131.595	2295.751	0.000	0.000	0.000	0.000	0.000	0.000	1.461	-180.518	2316.956	-71.770	-221.931	2454.247	-71.770	-542.753	2454.247	-71.770	-835.635	2454.247	-71.770	-955.383	2454.247	0.000	0.000	0.000	1.461	-180.518	2316.956	-117.299	-223.227	2180.192	-117.299	-544.049	2180.192	-117.299	-836.931	2180.192	-117.299	-956.679	2180.192	0.000	0.000	0.000	0.000	0.000	0.000	0.000	-479.414	0.000	0.000	-930.375	0.000	0.000	0.000	0.000	0.000	0.000	0.000	0.000	-479.414	0.000	0.000	-930.375	0.000	0.000	0.000	0.000	
03342	4	0.000	0.000	0.000	72.129	-31.258	2357.159	35.844	-113.236	2303.091	0.000	0.000	0.000	0.000	0.000	0.000	3.140	-164.762	2318.597	-70.913	-207.919	2463.719	-70.913	-520.884	2463.719	-70.913	-806.593	2463.719	-70.913	-923.409	2463.719	0.000	0.000	0.000	3.140	-164.762	2318.597	-111.895	-190.828	2167.754	-111.895	-503.793	2167.754	-111.895	-789.502	2167.754	-111.895	-906.318	2167.754	0.000	0.000	0.000	0.000	0.000	0.000	0.000	-467.673	0.000	0.000	-907.590	0.000	0.000	0.000	0.000	0.000	0.000	0.000	0.000	-467.673	0.000	0.000	-907.590	0.000	0.000	0.000	0.000	
03346	4	0.000	0.000	0.000	50.876	30.432	2324.507	-0.258	-36.471	2308.142	0.000	0.000	0.000	0.000	0.000	0.000	-35.575	-87.624	2339.265	-89.791	-123.426	2483.807	-89.791	-461.076	2483.807	-89.791	-769.321	2483.807	-89.791	-895.351	2483.807	0.000	0.000	0.000	-35.575	-87.624	2339.265	-141.151	-127.750	2173.040	-141.151	-465.401	2173.040	-141.151	-773.645	2173.040	-141.151	-899.675	2173.040	0.000	0.000	0.000	0.000	0.000	0.000	0.000	-504.561	0.000	0.000	-979.176	0.000	0.000	0.000	0.000	0.000	0.000	0.000	0.000	-504.561	0.000	0.000	-979.176	0.000	0.000	0.000	0.000	
03347	4	0.000	0.000	0.000	49.614	46.189	2330.427	-4.623	-23.351	2313.743	0.000	0.000	0.000	0.000	0.000	0.000	-37.634	-75.810	2359.088	-98.794	-106.291	2493.374	-98.794	-444.378	2493.374	-98.794	-753.021	2493.374	-98.794	-879.213	2493.374	0.000	0.000	0.000	-37.634	-75.810	2359.088	-148.384	-121.739	2180.823	-148.384	-459.826	2180.823	-148.384	-768.469	2180.823	-148.384	-894.661	2180.823	0.000	0.000	0.000	0.000	0.000	0.000	0.000	-505.213	0.000	0.000	-980.442	0.000	0.000	0.000	0.000	0.000	0.000	0.000	0.000	-505.213	0.000	0.000	-980.442	0.000	0.000	0.000	0.000	
03350	4	0.000	0.000	0.000	32.277	78.185	2399.641	59.088	6.441	2385.383	49.981	-128.522	2541.775	42.060	-247.528	2581.195	56.803	-27.418	2424.618	131.297	-1.877	2484.826	249.261	-110.976	2546.814	148.539	-3.472	2482.910	128.395	18.029	2470.129	0.000	0.000	0.000	56.803	-27.418	2424.618	10.114	-37.072	2489.693	-86.618	-116.222	2608.178	-86.618	-276.801	2608.178	-86.618	-341.084	2608.178	0.000	0.000	0.000	64.559	-418.351	2651.047	64.559	-675.708	2651.047	64.559	-917.791	2651.047	0.000	0.000	0.000	5.508	-421.186	2645.615	5.508	-678.542	2645.615	5.508	-920.625	2645.615	0.000	0.000	0.000	
03351	4	0.000	0.000	0.000	29.683	121.358	2395.058	42.887	41.411	2392.835	100.337	-88.100	2560.869	105.780	-221.007	2572.460	57.300	8.919	2434.991	128.049	35.844	2486.794	237.484	-104.618	2530.178	128.490	0.059	2453.924	106.691	20.995	2438.673	0.000	0.000	0.000	57.300	8.919	2434.991	-41.854	94.303	2314.520	-41.854	-88.966	2314.520	-41.854	-258.235	2314.520	-41.854	-326.564	2314.520	0.000	0.000	0.000	125.804	-322.731	2588.502	125.804	-596.289	2588.502	125.804	-853.611	2588.502	0.000	0.000	0.000	64.043	-306.586	2605.118	64.043	-580.144	2605.118	64.043	-837.466	2605.118	0.000	0.000	0.000	
03352	4	0.000	0.000	0.000	25.012	139.529	2409.323	36.907	50.563	2400.577	86.614	-91.618	2593.888	109.436	-224.815	2656.343	49.377	14.893	2449.075	127.665	14.990	2493.533	257.400	-135.155	2542.041	143.733	-7.179	2464.162	120.999	18.416	2448.586	0.000	0.000	0.000	49.377	14.893	2449.075	-27.652	-7.960	2503.292	-27.652	-212.234	2503.292	-27.652	-400.286	2503.292	-27.652	-476.471	2503.292	0.000	0.000	0.000	145.451	-281.035	2760.807	145.451	-586.042	2760.807	145.451	-872.947	2760.807	0.000	0.000	0.000	101.137	-279.938	2763.572	101.137	-584.944	2763.572	101.137	-871.849	2763.572	0.000	0.000	0.000	
03353	4	0.000	0.000	0.000	18.687	144.180	2438.429	33.632	52.871	2408.612	58.607	-118.317	2608.741	82.169	-262.416	2675.868	39.898	9.923	2458.820	131.978	12.274	2501.855	267.632	-153.365	2554.443	150.992	-8.174	2474.896	127.664	20.865	2458.986	0.000	0.000	0.000	39.898	9.923	2458.820	-20.510	-10.919	2522.689	-20.510	-231.382	2522.689	-20.510	-433.900	2522.689	-20.510	-516.139	2522.689	0.000	0.000	0.000	136.353	-367.537	2787.728	136.353	-696.785	2787.728	136.353	-1006.492	2787.728	0.000	0.000	0.000	84.587	-372.269	2796.078	84.587	-701.517	2796.078	84.587	-1011.225	2796.078	0.000	0.000	0.000	
03354	4	0.000	0.000	0.000	-6.444	132.201	2482.535	28.335	51.732	2434.406	20.397	-138.218	2629.730	21.692	-295.132	2682.594	26.343	4.078	2483.409	134.854	20.709	2537.246	231.320	-184.770	2544.352	131.345	-11.816	2485.953	111.350	22.775	2474.273	0.000	0.000	0.000	26.343	4.078	2483.409	-49.006	2.844	2554.877	-49.006	-224.263	2554.877	-49.006	-432.395	2554.877	-49.006	-517.132	2554.877	0.000	0.000	0.000	81.261	-452.219	2771.982	81.261	-791.466	2771.982	81.261	-1110.578	2771.982	0.000	0.000	0.000	21.775	-457.054	2794.951	21.775	-796.301	2794.951	21.775	-1115.414	2794.951	0.000	0.000	0.000	
03355	4	0.000	0.000	0.000	-13.242	136.702	2481.653	26.189	50.467	2451.448	7.090	-133.499	2650.037	0.309	-290.686	2699.280	21.397	4.314	2501.270	142.798	6.995	2542.493	256.876	-188.103	2548.996	137.227	-28.009	2494.934	113.297	4.010	2484.121	0.000	0.000	0.000	21.397	4.314	2501.270	-60.588	-1.147	2567.992	-60.588	-227.243	2567.992	-60.588	-434.290	2567.992	-60.588	-518.656	2567.992	0.000	0.000	0.000	43.942	-472.849	2717.358	43.942	-810.610	2717.358	43.942	-1128.325	2717.358	0.000	0.000	0.000	-11.748	-486.864	2739.891	-11.748	-824.625	2739.891	-11.748	-1142.340	2739.891	0.000	0.000	0.000	
03356	4	0.000	0.000	0.000	-6.251	140.938	2463.431	24.975	48.473	2477.363	11.757	-128.163	2679.857	3.046	-289.772	2702.607	21.659	4.159	2528.164	153.249	4.877	2555.752	231.108	-201.741	2594.176	134.319	-36.002	2522.119	114.962	-2.854	2507.707	0.000	0.000	0.000	21.659	4.159	2528.164	-59.755	-2.864	2598.544	-59.755	-226.983	2598.544	-59.755	-431.994	2598.544	-59.755	-515.632	2598.544	0.000	0.000	0.000	57.116	-409.615	2686.558	57.116	-744.458	2686.558	57.116	-1059.428	2686.558	0.000	0.000	0.000	-11.361	-431.208	2714.571	-11.361	-766.051	2714.571	-11.361	-1081.021	2714.571	0.000	0.000	0.000	
