00753	1	0.000	0.000	0.000	73.216	223.037	2683.613	72.230	121.322	2736.589	40.577	-166.701	2856.003	33.405	-328.141	2755.342	64.289	49.063	2766.548	217.625	66.527	2819.067	217.625	-194.499	2819.067	217.625	-432.794	2819.067	217.625	-530.223	2819.067	0.000	0.000	0.000	64.289	49.063	2766.548	-73.752	45.516	2798.938	155.561	-14.376	2689.561	-48.565	-39.749	2809.863	-89.391	-44.823	2833.923	0.000	0.000	0.000	7.894	-362.272	2863.992	7.894	-752.332	2863.992	7.894	-1119.242	2863.992	0.000	0.000	0.000	-35.663	-357.895	2836.572	-35.663	-747.955	2836.572	-35.663	-1114.865	2836.572	0.000	0.000	0.000	
00754	1	0.000	0.000	0.000	68.778	216.454	2664.618	65.867	119.822	2730.528	51.423	-166.180	2857.855	24.110	-324.136	2755.138	62.243	48.070	2762.471	195.158	72.647	2837.083	195.158	-188.379	2837.083	195.158	-429.538	2837.083	195.158	-526.968	2837.083	0.000	0.000	0.000	62.243	48.070	2762.471	-76.648	41.056	2792.019	152.228	-8.665	2676.787	-63.825	-15.449	2783.712	-107.035	-16.806	2805.097	0.000	0.000	0.000	5.117	-363.109	2862.335	5.117	-753.168	2862.335	5.117	-1120.078	2862.335	0.000	0.000	0.000	-45.232	-369.955	2773.772	-45.232	-760.014	2773.772	-45.232	-1126.924	2773.772	0.000	0.000	0.000	
00755	1	0.000	0.000	0.000	68.420	222.712	2674.934	65.358	119.494	2728.959	59.782	-162.525	2865.533	34.767	-327.697	2774.216	63.959	48.742	2763.223	197.603	61.805	2825.692	197.603	-199.220	2825.692	197.603	-439.806	2825.692	197.603	-537.235	2825.692	0.000	0.000	0.000	63.959	48.742	2763.223	-67.768	45.894	2812.831	147.412	2.797	2671.500	147.412	-237.789	2671.500	147.412	-335.218	2671.500	0.000	0.000	0.000	11.485	-366.290	2875.186	11.485	-756.349	2875.186	11.485	-1123.258	2875.186	0.000	0.000	0.000	-37.799	-366.821	2779.137	-37.799	-756.879	2779.137	-37.799	-1123.788	2779.137	0.000	0.000	0.000	
00756	1	0.000	0.000	0.000	68.473	227.218	2691.145	65.139	118.853	2728.199	67.478	-161.089	2869.068	41.811	-328.741	2782.578	65.726	48.622	2763.540	192.669	54.003	2825.464	192.669	-207.022	2825.464	192.669	-447.149	2825.464	192.669	-544.578	2825.464	0.000	0.000	0.000	65.726	48.622	2763.540	-70.417	44.477	2805.805	147.753	17.172	2665.126	147.753	-222.955	2665.126	147.753	-320.384	2665.126	0.000	0.000	0.000	16.128	-372.415	2877.901	16.128	-762.472	2877.901	16.128	-1129.381	2877.901	0.000	0.000	0.000	-31.627	-371.029	2781.678	-31.627	-761.086	2781.678	-31.627	-1127.995	2781.678	0.000	0.000	0.000	
00757	1	0.000	0.000	0.000	72.507	224.045	2696.027	65.150	118.000	2727.553	76.993	-167.711	2855.871	66.171	-320.243	2742.423	68.121	46.321	2759.746	206.353	65.964	2816.816	206.353	-195.086	2816.816	206.353	-434.575	2816.816	206.353	-532.014	2816.816	0.000	0.000	0.000	68.121	46.321	2759.746	-83.611	74.130	2808.542	132.535	-35.607	2711.661	132.535	-275.097	2711.661	132.535	-372.535	2711.661	0.000	0.000	0.000	125.850	-367.303	2815.515	125.850	-757.398	2815.515	125.850	-1124.342	2815.515	0.000	0.000	0.000	65.952	-384.271	2810.250	65.952	-774.366	2810.250	65.952	-1141.310	2810.250	0.000	0.000	0.000	
00758	1	0.000	0.000	0.000	75.082	220.824	2688.960	65.173	117.966	2727.246	68.147	-163.080	2866.127	54.153	-306.194	2741.254	65.919	47.457	2762.088	204.077	75.645	2821.667	204.077	-185.468	2821.667	204.077	-424.780	2821.667	204.077	-522.242	2821.667	0.000	0.000	0.000	65.919	47.457	2762.088	-76.366	59.285	2808.017	-128.648	-195.341	2783.269	-128.648	-434.653	2783.269	-128.648	-532.114	2783.269	0.000	0.000	0.000	89.250	-305.331	2886.546	89.250	-695.520	2886.546	89.250	-1062.552	2886.546	0.000	0.000	0.000	16.369	-335.956	2858.471	16.369	-726.146	2858.471	16.369	-1093.177	2858.471	0.000	0.000	0.000	
00759	1	0.000	0.000	0.000	70.347	219.939	2682.844	64.972	118.894	2726.723	35.206	-144.228	2895.033	3.947	-308.490	2803.534	57.504	52.882	2768.948	197.375	66.232	2823.349	197.375	-195.098	2823.349	197.375	-434.271	2823.349	197.375	-531.813	2823.349	0.000	0.000	0.000	57.504	52.882	2768.948	-83.893	60.468	2790.491	-163.010	-169.450	2886.260	-163.010	-408.623	2886.260	-163.010	-506.166	2886.260	0.000	0.000	0.000	60.071	-301.938	2930.337	60.071	-692.451	2930.337	60.071	-1059.789	2930.337	0.000	0.000	0.000	-4.456	-337.187	2912.262	-4.456	-727.701	2912.262	-4.456	-1095.038	2912.262	0.000	0.000	0.000	
00760	1	0.000	0.000	0.000	66.257	220.792	2682.991	64.917	119.319	2726.804	23.475	-138.529	2901.028	-8.596	-306.054	2815.713	54.520	54.631	2770.513	197.155	65.467	2821.781	197.155	-196.008	2821.781	197.155	-435.193	2821.781	197.155	-532.790	2821.781	0.000	0.000	0.000	54.520	54.631	2770.513	-85.213	55.129	2779.222	-100.029	-178.423	2895.857	-100.029	-417.608	2895.857	-100.029	-515.205	2895.857	0.000	0.000	0.000	53.036	-305.255	2936.189	53.036	-695.986	2936.189	53.036	-1063.527	2936.189	0.000	0.000	0.000	-21.811	-368.403	2849.726	-21.811	-759.134	2849.726	-21.811	-1126.676	2849.726	0.000	0.000	0.000	
00761	1	0.000	0.000	0.000	63.806	222.027	2684.276	64.891	119.837	2727.003	42.983	-140.779	2901.014	12.560	-307.744	2813.754	59.395	54.454	2770.659	199.146	69.781	2822.073	350.331	-136.229	2765.875	350.331	-375.468	2765.875	350.331	-473.126	2765.875	0.000	0.000	0.000	59.395	54.454	2770.659	-81.087	47.440	2781.931	-70.910	-194.460	2881.110	-70.910	-433.698	2881.110	-70.910	-531.356	2881.110	0.000	0.000	0.000	64.809	-315.377	2934.144	64.809	-706.353	2934.144	64.809	-1074.125	2934.144	0.000	0.000	0.000	-12.503	-350.855	2906.946	-12.503	-741.831	2906.946	-12.503	-1109.604	2906.946	0.000	0.000	0.000	
00762	1	0.000	0.000	0.000	56.141	221.863	2690.454	58.467	120.604	2736.655	22.676	-151.580	2889.931	4.879	-312.375	2788.386	49.488	52.319	2775.109	195.460	63.144	2822.956	352.391	-132.314	2747.139	185.652	35.843	2712.592	152.305	69.475	2705.683	0.000	0.000	0.000	49.488	52.319	2775.109	-81.607	49.876	2806.609	163.257	43.523	2713.979	163.257	-195.793	2713.979	163.257	-293.539	2713.979	0.000	0.000	0.000	53.628	-325.335	2909.994	53.628	-716.664	2909.994	53.628	-1084.768	2909.994	0.000	0.000	0.000	-34.287	-373.036	2854.534	-34.287	-764.365	2854.534	-34.287	-1132.469	2854.534	0.000	0.000	0.000	
00763	1	0.000	0.000	0.000	60.624	220.959	2694.494	56.722	120.716	2744.238	34.165	-159.938	2884.432	9.969	-321.844	2785.889	51.063	50.306	2779.410	197.681	66.233	2825.322	203.259	-167.862	2707.862	153.955	66.300	2702.677	144.095	113.133	2701.640	0.000	0.000	0.000	51.063	50.306	2779.410	-77.238	35.782	2809.456	-142.116	-215.352	2846.220	-142.116	-454.705	2846.220	-142.116	-552.487	2846.220	0.000	0.000	0.000	57.575	-336.643	2906.612	57.575	-728.114	2906.612	57.575	-1096.351	2906.612	0.000	0.000	0.000	-12.232	-379.588	2867.675	-12.232	-771.059	2867.675	-12.232	-1139.296	2867.675	0.000	0.000	0.000	
00764	1	0.000	0.000	0.000	68.157	217.844	2705.126	56.135	120.847	2761.252	48.137	-168.866	2883.757	29.830	-330.542	2783.445	54.129	48.164	2791.986	204.249	64.578	2822.604	351.995	-143.696	2763.670	194.054	31.338	2722.241	162.465	66.345	2713.956	0.000	0.000	0.000	54.129	48.164	2791.986	-86.039	45.874	2816.327	-121.215	-210.766	2776.589	-121.215	-450.138	2776.589	-121.215	-547.957	2776.589	0.000	0.000	0.000	69.677	-346.204	2906.474	69.677	-737.822	2906.474	69.677	-1106.198	2906.474	0.000	0.000	0.000	-24.031	-388.313	2803.170	-24.031	-779.931	2803.170	-24.031	-1148.307	2803.170	0.000	0.000	0.000	
00765	1	0.000	0.000	0.000	71.293	216.215	2706.799	56.950	120.878	2766.296	60.440	-170.194	2885.577	43.194	-330.659	2783.229	57.825	47.854	2796.221	205.222	64.424	2824.800	344.572	-142.234	2744.019	200.382	48.615	2737.061	171.544	86.785	2735.669	0.000	0.000	0.000	57.825	47.854	2796.221	-87.366	44.168	2809.691	-108.274	-216.759	2798.227	-108.274	-456.055	2798.227	-108.274	-553.853	2798.227	0.000	0.000	0.000	79.308	-341.804	2911.135	79.308	-733.340	2911.135	79.308	-1101.638	2911.135	0.000	0.000	0.000	17.721	-373.811	2881.556	17.721	-765.347	2881.556	17.721	-1133.645	2881.556	0.000	0.000	0.000	
00766	1	0.000	0.000	0.000	72.428	215.641	2706.484	58.912	120.891	2769.351	73.159	-168.431	2890.705	44.648	-319.369	2777.539	62.486	48.307	2799.796	206.411	63.008	2823.962	350.021	-137.321	2736.384	239.480	70.158	2778.694	217.372	111.654	2787.156	0.000	0.000	0.000	62.486	48.307	2799.796	-86.402	40.857	2793.166	-80.552	-211.326	2862.411	-80.552	-450.192	2862.411	-80.552	-547.829	2862.411	0.000	0.000	0.000	84.890	-320.530	2917.758	84.890	-711.420	2917.758	84.890	-1079.112	2917.758	0.000	0.000	0.000	39.897	-331.720	2914.098	39.897	-722.610	2914.098	39.897	-1090.302	2914.098	0.000	0.000	0.000	
00767	1	0.000	0.000	0.000	72.830	214.184	2702.762	60.056	120.892	2769.663	64.044	-169.674	2887.451	40.680	-323.078	2776.975	61.057	47.995	2799.213	209.517	59.447	2820.463	292.928	-168.819	2724.851	231.465	57.903	2765.908	219.172	103.248	2774.120	0.000	0.000	0.000	61.057	47.995	2799.213	-85.173	39.160	2800.045	-67.941	-217.524	2844.997	-67.941	-455.991	2844.997	-67.941	-553.470	2844.997	0.000	0.000	0.000	80.094	-327.759	2912.473	80.094	-718.017	2912.473	80.094	-1085.115	2912.473	0.000	0.000	0.000	39.635	-325.915	2918.013	39.635	-716.173	2918.013	39.635	-1083.271	2918.013	0.000	0.000	0.000	
00768	1	0.000	0.000	0.000	72.569	209.741	2697.611	60.784	120.893	2769.815	57.034	-172.322	2878.801	33.163	-324.124	2766.982	59.843	47.331	2797.157	210.428	56.293	2821.262	190.713	-183.596	2721.483	203.745	51.242	2757.282	206.352	98.210	2764.442	0.000	0.000	0.000	59.843	47.331	2797.157	-93.071	85.326	2835.215	-84.453	-171.467	2791.924	-84.453	-409.376	2791.924	-84.453	-506.631	2791.924	0.000	0.000	0.000	73.685	-331.280	2900.657	73.685	-720.642	2900.657	73.685	-1086.895	2900.657	0.000	0.000	0.000	-3.985	-369.339	2748.866	-3.985	-758.701	2748.866	-3.985	-1124.955	2748.866	0.000	0.000	0.000	
00769	1	0.000	0.000	0.000	73.418	202.989	2691.415	62.874	120.883	2769.907	49.953	-175.841	2861.003	13.697	-332.132	2761.629	59.633	46.442	2792.761	207.606	56.089	2820.613	184.005	-175.462	2707.575	134.992	54.971	2690.036	125.189	101.057	2686.528	0.000	0.000	0.000	59.633	46.442	2792.761	-66.006	16.433	2783.938	-197.744	-205.569	2801.556	-197.744	-441.809	2801.556	-197.744	-538.387	2801.556	0.000	0.000	0.000	57.445	-356.293	2877.867	57.445	-742.946	2877.867	57.445	-1106.653	2877.867	0.000	0.000	0.000	-24.035	-403.349	2760.281	-24.035	-790.003	2760.281	-24.035	-1153.709	2760.281	0.000	0.000	0.000	
00770	1	0.000	0.000	0.000	73.920	200.586	2689.819	64.012	120.860	2769.921	49.745	-174.563	2859.921	17.236	-337.240	2771.874	60.433	46.745	2792.500	208.920	57.885	2817.705	345.860	-143.106	2733.125	186.091	24.782	2693.684	154.138	58.359	2685.796	0.000	0.000	0.000	60.433	46.745	2792.500	-66.758	30.956	2815.346	-198.752	-188.552	2788.925	-198.752	-423.643	2788.925	-198.752	-519.754	2788.925	0.000	0.000	0.000	58.947	-365.550	2882.206	58.947	-750.333	2882.206	58.947	-1112.279	2882.206	0.000	0.000	0.000	-20.986	-409.515	2763.285	-20.986	-794.297	2763.285	-20.986	-1156.244	2763.285	0.000	0.000	0.000	
00771	1	0.000	0.000	0.000	74.054	194.792	2687.200	66.368	119.807	2769.933	50.725	-170.431	2863.323	23.271	-335.312	2782.969	62.443	46.992	2793.363	210.106	55.404	2808.406	242.721	-157.080	2672.600	186.619	63.935	2716.145	175.399	108.138	2724.854	0.000	0.000	0.000	62.443	46.992	2793.363	-76.052	60.383	2819.671	-119.090	-188.677	2791.865	-119.090	-420.822	2791.865	-119.090	-515.732	2791.865	0.000	0.000	0.000	63.274	-362.509	2891.158	63.274	-742.481	2891.158	63.274	-1099.903	2891.158	0.000	0.000	0.000	-18.575	-401.914	2766.843	-18.575	-781.886	2766.843	-18.575	-1139.308	2766.843	0.000	0.000	0.000	
00772	1	0.000	0.000	0.000	73.827	191.768	2686.585	67.437	118.687	2769.928	50.787	-167.828	2866.978	29.165	-329.905	2782.497	63.260	46.807	2794.276	213.251	52.855	2803.229	145.416	-126.368	2639.062	171.748	95.392	2695.632	177.014	139.743	2706.946	0.000	0.000	0.000	63.260	46.807	2794.276	-67.254	43.046	2823.235	-117.173	-201.261	2784.565	-117.173	-431.632	2784.565	-117.173	-525.818	2784.565	0.000	0.000	0.000	56.206	-397.366	2836.153	56.206	-774.438	2836.153	56.206	-1129.132	2836.153	0.000	0.000	0.000	-45.498	-335.849	2869.535	-45.498	-712.922	2869.535	-45.498	-1067.616	2869.535	0.000	0.000	0.000	
00775	1	0.000	0.000	0.000	57.764	167.514	2665.640	70.096	113.673	2723.019	42.985	-89.787	2795.369	32.997	-219.446	2771.521	63.295	62.629	2741.170	161.795	53.981	2791.887	299.434	-55.665	2748.402	190.541	36.296	2664.322	168.763	54.688	2647.506	0.000	0.000	0.000	63.295	62.629	2741.170	-22.928	23.930	2720.308	-134.771	-73.134	2824.843	-89.338	45.364	2718.645	-80.252	69.063	2697.405	0.000	0.000	0.000	0.000	0.000	0.000	0.000	-270.873	0.000	0.000	-525.669	0.000	0.000	0.000	0.000	0.000	0.000	0.000	0.000	-270.873	0.000	0.000	-525.669	0.000	0.000	0.000	0.000	
00776	1	0.000	0.000	0.000	93.409	169.557	2642.756	81.704	119.811	2703.843	156.515	-52.631	2813.535	158.545	-171.392	2755.470	100.473	76.549	2731.362	193.333	88.880	2752.907	233.849	-78.047	2695.013	288.212	68.411	2749.590	299.085	97.702	2760.505	0.000	0.000	0.000	100.473	76.549	2731.362	-33.493	104.451	2751.998	-175.068	3.169	2701.437	-49.500	109.989	2715.795	-24.387	131.352	2718.666	0.000	0.000	0.000	123.508	-250.737	2740.607	123.508	-521.610	2740.607	123.508	-776.407	2740.607	0.000	0.000	0.000	95.930	-227.086	2735.188	95.930	-497.959	2735.188	95.930	-752.755	2735.188	0.000	0.000	0.000	
00777	1	0.000	0.000	0.000	92.611	176.063	2632.416	84.482	128.332	2695.652	131.378	-49.907	2811.395	126.422	-166.526	2749.306	96.247	83.616	2724.690	184.760	99.225	2763.154	158.012	-47.426	2660.026	267.051	50.710	2736.598	288.859	70.337	2751.913	0.000	0.000	0.000	96.247	83.616	2724.690	-26.838	105.171	2745.962	-72.010	-69.113	2766.981	-43.716	60.151	2667.615	-38.057	86.004	2647.741	0.000	0.000	0.000	141.164	-241.467	2736.418	141.164	-512.339	2736.418	141.164	-767.134	2736.418	0.000	0.000	0.000	84.386	-232.177	2755.490	84.386	-503.048	2755.490	84.386	-757.844	2755.490	0.000	0.000	0.000	
00778	1	0.000	0.000	0.000	87.535	182.205	2620.535	85.944	137.566	2686.473	103.357	-55.674	2785.054	100.347	-179.734	2739.454	90.313	89.086	2711.205	180.081	102.156	2756.699	284.832	45.412	2893.315	284.135	123.525	2747.436	283.996	139.148	2718.260	0.000	0.000	0.000	90.313	89.086	2711.205	-28.671	101.731	2711.503	-54.659	-57.287	2794.534	-35.001	61.780	2681.313	-31.069	85.594	2658.669	0.000	0.000	0.000	136.380	-246.245	2742.408	136.380	-517.112	2742.408	136.380	-771.903	2742.408	0.000	0.000	0.000	65.057	-245.989	2750.039	65.057	-516.856	2750.039	65.057	-771.647	2750.039	0.000	0.000	0.000	
00779	3	0.000	0.000	0.000	71.626	189.797	2594.100	86.153	148.773	2660.791	55.748	-55.277	2730.025	38.622	-185.898	2719.044	78.525	97.581	2678.161	170.005	60.259	2671.351	135.386	-88.864	2574.326	135.386	-255.570	2574.326	135.386	-323.221	2574.326	0.000	0.000	0.000	78.525	97.581	2678.161	-18.946	101.206	2619.938	-50.491	-37.622	2732.107	-10.319	87.593	2629.647	-2.285	112.636	2609.155	0.000	0.000	0.000	91.500	-266.245	2700.275	91.500	-537.086	2700.275	91.500	-791.852	2700.275	0.000	0.000	0.000	9.441	-286.913	2718.712	9.441	-557.753	2718.712	9.441	-812.520	2718.712	0.000	0.000	0.000	
00780	3	0.000	0.000	0.000	67.352	187.425	2577.815	86.063	152.641	2646.992	41.755	-58.676	2674.614	26.958	-189.565	2663.011	74.947	99.626	2653.922	119.973	133.210	2528.482	87.405	-46.025	2542.349	87.405	-212.528	2542.349	87.405	-280.198	2542.349	0.000	0.000	0.000	74.947	99.626	2653.922	3.071	141.180	2554.510	-39.254	-13.945	2641.243	7.554	121.449	2556.385	16.916	148.528	2539.413	0.000	0.000	0.000	79.079	-273.098	2646.235	79.079	-544.015	2646.235	79.079	-798.854	2646.235	0.000	0.000	0.000	18.672	-296.265	2661.973	18.672	-567.182	2661.973	18.672	-822.021	2661.973	0.000	0.000	0.000	
00781	3	0.000	0.000	0.000	58.259	184.346	2507.699	79.191	156.905	2578.691	62.366	-60.783	2597.629	62.636	-186.668	2554.294	74.970	102.292	2583.442	66.863	195.756	2456.865	66.863	12.326	2456.865	66.863	-154.948	2456.865	66.863	-223.080	2456.865	0.000	0.000	0.000	74.970	102.292	2583.442	-22.048	126.137	2505.843	-16.039	-10.573	2627.994	15.595	92.931	2500.452	28.480	135.088	2448.503	0.000	0.000	0.000	103.939	-267.322	2580.537	103.939	-540.088	2580.537	103.939	-796.665	2580.537	0.000	0.000	0.000	42.569	-273.826	2586.816	42.569	-546.592	2586.816	42.569	-803.169	2586.816	0.000	0.000	0.000	
00782	3	0.000	0.000	0.000	58.696	183.731	2463.042	73.768	158.008	2537.221	71.803	-54.290	2599.390	76.673	-179.147	2549.914	73.275	104.747	2552.818	160.828	113.468	2452.651	160.828	-71.503	2452.651	160.828	-240.220	2452.651	160.828	-308.994	2452.651	0.000	0.000	0.000	73.275	104.747	2552.818	-41.635	106.688	2509.589	-8.962	-2.974	2654.919	-6.907	38.090	2491.288	-6.069	54.828	2424.587	0.000	0.000	0.000	80.113	-265.704	2594.744	80.113	-541.040	2594.744	80.113	-800.036	2594.744	0.000	0.000	0.000	53.013	-272.031	2580.104	53.013	-547.368	2580.104	53.013	-806.364	2580.104	0.000	0.000	0.000	
00783	3	0.000	0.000	0.000	62.711	174.920	2427.154	68.226	158.495	2506.025	72.820	-47.392	2591.247	76.057	-174.138	2543.742	69.379	106.842	2527.406	146.136	86.184	2431.133	146.136	-100.020	2431.133	146.136	-269.892	2431.133	146.136	-339.179	2431.133	0.000	0.000	0.000	69.379	106.842	2527.406	-41.908	93.562	2482.323	-84.140	-84.489	2447.883	15.764	48.048	2411.694	56.513	102.107	2396.933	0.000	0.000	0.000	79.492	-265.271	2588.529	79.492	-542.665	2588.529	79.492	-803.595	2588.529	0.000	0.000	0.000	52.762	-271.763	2574.595	52.762	-549.157	2574.595	52.762	-810.087	2574.595	0.000	0.000	0.000	
00784	3	0.000	0.000	0.000	98.490	226.460	2421.756	71.011	163.127	2465.845	74.454	-55.002	2519.540	72.060	-186.038	2480.187	71.877	108.260	2479.351	161.178	113.846	2547.578	161.178	-74.133	2547.578	161.178	-247.629	2547.578	161.178	-317.656	2547.578	0.000	0.000	0.000	71.877	108.260	2479.351	3.789	83.553	2385.920	-5.325	-53.591	2514.156	33.017	18.811	2361.223	48.493	48.034	2299.495	0.000	0.000	0.000	94.020	-282.982	2514.360	94.020	-563.336	2514.360	94.020	-827.051	2514.360	0.000	0.000	0.000	39.791	-289.946	2490.832	39.791	-570.300	2490.832	39.791	-834.015	2490.832	0.000	0.000	0.000	
00785	3	0.000	0.000	0.000	89.013	233.392	2404.596	77.317	170.498	2456.416	75.024	-51.771	2500.972	70.134	-184.709	2466.778	76.743	114.884	2467.564	166.949	87.825	2506.539	320.781	140.774	2601.962	320.781	-32.920	2601.962	320.781	-103.209	2601.962	0.000	0.000	0.000	76.743	114.884	2467.564	-36.220	104.399	2445.401	90.045	-3.907	2534.286	40.954	-25.432	2369.070	21.088	-34.142	2302.211	0.000	0.000	0.000	91.155	-285.042	2504.769	91.155	-566.448	2504.769	91.155	-831.152	2504.769	0.000	0.000	0.000	39.467	-293.888	2482.981	39.467	-575.294	2482.981	39.467	-839.999	2482.981	0.000	0.000	0.000	
00786	3	0.000	0.000	0.000	59.960	237.632	2397.927	78.839	174.017	2447.661	66.563	-47.897	2501.940	56.561	-182.758	2473.942	75.779	118.698	2461.192	160.262	76.417	2426.120	91.917	-18.195	2276.795	91.917	-192.183	2276.795	91.917	-262.855	2276.795	0.000	0.000	0.000	75.779	118.698	2461.192	-11.822	147.800	2535.484	-11.822	-41.728	2535.484	-11.822	-215.717	2535.484	-11.822	-286.389	2535.484	0.000	0.000	0.000	96.025	-293.264	2489.615	96.025	-576.200	2489.615	96.025	-842.344	2489.615	0.000	0.000	0.000	30.922	-303.121	2487.287	30.922	-586.057	2487.287	30.922	-852.201	2487.287	0.000	0.000	0.000	
00787	3	0.000	0.000	0.000	9.819	194.409	2398.846	78.700	171.688	2439.536	61.909	-51.999	2487.861	51.098	-186.169	2455.637	74.517	115.968	2451.573	165.119	93.187	2383.002	52.528	-18.375	2278.386	52.528	-192.522	2278.386	52.528	-263.352	2278.386	0.000	0.000	0.000	74.517	115.968	2451.573	21.170	180.960	2555.429	21.170	-8.953	2555.429	21.170	-183.100	2555.429	21.170	-253.930	2555.429	0.000	0.000	0.000	91.557	-286.537	2481.543	91.557	-570.106	2481.543	91.557	-836.845	2481.543	0.000	0.000	0.000	28.447	-299.585	2477.221	28.447	-583.153	2477.221	28.447	-849.892	2477.221	0.000	0.000	0.000	
00788	3	0.000	0.000	0.000	26.387	205.017	2371.343	78.555	173.576	2428.303	60.441	-51.024	2477.420	51.796	-184.702	2441.399	74.055	117.785	2440.504	145.227	106.399	2338.501	38.745	-50.738	2324.868	38.745	-225.088	2324.868	38.745	-296.075	2324.868	0.000	0.000	0.000	74.055	117.785	2440.504	46.574	200.625	2551.867	46.574	10.320	2551.867	46.574	-164.031	2551.867	46.574	-235.018	2551.867	0.000	0.000	0.000	91.388	-277.598	2475.658	91.388	-561.797	2475.658	91.388	-829.129	2475.658	0.000	0.000	0.000	29.420	-291.835	2469.299	29.420	-576.034	2469.299	29.420	-843.366	2469.299	0.000	0.000	0.000	
00789	3	0.000	0.000	0.000	81.446	209.104	2331.108	78.486	186.889	2411.896	74.984	-34.046	2481.442	74.080	-172.917	2443.399	77.616	132.001	2429.174	141.705	145.959	2303.667	108.111	-1.581	2420.443	92.886	139.294	2317.935	86.678	196.738	2276.135	0.000	0.000	0.000	77.616	132.001	2429.174	-13.408	93.997	2429.555	-13.408	-97.140	2429.555	-13.408	-272.027	2429.555	-13.408	-343.341	2429.555	0.000	0.000	0.000	96.109	-272.375	2468.901	96.109	-557.882	2468.901	96.109	-826.444	2468.901	0.000	0.000	0.000	49.308	-272.574	2466.606	49.308	-558.081	2466.606	49.308	-826.643	2466.606	0.000	0.000	0.000	
00790	3	0.000	0.000	0.000	90.739	225.136	2331.651	78.778	193.263	2408.508	78.694	-22.719	2493.517	80.268	-164.544	2460.652	78.757	139.585	2429.635	148.604	142.445	2308.026	118.796	-22.131	2401.442	92.989	131.232	2320.752	82.460	193.803	2287.831	0.000	0.000	0.000	78.757	139.585	2429.635	-9.649	130.143	2484.345	-9.649	-61.430	2484.345	-9.649	-236.636	2484.345	-9.649	-308.119	2484.345	0.000	0.000	0.000	96.978	-264.953	2465.964	96.978	-551.135	2465.964	96.978	-820.332	2465.964	0.000	0.000	0.000	56.832	-260.529	2479.119	56.832	-546.711	2479.119	56.832	-815.908	2479.119	0.000	0.000	0.000	
00791	3	0.000	0.000	0.000	94.517	267.659	2356.459	83.811	202.374	2408.990	115.300	11.520	2544.956	126.752	-135.546	2546.030	91.529	155.596	2442.315	208.179	157.501	2389.282	103.775	37.814	2280.634	121.942	191.162	2364.815	129.360	253.775	2399.187	0.000	0.000	0.000	91.529	155.596	2442.315	-13.728	152.950	2485.883	-13.728	-39.480	2485.883	-13.728	-215.355	2485.883	-13.728	-287.165	2485.883	0.000	0.000	0.000	187.376	-235.890	2533.543	187.376	-523.386	2533.543	187.376	-793.818	2533.543	0.000	0.000	0.000	102.350	-254.580	2555.777	102.350	-542.075	2555.777	102.350	-812.508	2555.777	0.000	0.000	0.000	
00792	3	0.000	0.000	0.000	93.775	274.632	2369.913	89.142	203.267	2413.781	123.746	18.621	2556.216	135.587	-129.173	2565.005	97.663	157.800	2448.854	208.609	148.728	2429.391	278.355	-19.824	2491.693	196.603	116.409	2415.665	163.213	172.048	2384.614	0.000	0.000	0.000	97.663	157.800	2448.854	-22.305	154.954	2466.087	-22.305	-37.804	2466.087	-22.305	-213.938	2466.087	-22.305	-285.874	2466.087	0.000	0.000	0.000	197.979	-226.320	2532.903	197.979	-514.317	2532.903	197.979	-785.223	2532.903	0.000	0.000	0.000	104.550	-252.473	2557.408	104.550	-540.471	2557.408	104.550	-811.376	2557.408	0.000	0.000	0.000	
00793	3	0.000	0.000	0.000	93.120	278.061	2375.859	91.760	204.333	2416.445	128.262	21.256	2559.524	141.699	-126.745	2569.254	100.782	159.083	2451.809	191.573	149.597	2483.587	292.052	-15.187	2480.870	221.252	145.587	2465.532	192.330	211.264	2459.267	0.000	0.000	0.000	100.782	159.083	2451.809	-9.512	148.388	2480.325	-9.512	-44.633	2480.325	-9.512	-220.973	2480.325	-9.512	-293.010	2480.325	0.000	0.000	0.000	199.446	-227.370	2547.917	199.446	-515.770	2547.917	199.446	-787.053	2547.917	0.000	0.000	0.000	111.109	-243.666	2563.113	111.109	-532.065	2563.113	111.109	-803.348	2563.113	0.000	0.000	0.000	
00794	3	0.000	0.000	0.000	90.088	274.759	2369.440	86.708	208.195	2421.530	90.938	53.554	2594.678	94.216	-92.105	2608.076	87.769	169.389	2464.979	195.783	147.773	2475.874	306.403	-10.241	2490.657	230.953	138.204	2431.583	200.121	198.865	2407.444	0.000	0.000	0.000	87.769	169.389	2464.979	-22.018	147.264	2476.005	-22.018	-46.188	2476.005	-22.018	-222.875	2476.005	-22.018	-295.076	2476.005	0.000	0.000	0.000	167.916	-158.724	2635.448	167.916	-447.781	2635.448	167.916	-719.682	2635.448	0.000	0.000	0.000	59.323	-183.674	2657.763	59.323	-472.731	2657.763	59.323	-744.632	2657.763	0.000	0.000	0.000	
00795	3	0.000	0.000	0.000	88.635	277.377	2372.769	85.175	215.400	2430.508	77.667	81.360	2620.315	78.077	-65.122	2639.634	83.291	181.766	2478.136	204.881	161.465	2473.077	300.335	-1.895	2514.507	225.959	117.696	2407.481	195.563	166.570	2363.742	0.000	0.000	0.000	83.291	181.766	2478.136	-32.515	160.120	2476.808	-32.515	-33.566	2476.808	-32.515	-210.451	2476.808	-32.515	-282.740	2476.808	0.000	0.000	0.000	161.367	-100.057	2637.991	161.367	-389.469	2637.991	161.367	-661.705	2637.991	0.000	0.000	0.000	1.739	-121.020	2640.404	1.739	-410.432	2640.404	1.739	-682.668	2640.404	0.000	0.000	0.000	
00796	3	0.000	0.000	0.000	83.702	299.024	2379.751	77.350	233.656	2433.969	58.920	99.103	2623.606	58.774	-45.935	2619.632	72.726	199.895	2481.551	204.793	191.820	2465.599	204.793	-2.486	2465.599	204.793	-179.912	2465.599	204.793	-252.434	2465.599	0.000	0.000	0.000	72.726	199.895	2481.551	-52.925	189.339	2441.515	-52.925	-4.967	2441.515	-52.925	-182.393	2441.515	-52.925	-254.915	2441.515	0.000	0.000	0.000	106.498	-101.357	2588.771	106.498	-391.701	2588.771	106.498	-664.813	2588.771	0.000	0.000	0.000	-9.831	-73.891	2582.646	-9.831	-364.235	2582.646	-9.831	-637.347	2582.646	0.000	0.000	0.000	
00797	3	0.000	0.000	0.000	79.526	315.867	2376.980	70.233	246.775	2426.262	73.333	109.553	2615.433	81.792	-32.107	2592.253	71.011	212.345	2473.726	204.325	222.678	2449.877	204.325	27.988	2449.877	204.325	-149.780	2449.877	204.325	-222.446	2449.877	0.000	0.000	0.000	71.011	212.345	2473.726	-43.013	224.760	2502.482	-43.013	30.071	2502.482	-43.013	-147.697	2502.482	-43.013	-220.364	2502.482	0.000	0.000	0.000	167.592	-26.246	2590.692	167.592	-317.167	2590.692	167.592	-590.821	2590.692	0.000	0.000	0.000	141.731	-79.476	2580.153	141.731	-370.396	2580.153	141.731	-644.051	2580.153	0.000	0.000	0.000	
00799	3	0.000	0.000	0.000	92.212	418.592	2350.338	84.635	316.092	2402.994	87.875	84.272	2597.764	86.419	-99.634	2601.295	85.448	257.933	2451.857	237.665	245.320	2489.481	326.917	13.468	2532.865	211.732	197.441	2440.220	188.695	234.236	2421.691	0.000	0.000	0.000	85.448	257.933	2451.857	-66.010	221.230	2467.909	-112.824	2.606	2584.595	-112.824	-233.395	2584.595	-112.824	-327.529	2584.595	0.000	0.000	0.000	114.790	-209.932	2617.219	114.790	-586.798	2617.219	114.790	-941.297	2617.219	0.000	0.000	0.000	20.631	-190.185	2580.661	20.631	-567.050	2580.661	20.631	-921.549	2580.661	0.000	0.000	0.000	
00800	3	0.000	0.000	0.000	98.698	446.034	2359.990	96.519	344.227	2414.109	116.651	101.810	2594.421	138.216	-68.421	2528.150	101.570	283.409	2459.345	261.912	275.136	2459.250	340.030	39.159	2501.844	224.599	221.210	2411.001	178.148	294.469	2374.444	0.000	0.000	0.000	101.570	283.409	2459.345	-64.925	270.879	2466.285	-111.846	23.162	2472.311	-111.846	-210.760	2472.311	-111.846	-304.893	2472.311	0.000	0.000	0.000	193.151	-89.208	2556.374	193.151	-466.069	2556.374	193.151	-820.564	2556.374	0.000	0.000	0.000	40.992	-61.416	2539.771	40.992	-438.277	2539.771	40.992	-792.771	2539.771	0.000	0.000	0.000	
00801	3	0.000	0.000	0.000	108.194	466.151	2364.451	104.150	365.637	2417.418	116.723	126.664	2602.908	132.058	-53.156	2567.400	107.304	305.683	2463.953	263.206	292.474	2456.842	329.154	53.667	2503.919	329.154	-178.912	2503.919	329.154	-273.039	2503.919	0.000	0.000	0.000	107.304	305.683	2463.953	-54.467	291.324	2456.458	-119.500	66.760	2550.988	-119.500	-165.819	2550.988	-119.500	-259.946	2550.988	0.000	0.000	0.000	233.567	-11.591	2602.455	233.567	-388.429	2602.455	233.567	-742.902	2602.455	0.000	0.000	0.000	43.268	-47.612	2631.289	43.268	-424.450	2631.289	43.268	-778.923	2631.289	0.000	0.000	0.000	
00802	3	0.000	0.000	0.000	111.691	473.747	2361.166	107.377	375.838	2417.626	118.114	135.186	2593.872	132.066	-45.907	2564.929	110.109	314.599	2462.475	267.715	311.123	2454.435	343.674	75.600	2502.860	343.674	-156.492	2502.860	343.674	-250.613	2502.860	0.000	0.000	0.000	110.109	314.599	2462.475	-46.412	300.338	2461.218	-121.673	71.079	2534.445	-121.673	-161.013	2534.445	-121.673	-255.134	2534.445	0.000	0.000	0.000	233.360	-40.385	2553.013	233.360	-417.199	2553.013	233.360	-771.650	2553.013	0.000	0.000	0.000	59.231	-88.752	2537.169	59.231	-465.566	2537.169	59.231	-820.017	2537.169	0.000	0.000	0.000	
00803	2	0.000	0.000	0.000	197.100	521.715	2350.614	189.778	433.956	2417.675	224.244	178.414	2572.428	229.972	7.084	2507.425	198.455	369.619	2456.637	332.981	354.882	2434.771	407.270	125.919	2507.158	407.270	-103.756	2507.158	407.270	-197.578	2507.158	0.000	0.000	0.000	198.455	369.619	2456.637	62.487	337.633	2457.311	-14.402	101.385	2495.491	22.614	307.995	2402.258	37.735	392.395	2364.172	0.000	0.000	0.000	318.631	-8.803	2528.019	318.631	-384.421	2528.019	318.631	-737.747	2528.019	0.000	0.000	0.000	146.310	-17.454	2509.075	146.310	-393.072	2509.075	146.310	-746.398	2509.075	0.000	0.000	0.000	
00804	2	0.000	0.000	0.000	228.546	523.834	2334.026	227.517	432.883	2396.028	235.699	180.540	2558.490	241.538	18.213	2475.074	229.572	369.502	2436.833	363.697	343.282	2424.712	431.522	102.344	2429.569	431.522	-126.269	2429.569	431.522	-219.713	2429.569	0.000	0.000	0.000	229.572	369.502	2436.833	96.889	348.815	2453.170	10.603	114.454	2470.619	59.917	326.620	2401.208	69.780	369.053	2387.326	0.000	0.000	0.000	339.097	41.307	2517.659	339.097	-332.798	2517.659	339.097	-684.700	2517.659	0.000	0.000	0.000	181.989	-10.168	2507.604	181.989	-384.273	2507.604	181.989	-736.174	2507.604	0.000	0.000	0.000	
00805	2	0.000	0.000	0.000	228.667	521.852	2327.251	231.538	432.849	2391.726	246.542	184.572	2559.392	249.413	20.855	2479.039	235.306	370.504	2433.829	366.516	341.453	2419.105	439.018	102.789	2436.950	439.018	-125.555	2436.950	439.018	-218.895	2436.950	0.000	0.000	0.000	235.306	370.504	2433.829	99.976	353.016	2452.059	22.916	119.921	2499.635	64.103	321.290	2400.159	72.340	361.564	2380.264	0.000	0.000	0.000	344.688	42.527	2528.123	344.688	-331.160	2528.123	344.688	-682.669	2528.123	0.000	0.000	0.000	155.590	32.562	2507.706	155.590	-341.125	2507.706	155.590	-692.634	2507.706	0.000	0.000	0.000	
00806	2	0.000	0.000	0.000	228.510	519.075	2324.946	233.509	432.764	2392.615	263.075	184.864	2558.319	265.039	14.370	2494.191	240.932	370.525	2434.217	368.594	339.331	2406.431	452.286	106.209	2438.500	452.286	-121.839	2438.500	452.286	-215.062	2438.500	0.000	0.000	0.000	240.932	370.525	2434.217	102.806	351.431	2451.523	26.004	125.783	2526.110	68.953	310.862	2399.986	77.542	347.878	2374.761	0.000	0.000	0.000	358.584	31.960	2523.377	358.584	-341.259	2523.377	358.584	-692.328	2523.377	0.000	0.000	0.000	176.691	21.361	2509.467	176.691	-351.858	2509.467	176.691	-702.927	2509.467	0.000	0.000	0.000	
00807	2	0.000	0.000	0.000	228.824	514.845	2321.177	236.017	432.547	2392.965	272.291	190.656	2564.648	279.221	21.421	2499.079	245.122	371.833	2436.057	369.292	337.706	2401.642	449.800	105.080	2439.224	449.800	-122.277	2439.224	449.800	-215.223	2439.224	0.000	0.000	0.000	245.122	371.833	2436.057	104.381	354.025	2450.744	25.156	123.214	2500.326	86.566	307.297	2381.864	111.671	382.552	2333.436	0.000	0.000	0.000	371.836	40.187	2514.998	371.836	-331.925	2514.998	371.836	-681.952	2514.998	0.000	0.000	0.000	184.776	34.462	2510.915	184.776	-337.650	2510.915	184.776	-687.677	2510.915	0.000	0.000	0.000	
00808	2	0.000	0.000	0.000	228.881	513.177	2318.625	236.541	432.506	2391.896	267.394	190.294	2563.331	274.149	19.384	2503.184	244.285	371.717	2434.922	369.209	337.384	2399.047	450.147	105.557	2437.763	450.147	-121.399	2437.763	450.147	-214.184	2437.763	0.000	0.000	0.000	244.285	371.717	2434.922	103.605	353.824	2445.160	24.626	124.106	2497.940	82.499	309.421	2380.390	106.159	385.182	2332.332	0.000	0.000	0.000	372.588	46.708	2509.597	372.588	-324.757	2509.597	372.588	-674.176	2509.597	0.000	0.000	0.000	175.732	34.913	2508.987	175.732	-336.552	2508.987	175.732	-685.970	2508.987	0.000	0.000	0.000	
00809	2	0.000	0.000	0.000	224.942	506.350	2307.351	229.756	426.906	2381.534	229.102	171.708	2533.832	251.473	43.895	2408.238	229.592	362.867	2419.752	364.755	337.126	2390.037	450.699	106.909	2420.252	450.699	-119.130	2420.252	450.699	-211.543	2420.252	0.000	0.000	0.000	229.592	362.867	2419.752	93.324	346.503	2417.301	21.524	118.500	2481.788	84.830	294.487	2354.845	110.712	366.437	2302.947	0.000	0.000	0.000	343.743	129.855	2497.447	343.743	-240.121	2497.447	343.743	-588.140	2497.447	0.000	0.000	0.000	130.990	112.163	2510.214	130.990	-257.813	2510.214	130.990	-605.832	2510.214	0.000	0.000	0.000	
00810	2	0.000	0.000	0.000	221.645	502.050	2298.648	224.040	426.295	2376.357	217.553	180.360	2541.894	238.387	55.952	2413.244	222.412	364.583	2417.895	358.967	336.755	2382.030	450.621	108.683	2406.593	450.621	-116.839	2406.593	450.621	-209.042	2406.593	0.000	0.000	0.000	222.412	364.583	2417.895	91.294	341.640	2414.663	21.193	114.876	2483.106	74.304	299.698	2365.292	96.017	375.261	2317.125	0.000	0.000	0.000	333.920	123.730	2489.412	333.920	-245.404	2489.412	333.920	-592.631	2489.412	0.000	0.000	0.000	119.579	124.212	2507.334	119.579	-244.922	2507.334	119.579	-592.149	2507.334	0.000	0.000	0.000	
00811	2	0.000	0.000	0.000	217.630	499.091	2292.091	220.622	426.407	2372.295	206.070	187.728	2546.434	227.249	51.280	2431.385	216.971	366.518	2415.990	354.268	335.881	2380.907	448.402	108.427	2392.073	448.402	-116.538	2392.073	448.402	-208.514	2392.073	0.000	0.000	0.000	216.971	366.518	2415.990	87.697	343.846	2412.850	22.492	115.500	2478.634	62.353	312.210	2377.018	78.650	392.634	2335.473	0.000	0.000	0.000	325.342	110.040	2479.618	325.342	-258.188	2479.618	325.342	-604.561	2479.618	0.000	0.000	0.000	110.110	101.442	2488.156	110.110	-266.786	2488.156	110.110	-613.160	2488.156	0.000	0.000	0.000	
00812	2	0.000	0.000	0.000	195.270	492.913	2277.636	211.085	417.754	2353.114	218.018	169.378	2510.658	226.905	21.903	2410.046	212.824	355.435	2392.643	328.056	305.906	2354.471	420.385	80.202	2378.802	420.385	-143.530	2378.802	420.385	-235.003	2378.802	0.000	0.000	0.000	212.824	355.435	2392.643	78.342	337.860	2399.917	20.892	101.055	2426.023	30.437	316.521	2366.531	34.339	404.614	2342.208	0.000	0.000	0.000	330.279	84.386	2458.709	330.279	-281.828	2458.709	330.279	-626.307	2458.709	0.000	0.000	0.000	115.269	80.967	2454.612	115.269	-285.246	2454.612	115.269	-629.725	2454.612	0.000	0.000	0.000	
