03327	4	0.000	0.000	0.000	-106.804	162.378	2525.698	-126.684	99.290	2444.320	-305.658	-116.645	2389.584	-242.732	-217.492	2515.510	-171.706	44.971	2430.551	9.709	130.983	2536.113	9.709	-109.070	2536.113	9.709	-327.624	2536.113	9.709	-416.698	2536.113	0.000	0.000	0.000	-171.706	44.971	2430.551	22.702	109.401	2519.253	-160.137	44.102	2378.074	-320.916	141.538	2266.618	-386.443	181.248	2221.193	0.000	0.000	0.000	-213.824	-270.310	2498.411	-213.824	-626.919	2498.411	-213.824	-962.365	2498.411	0.000	0.000	0.000	-247.386	-284.567	2488.944	-247.386	-641.177	2488.944	-247.386	-976.622	2488.944	0.000	0.000	0.000	
03328	4	0.000	0.000	0.000	-133.991	120.949	2530.515	-162.615	64.761	2444.891	-308.209	-184.950	2422.380	-190.469	-288.016	2502.485	-199.219	1.981	2439.232	-36.519	86.294	2558.683	-36.519	-156.828	2558.683	-36.519	-378.302	2558.683	-36.519	-468.626	2558.683	0.000	0.000	0.000	-199.219	1.981	2439.232	-9.106	94.924	2514.445	-9.106	-148.197	2514.445	-9.106	-369.672	2514.445	-9.106	-459.996	2514.445	0.000	0.000	0.000	-208.068	-324.970	2487.149	-208.068	-686.587	2487.149	-208.068	-1026.742	2487.149	0.000	0.000	0.000	-239.622	-336.642	2478.031	-239.622	-698.259	2478.031	-239.622	-1038.413	2478.031	0.000	0.000	0.000	
03329	4	0.000	0.000	0.000	-164.270	27.399	2534.261	-206.083	-3.885	2438.048	-282.723	-289.025	2483.430	-218.791	-436.528	2399.710	-225.335	-75.515	2449.448	-275.353	-143.953	2519.491	-275.353	-393.810	2519.491	-275.353	-621.604	2519.491	-275.353	-714.595	2519.491	0.000	0.000	0.000	-225.335	-75.515	2449.448	-301.124	-105.087	2329.531	-301.124	-354.944	2329.531	-301.124	-582.738	2329.531	-301.124	-675.729	2329.531	0.000	0.000	0.000	-202.177	-496.495	2449.764	-202.177	-868.784	2449.764	-202.177	-1218.978	2449.764	0.000	0.000	0.000	-227.569	-503.474	2442.009	-227.569	-875.764	2442.009	-227.569	-1225.958	2442.009	0.000	0.000	0.000	
03331	4	0.000	0.000	0.000	-75.372	-31.489	2558.401	-131.689	-107.673	2453.721	0.000	0.000	0.000	0.000	0.000	0.000	-162.346	-161.914	2468.200	-228.513	-200.087	2560.898	0.000	0.000	0.000	-19.835	-12.326	240.578	-23.802	-14.791	288.693	0.000	0.000	0.000	-162.346	-161.914	2468.200	-247.784	-192.751	2360.522	-247.784	-457.518	2360.522	-247.784	-699.226	2360.522	-247.784	-798.052	2360.522	0.000	0.000	0.000	0.000	0.000	0.000	0.000	-395.649	0.000	0.000	-767.817	0.000	0.000	0.000	0.000	0.000	0.000	0.000	0.000	-395.649	0.000	0.000	-767.817	0.000	0.000	0.000	0.000	
03332	4	0.000	0.000	0.000	-148.838	-104.006	2436.453	-159.249	-155.689	2408.641	-345.299	-543.565	2497.000	0.000	0.000	0.000	-205.647	-216.856	2395.098	-262.486	-245.909	2512.370	0.000	0.000	0.000	-16.038	-15.704	240.662	-19.245	-18.845	288.794	0.000	0.000	0.000	-205.647	-216.856	2395.098	-263.891	-222.226	2289.560	-263.891	-486.990	2289.560	-263.891	-728.697	2289.560	-263.891	-827.522	2289.560	0.000	0.000	0.000	0.000	0.000	0.000	0.000	-395.646	0.000	0.000	-767.810	0.000	0.000	0.000	0.000	0.000	0.000	0.000	0.000	-395.646	0.000	0.000	-767.810	0.000	0.000	0.000	0.000	
03333	4	0.000	0.000	0.000	-168.434	-142.976	2374.820	-173.774	-185.660	2379.084	-345.299	-543.565	2497.000	0.000	0.000	0.000	-223.250	-248.320	2357.033	-251.529	-272.947	2505.698	0.000	0.000	0.000	-14.418	-16.319	240.717	-17.301	-19.583	288.860	0.000	0.000	0.000	-223.250	-248.320	2357.033	-276.119	-253.099	2257.951	-276.119	-517.857	2257.951	-276.119	-759.557	2257.951	-276.119	-858.379	2257.951	0.000	0.000	0.000	0.000	0.000	0.000	0.000	-395.635	0.000	0.000	-767.790	0.000	0.000	0.000	0.000	0.000	0.000	0.000	0.000	-395.635	0.000	0.000	-767.790	0.000	0.000	0.000	0.000	
03334	4	0.000	0.000	0.000	-96.997	-151.358	2365.125	-147.190	-198.306	2345.367	-345.299	-543.565	2497.000	0.000	0.000	0.000	-180.722	-260.629	2363.570	-178.939	-248.785	2506.207	0.000	0.000	0.000	-4.040	-14.367	241.171	-4.848	-17.240	289.405	0.000	0.000	0.000	-180.722	-260.629	2363.570	-234.312	-270.913	2216.668	-234.312	-535.597	2216.668	-234.312	-777.229	2216.668	-234.312	-876.023	2216.668	0.000	0.000	0.000	0.000	0.000	0.000	0.000	-395.524	0.000	0.000	-767.574	0.000	0.000	0.000	0.000	0.000	0.000	0.000	0.000	-395.524	0.000	0.000	-767.574	0.000	0.000	0.000	0.000	
03335	4	0.000	0.000	0.000	-35.651	-147.543	2392.789	-120.852	-198.761	2332.506	-186.665	-429.230	2541.029	-161.598	-573.367	2666.899	-137.363	-256.581	2384.820	-159.003	-247.408	2492.160	-159.003	-512.012	2492.160	-159.003	-753.572	2492.160	-159.003	-852.337	2492.160	0.000	0.000	0.000	-137.363	-256.581	2384.820	-205.879	-272.645	2203.576	-205.879	-537.250	2203.576	-205.879	-778.810	2203.576	-205.879	-877.574	2203.576	0.000	0.000	0.000	0.000	0.000	0.000	0.000	-395.406	0.000	0.000	-767.344	0.000	0.000	0.000	0.000	-127.381	-723.046	2898.273	-127.381	-1118.452	2898.273	-127.381	-1490.390	2898.273	0.000	0.000	0.000	
03336	4	0.000	0.000	0.000	3.131	-136.986	2397.970	-68.694	-188.572	2320.372	-95.351	-411.051	2545.181	-81.592	-447.543	2356.346	-75.382	-244.387	2376.772	-146.035	-264.879	2448.825	-146.035	-529.243	2448.825	-146.035	-770.585	2448.825	-146.035	-869.260	2448.825	0.000	0.000	0.000	-75.382	-244.387	2376.772	-162.421	-257.760	2198.994	-162.421	-522.124	2198.994	-162.421	-763.466	2198.994	-162.421	-862.141	2198.994	0.000	0.000	0.000	0.000	0.000	0.000	0.000	-395.048	0.000	0.000	-766.650	0.000	0.000	0.000	0.000	-95.021	-412.240	2387.647	-95.021	-807.288	2387.647	-95.021	-1178.890	2387.647	0.000	0.000	0.000	
03337	4	0.000	0.000	0.000	17.893	-117.703	2390.615	-46.586	-181.709	2316.449	-87.636	-403.984	2539.011	-79.261	-446.314	2351.200	-56.885	-237.473	2372.286	-121.223	-265.516	2441.325	-121.223	-529.722	2441.325	-121.223	-770.918	2441.325	-121.223	-869.534	2441.325	0.000	0.000	0.000	-56.885	-237.473	2372.286	-144.357	-250.054	2198.305	-144.357	-514.259	2198.305	-144.357	-755.455	2198.305	-144.357	-854.071	2198.305	0.000	0.000	0.000	0.000	0.000	0.000	0.000	-394.810	0.000	0.000	-766.188	0.000	0.000	0.000	0.000	-95.014	-412.259	2387.609	-95.014	-807.068	2387.609	-95.014	-1178.447	2387.609	0.000	0.000	0.000	
03338	4	0.000	0.000	0.000	35.915	-104.334	2390.298	-20.019	-167.640	2309.408	-76.736	-390.306	2527.778	-76.314	-444.169	2342.897	-34.248	-223.503	2364.192	-80.700	-250.422	2441.043	-80.700	-514.440	2441.043	-80.700	-755.465	2441.043	-80.700	-854.011	2441.043	0.000	0.000	0.000	-34.248	-223.503	2364.192	-116.721	-235.280	2191.354	-116.721	-499.298	2191.354	-116.721	-740.322	2191.354	-116.721	-838.868	2191.354	0.000	0.000	0.000	0.000	0.000	0.000	0.000	-394.530	0.000	0.000	-765.645	0.000	0.000	0.000	0.000	-95.005	-412.281	2387.562	-95.005	-806.810	2387.562	-95.005	-1177.925	2387.562	0.000	0.000	0.000	
03340	4	0.000	0.000	0.000	59.723	-65.705	2336.791	23.171	-136.056	2287.503	0.000	0.000	0.000	0.000	0.000	0.000	-6.188	-184.461	2308.035	-82.672	-231.991	2439.148	-82.672	-552.797	2439.148	-82.672	-845.664	2439.148	-82.672	-965.406	2439.148	0.000	0.000	0.000	-6.188	-184.461	2308.035	-114.107	-225.524	2158.847	-114.107	-546.331	2158.847	-114.107	-839.198	2158.847	-114.107	-958.940	2158.847	0.000	0.000	0.000	0.000	0.000	0.000	0.000	-479.390	0.000	0.000	-930.329	0.000	0.000	0.000	0.000	0.000	0.000	0.000	0.000	-479.390	0.000	0.000	-930.329	0.000	0.000	0.000	0.000	
03341	4	0.000	0.000	0.000	66.998	-58.553	2352.869	32.102	-131.595	2295.751	0.000	0.000	0.000	0.000	0.000	0.000	1.461	-180.518	2316.956	-71.770	-221.931	2454.247	-71.770	-542.753	2454.247	-71.770	-835.635	2454.247	-71.770	-955.383	2454.247	0.000	0.000	0.000	1.461	-180.518	2316.956	-117.299	-223.227	2180.192	-117.299	-544.049	2180.192	-117.299	-836.931	2180.192	-117.299	-956.679	2180.192	0.000	0.000	0.000	0.000	0.000	0.000	0.000	-479.414	0.000	0.000	-930.375	0.000	0.000	0.000	0.000	0.000	0.000	0.000	0.000	-479.414	0.000	0.000	-930.375	0.000	0.000	0.000	0.000	
03342	4	0.000	0.000	0.000	72.129	-31.258	2357.159	35.844	-113.236	2303.091	0.000	0.000	0.000	0.000	0.000	0.000	3.140	-164.762	2318.597	-70.913	-207.919	2463.719	-70.913	-520.884	2463.719	-70.913	-806.593	2463.719	-70.913	-923.409	2463.719	0.000	0.000	0.000	3.140	-164.762	2318.597	-111.895	-190.828	2167.754	-111.895	-503.793	2167.754	-111.895	-789.502	2167.754	-111.895	-906.318	2167.754	0.000	0.000	0.000	0.000	0.000	0.000	0.000	-467.673	0.000	0.000	-907.590	0.000	0.000	0.000	0.000	0.000	0.000	0.000	0.000	-467.673	0.000	0.000	-907.590	0.000	0.000	0.000	0.000	
03346	4	0.000	0.000	0.000	50.876	30.432	2324.507	-0.258	-36.471	2308.142	0.000	0.000	0.000	0.000	0.000	0.000	-35.575	-87.624	2339.265	-89.791	-123.426	2483.807	-89.791	-461.076	2483.807	-89.791	-769.321	2483.807	-89.791	-895.351	2483.807	0.000	0.000	0.000	-35.575	-87.624	2339.265	-141.151	-127.750	2173.040	-141.151	-465.401	2173.040	-141.151	-773.645	2173.040	-141.151	-899.675	2173.040	0.000	0.000	0.000	0.000	0.000	0.000	0.000	-504.561	0.000	0.000	-979.176	0.000	0.000	0.000	0.000	0.000	0.000	0.000	0.000	-504.561	0.000	0.000	-979.176	0.000	0.000	0.000	0.000	
03347	4	0.000	0.000	0.000	49.614	46.189	2330.427	-4.623	-23.351	2313.743	0.000	0.000	0.000	0.000	0.000	0.000	-37.634	-75.810	2359.088	-98.794	-106.291	2493.374	-98.794	-444.378	2493.374	-98.794	-753.021	2493.374	-98.794	-879.213	2493.374	0.000	0.000	0.000	-37.634	-75.810	2359.088	-148.384	-121.739	2180.823	-148.384	-459.826	2180.823	-148.384	-768.469	2180.823	-148.384	-894.661	2180.823	0.000	0.000	0.000	0.000	0.000	0.000	0.000	-505.213	0.000	0.000	-980.442	0.000	0.000	0.000	0.000	0.000	0.000	0.000	0.000	-505.213	0.000	0.000	-980.442	0.000	0.000	0.000	0.000	
03350	4	0.000	0.000	0.000	32.277	78.185	2399.641	59.088	6.441	2385.383	49.981	-128.522	2541.775	42.060	-247.528	2581.195	56.803	-27.418	2424.618	131.297	-1.877	2484.826	249.261	-110.976	2546.814	148.539	-3.472	2482.910	128.395	18.029	2470.129	0.000	0.000	0.000	56.803	-27.418	2424.618	10.114	-37.072	2489.693	-86.618	-116.222	2608.178	-86.618	-276.801	2608.178	-86.618	-341.084	2608.178	0.000	0.000	0.000	64.559	-418.351	2651.047	64.559	-675.708	2651.047	64.559	-917.791	2651.047	0.000	0.000	0.000	5.508	-421.186	2645.615	5.508	-678.542	2645.615	5.508	-920.625	2645.615	0.000	0.000	0.000	
03351	4	0.000	0.000	0.000	29.683	121.358	2395.058	42.887	41.411	2392.835	100.337	-88.100	2560.869	105.780	-221.007	2572.460	57.300	8.919	2434.991	128.049	35.844	2486.794	237.484	-104.618	2530.178	128.490	0.059	2453.924	106.691	20.995	2438.673	0.000	0.000	0.000	57.300	8.919	2434.991	-41.854	94.303	2314.520	-41.854	-88.966	2314.520	-41.854	-258.235	2314.520	-41.854	-326.564	2314.520	0.000	0.000	0.000	125.804	-322.731	2588.502	125.804	-596.289	2588.502	125.804	-853.611	2588.502	0.000	0.000	0.000	64.043	-306.586	2605.118	64.043	-580.144	2605.118	64.043	-837.466	2605.118	0.000	0.000	0.000	
03352	4	0.000	0.000	0.000	25.012	139.529	2409.323	36.907	50.563	2400.577	86.614	-91.618	2593.888	109.436	-224.815	2656.343	49.377	14.893	2449.075	127.665	14.990	2493.533	257.400	-135.155	2542.041	143.733	-7.179	2464.162	120.999	18.416	2448.586	0.000	0.000	0.000	49.377	14.893	2449.075	-27.652	-7.960	2503.292	-27.652	-212.234	2503.292	-27.652	-400.286	2503.292	-27.652	-476.471	2503.292	0.000	0.000	0.000	145.451	-281.035	2760.807	145.451	-586.042	2760.807	145.451	-872.947	2760.807	0.000	0.000	0.000	101.137	-279.938	2763.572	101.137	-584.944	2763.572	101.137	-871.849	2763.572	0.000	0.000	0.000	
03353	4	0.000	0.000	0.000	18.687	144.180	2438.429	33.632	52.871	2408.612	58.607	-118.317	2608.741	82.169	-262.416	2675.868	39.898	9.923	2458.820	131.978	12.274	2501.855	267.632	-153.365	2554.443	150.992	-8.174	2474.896	127.664	20.865	2458.986	0.000	0.000	0.000	39.898	9.923	2458.820	-20.510	-10.919	2522.689	-20.510	-231.382	2522.689	-20.510	-433.900	2522.689	-20.510	-516.139	2522.689	0.000	0.000	0.000	136.353	-367.537	2787.728	136.353	-696.785	2787.728	136.353	-1006.492	2787.728	0.000	0.000	0.000	84.587	-372.269	2796.078	84.587	-701.517	2796.078	84.587	-1011.225	2796.078	0.000	0.000	0.000	
03354	4	0.000	0.000	0.000	-6.444	132.201	2482.535	28.335	51.732	2434.406	20.397	-138.218	2629.730	21.692	-295.132	2682.594	26.343	4.078	2483.409	134.854	20.709	2537.246	231.320	-184.770	2544.352	131.345	-11.816	2485.953	111.350	22.775	2474.273	0.000	0.000	0.000	26.343	4.078	2483.409	-49.006	2.844	2554.877	-49.006	-224.263	2554.877	-49.006	-432.395	2554.877	-49.006	-517.132	2554.877	0.000	0.000	0.000	81.261	-452.219	2771.982	81.261	-791.466	2771.982	81.261	-1110.578	2771.982	0.000	0.000	0.000	21.775	-457.054	2794.951	21.775	-796.301	2794.951	21.775	-1115.414	2794.951	0.000	0.000	0.000	
03355	4	0.000	0.000	0.000	-13.242	136.702	2481.653	26.189	50.467	2451.448	7.090	-133.499	2650.037	0.309	-290.686	2699.280	21.397	4.314	2501.270	142.798	6.995	2542.493	256.876	-188.103	2548.996	137.227	-28.009	2494.934	113.297	4.010	2484.121	0.000	0.000	0.000	21.397	4.314	2501.270	-60.588	-1.147	2567.992	-60.588	-227.243	2567.992	-60.588	-434.290	2567.992	-60.588	-518.656	2567.992	0.000	0.000	0.000	43.942	-472.849	2717.358	43.942	-810.610	2717.358	43.942	-1128.325	2717.358	0.000	0.000	0.000	-11.748	-486.864	2739.891	-11.748	-824.625	2739.891	-11.748	-1142.340	2739.891	0.000	0.000	0.000	
03356	4	0.000	0.000	0.000	-6.251	140.938	2463.431	24.975	48.473	2477.363	11.757	-128.163	2679.857	3.046	-289.772	2702.607	21.659	4.159	2528.164	153.249	4.877	2555.752	231.108	-201.741	2594.176	134.319	-36.002	2522.119	114.962	-2.854	2507.707	0.000	0.000	0.000	21.659	4.159	2528.164	-59.755	-2.864	2598.544	-59.755	-226.983	2598.544	-59.755	-431.994	2598.544	-59.755	-515.632	2598.544	0.000	0.000	0.000	57.116	-409.615	2686.558	57.116	-744.458	2686.558	57.116	-1059.428	2686.558	0.000	0.000	0.000	-11.361	-431.208	2714.571	-11.361	-766.051	2714.571	-11.361	-1081.021	2714.571	0.000	0.000	0.000	
03357	4	0.000	0.000	0.000	-2.605	139.950	2464.550	24.366	48.113	2486.918	7.744	-129.227	2686.689	1.905	-291.247	2698.988	20.196	3.622	2537.036	126.469	5.275	2597.494	252.064	-178.923	2595.117	132.993	-32.425	2518.164	109.178	-3.126	2502.774	0.000	0.000	0.000	20.196	3.622	2537.036	-66.029	-1.588	2604.587	-221.808	-147.964	2541.219	-221.808	-351.830	2541.219	-221.808	-435.036	2541.219	0.000	0.000	0.000	57.321	-399.670	2697.912	57.321	-732.785	2697.912	57.321	-1046.130	2697.912	0.000	0.000	0.000	-32.797	-410.950	2717.527	-32.797	-744.065	2717.527	-32.797	-1057.410	2717.527	0.000	0.000	0.000	
03358	4	0.000	0.000	0.000	-0.944	140.316	2466.852	24.007	48.001	2493.677	16.919	-131.062	2684.957	13.225	-292.423	2693.419	22.203	2.421	2542.367	116.220	11.806	2614.540	243.944	-167.507	2589.852	132.088	-16.780	2513.848	109.717	13.365	2498.647	0.000	0.000	0.000	22.203	2.421	2542.367	-57.916	-2.648	2616.740	-57.916	-224.180	2616.740	-57.916	-426.682	2616.740	-57.916	-509.359	2616.740	0.000	0.000	0.000	68.653	-392.455	2681.218	68.653	-723.455	2681.218	68.653	-1034.810	2681.218	0.000	0.000	0.000	-8.255	-407.719	2713.440	-8.255	-738.719	2713.440	-8.255	-1050.074	2713.440	0.000	0.000	0.000	
03359	4	0.000	0.000	0.000	6.873	143.357	2482.820	23.766	47.965	2503.371	38.184	-129.041	2685.907	45.684	-288.401	2690.690	27.491	2.236	2550.529	164.757	-12.818	2528.146	244.453	-201.938	2602.992	143.623	-48.827	2524.077	123.458	-18.205	2508.294	0.000	0.000	0.000	27.491	2.236	2550.529	-76.729	-6.563	2608.796	-76.729	-225.012	2608.796	-76.729	-424.604	2608.796	-76.729	-506.134	2608.796	0.000	0.000	0.000	118.159	-372.604	2676.558	118.159	-699.011	2676.558	118.159	-1006.047	2676.558	0.000	0.000	0.000	81.016	-394.973	2721.847	81.016	-721.381	2721.847	81.016	-1028.416	2721.847	0.000	0.000	0.000	
03360	4	0.000	0.000	0.000	15.879	148.195	2493.851	30.166	51.124	2504.942	45.251	-128.497	2685.139	52.304	-287.434	2688.829	34.040	4.988	2551.226	166.142	-10.514	2462.532	166.142	-227.866	2462.532	166.142	-426.423	2462.532	166.142	-507.546	2462.532	0.000	0.000	0.000	34.040	4.988	2551.226	-56.163	1.907	2624.158	-56.163	-215.445	2624.158	-56.163	-414.003	2624.158	-56.163	-495.125	2624.158	0.000	0.000	0.000	95.068	-399.235	2685.622	95.068	-724.009	2685.622	95.068	-1029.508	2685.622	0.000	0.000	0.000	1.866	-392.578	2702.451	1.866	-717.352	2702.451	1.866	-1022.851	2702.451	0.000	0.000	0.000	
03361	4	0.000	0.000	0.000	19.487	155.987	2511.005	26.001	56.794	2516.032	2.661	-111.898	2699.825	-1.872	-269.644	2719.340	19.947	13.038	2563.705	160.692	12.050	2581.739	160.692	-203.723	2581.739	160.692	-400.791	2581.739	160.692	-481.326	2581.739	0.000	0.000	0.000	19.947	13.038	2563.705	-65.486	8.797	2633.451	-65.486	-206.976	2633.451	-65.486	-404.044	2633.451	-65.486	-484.579	2633.451	0.000	0.000	0.000	57.945	-387.610	2722.760	57.945	-710.032	2722.760	57.945	-1013.319	2722.760	0.000	0.000	0.000	-21.999	-404.854	2749.125	-21.999	-727.276	2749.125	-21.999	-1030.563	2749.125	0.000	0.000	0.000	
03362	4	0.000	0.000	0.000	18.160	160.029	2516.626	24.186	61.949	2520.759	-1.516	-106.244	2704.265	-10.469	-264.012	2726.510	17.527	18.377	2568.298	157.093	12.708	2590.915	157.093	-202.527	2590.915	157.093	-399.087	2590.915	157.093	-479.421	2590.915	0.000	0.000	0.000	17.527	18.377	2568.298	-69.279	9.868	2637.218	-69.279	-205.368	2637.218	-69.279	-401.927	2637.218	-69.279	-482.262	2637.218	0.000	0.000	0.000	46.792	-388.234	2727.198	46.792	-709.856	2727.198	46.792	-1012.389	2727.198	0.000	0.000	0.000	-31.290	-407.801	2743.315	-31.290	-729.423	2743.315	-31.290	-1031.957	2743.315	0.000	0.000	0.000	
03363	4	0.000	0.000	0.000	17.522	164.708	2525.226	24.812	65.653	2524.020	2.425	-99.564	2709.286	-6.959	-258.724	2730.792	18.991	22.696	2572.190	149.207	26.996	2612.899	149.207	-188.151	2612.899	149.207	-384.616	2612.899	149.207	-464.919	2612.899	0.000	0.000	0.000	18.991	22.696	2572.190	-67.986	11.853	2639.615	-67.986	-203.294	2639.615	-67.986	-399.759	2639.615	-67.986	-480.061	2639.615	0.000	0.000	0.000	50.444	-383.229	2729.484	50.444	-704.721	2729.484	50.444	-1007.133	2729.484	0.000	0.000	0.000	-27.026	-402.652	2752.675	-27.026	-724.144	2752.675	-27.026	-1026.556	2752.675	0.000	0.000	0.000	
03364	4	0.000	0.000	0.000	16.639	171.815	2556.028	25.493	74.617	2545.034	8.870	-94.182	2725.113	4.702	-255.174	2746.963	21.128	30.289	2592.324	147.710	16.911	2625.258	228.422	-178.424	2668.254	129.990	-27.158	2589.435	89.753	34.677	2557.214	0.000	0.000	0.000	21.128	30.289	2592.324	-64.749	17.728	2660.459	-64.749	-197.954	2660.459	-64.749	-394.888	2660.459	-64.749	-475.391	2660.459	0.000	0.000	0.000	66.334	-379.382	2743.090	66.334	-701.677	2743.090	66.334	-1004.844	2743.090	0.000	0.000	0.000	-27.877	-396.651	2773.687	-27.877	-718.946	2773.687	-27.877	-1022.113	2773.687	0.000	0.000	0.000	
03365	4	0.000	0.000	0.000	16.587	171.746	2573.639	25.640	75.787	2558.198	14.413	-94.468	2736.190	12.680	-255.961	2757.518	22.679	30.889	2605.137	146.026	19.150	2641.457	227.216	-176.915	2681.037	140.240	-21.016	2597.501	104.684	42.715	2563.352	0.000	0.000	0.000	22.679	30.889	2605.137	-66.114	17.777	2671.551	-66.114	-198.093	2671.551	-66.114	-395.191	2671.551	-66.114	-475.764	2671.551	0.000	0.000	0.000	85.114	-370.063	2761.753	85.114	-692.640	2761.753	85.114	-996.072	2761.753	0.000	0.000	0.000	-38.212	-388.839	2776.139	-38.212	-711.415	2776.139	-38.212	-1014.847	2776.139	0.000	0.000	0.000	
03366	4	0.000	0.000	0.000	16.448	173.033	2595.914	25.948	79.010	2577.475	19.611	-90.438	2754.079	20.618	-251.044	2779.332	24.264	33.968	2624.420	125.753	29.573	2687.469	232.525	-158.126	2680.268	136.432	0.807	2613.791	117.213	32.594	2600.495	0.000	0.000	0.000	24.264	33.968	2624.420	-63.167	22.496	2693.096	-164.777	-156.101	2759.891	-164.777	-353.364	2759.891	-164.777	-434.009	2759.891	0.000	0.000	0.000	78.874	-380.743	2777.393	78.874	-703.608	2777.393	78.874	-1007.311	2777.393	0.000	0.000	0.000	-22.784	-390.123	2791.833	-22.784	-712.988	2791.833	-22.784	-1016.691	2791.833	0.000	0.000	0.000	
03367	1	0.000	0.000	0.000	16.393	175.378	2604.563	25.804	81.391	2590.702	18.276	-88.963	2765.295	18.191	-249.413	2790.824	23.797	35.976	2637.247	130.663	37.554	2698.017	233.564	-152.321	2694.177	122.485	-4.607	2625.395	100.270	24.936	2611.638	0.000	0.000	0.000	23.797	35.976	2637.247	-61.524	26.417	2708.114	-166.461	-154.401	2762.417	-166.461	-351.603	2762.417	-166.461	-432.225	2762.417	0.000	0.000	0.000	80.306	-379.247	2794.145	80.306	-702.019	2794.145	80.306	-1005.634	2794.145	0.000	0.000	0.000	-36.636	-385.021	2798.065	-36.636	-707.792	2798.065	-36.636	-1011.408	2798.065	0.000	0.000	0.000	
03368	1	0.000	0.000	0.000	16.646	176.479	2608.815	25.754	81.542	2605.850	17.934	-86.576	2781.252	17.234	-246.171	2804.170	23.663	36.590	2652.749	145.808	37.475	2695.279	242.573	-155.312	2689.667	135.587	2.516	2640.133	114.189	34.082	2630.226	0.000	0.000	0.000	23.663	36.590	2652.749	-61.317	28.522	2724.003	-205.570	-130.168	2747.881	-205.570	-327.169	2747.881	-205.570	-407.710	2747.881	0.000	0.000	0.000	81.634	-365.520	2811.480	81.634	-687.968	2811.480	81.634	-991.278	2811.480	0.000	0.000	0.000	-30.824	-377.031	2820.780	-30.824	-699.479	2820.780	-30.824	-1002.789	2820.780	0.000	0.000	0.000	
03369	1	0.000	0.000	0.000	18.262	169.232	2614.913	25.725	82.460	2652.261	25.011	-81.649	2837.727	25.721	-237.149	2846.129	25.538	39.587	2700.713	152.839	21.889	2724.187	265.958	-160.697	2724.625	146.147	-19.768	2659.545	122.185	8.417	2646.529	0.000	0.000	0.000	25.538	39.587	2700.713	-79.816	19.896	2751.998	-176.081	-166.337	2798.728	-176.081	-362.427	2798.728	-176.081	-442.597	2798.728	0.000	0.000	0.000	107.266	-303.380	2820.424	107.266	-624.343	2820.424	107.266	-926.256	2820.424	0.000	0.000	0.000	-40.456	-327.672	2839.600	-40.456	-648.634	2839.600	-40.456	-950.547	2839.600	0.000	0.000	0.000	
03370	1	0.000	0.000	0.000	19.364	163.510	2647.635	25.722	85.823	2699.913	29.133	-89.614	2876.909	36.933	-240.033	2854.686	26.600	40.653	2745.484	166.718	23.967	2743.681	280.054	-155.179	2764.841	156.995	-27.853	2684.396	132.384	-2.388	2668.307	0.000	0.000	0.000	26.600	40.653	2745.484	-105.640	26.412	2769.457	-185.118	-162.710	2826.917	-185.118	-357.201	2826.917	-185.118	-436.719	2826.917	0.000	0.000	0.000	112.883	-273.231	2808.539	112.883	-591.582	2808.539	112.883	-891.038	2808.539	0.000	0.000	0.000	-35.403	-297.887	2837.918	-35.403	-616.238	2837.918	-35.403	-915.694	2837.918	0.000	0.000	0.000	
03371	1	0.000	0.000	0.000	17.396	165.299	2660.280	25.673	90.369	2715.276	17.540	-79.818	2897.137	27.198	-221.911	2849.667	23.590	46.775	2761.860	172.061	32.044	2734.004	265.224	-158.080	2743.247	158.036	-8.461	2683.610	136.599	21.462	2671.683	0.000	0.000	0.000	23.590	46.775	2761.860	-112.856	38.444	2772.680	-197.972	-143.480	2840.287	-197.972	-336.952	2840.287	-197.972	-416.054	2840.287	0.000	0.000	0.000	103.163	-262.502	2829.557	103.163	-579.186	2829.557	103.163	-877.076	2829.557	0.000	0.000	0.000	-61.232	-250.751	2844.680	-61.232	-567.436	2844.680	-61.232	-865.326	2844.680	0.000	0.000	0.000	
03372	1	0.000	0.000	0.000	13.678	181.858	2668.183	25.570	111.628	2726.576	-0.128	-56.795	2906.770	6.653	-190.930	2845.115	19.036	68.803	2772.394	163.924	40.019	2735.364	245.986	-152.218	2746.889	150.225	-1.547	2678.694	131.073	28.588	2665.055	0.000	0.000	0.000	19.036	68.803	2772.394	-109.759	52.131	2776.506	-220.153	-125.289	2789.065	-220.153	-316.398	2789.065	-220.153	-394.534	2789.065	0.000	0.000	0.000	96.174	-181.339	2825.105	96.174	-494.158	2825.105	96.174	-788.412	2825.105	0.000	0.000	0.000	-87.268	-183.702	2839.239	-87.268	-496.522	2839.239	-87.268	-790.775	2839.239	0.000	0.000	0.000	
03373	1	0.000	0.000	0.000	10.561	192.126	2670.955	25.466	124.502	2729.650	0.496	-50.266	2900.510	2.545	-186.720	2846.331	19.147	80.273	2772.890	155.262	51.972	2760.775	241.145	-135.014	2744.424	126.410	0.297	2680.890	103.463	27.359	2668.184	0.000	0.000	0.000	19.147	80.273	2772.890	-101.575	53.956	2773.924	-197.340	-124.534	2813.639	-197.340	-312.974	2813.639	-197.340	-390.020	2813.639	0.000	0.000	0.000	90.978	-182.369	2826.637	90.978	-490.821	2826.637	90.978	-780.966	2826.637	0.000	0.000	0.000	-87.427	-189.744	2836.191	-87.427	-498.195	2836.191	-87.427	-788.341	2836.191	0.000	0.000	0.000	
03374	1	0.000	0.000	0.000	8.857	195.642	2671.916	25.350	129.049	2730.529	2.944	-48.420	2897.470	5.496	-188.304	2850.956	19.690	84.213	2772.705	152.730	53.983	2755.941	241.327	-131.518	2743.918	127.595	1.480	2677.015	104.849	28.079	2663.634	0.000	0.000	0.000	19.690	84.213	2772.705	-102.472	63.934	2774.433	-192.845	-115.533	2819.480	-192.845	-302.881	2819.480	-192.845	-379.479	2819.480	0.000	0.000	0.000	91.478	-189.535	2828.307	91.478	-496.200	2828.307	91.478	-784.665	2828.307	0.000	0.000	0.000	-82.173	-193.688	2836.242	-82.173	-500.352	2836.242	-82.173	-788.817	2836.242	0.000	0.000	0.000	
03375	1	0.000	0.000	0.000	12.265	197.990	2672.187	26.194	132.046	2731.529	16.847	-49.823	2893.732	14.656	-191.000	2852.173	23.836	86.162	2772.452	156.351	57.299	2740.628	244.361	-127.551	2746.873	132.782	3.625	2675.347	110.467	29.860	2661.042	0.000	0.000	0.000	23.836	86.162	2772.452	-57.107	14.330	2774.130	-194.877	-129.371	2822.331	-194.877	-315.846	2822.331	-194.877	-392.088	2822.331	0.000	0.000	0.000	98.820	-196.579	2827.688	98.820	-501.815	2827.688	98.820	-788.935	2827.688	0.000	0.000	0.000	-62.266	-224.339	2837.096	-62.266	-529.575	2837.096	-62.266	-816.695	2837.096	0.000	0.000	0.000	
03376	1	0.000	0.000	0.000	10.224	200.269	2673.332	23.141	134.485	2732.140	-3.892	-43.479	2894.959	-1.410	-185.997	2854.645	16.335	89.676	2773.136	150.123	59.407	2723.126	248.554	-119.789	2750.031	126.265	-1.602	2676.655	75.804	47.166	2646.378	0.000	0.000	0.000	16.335	89.676	2773.136	-116.118	116.800	2778.363	-176.693	-77.021	2814.248	-176.693	-262.242	2814.248	-176.693	-337.972	2814.248	0.000	0.000	0.000	82.825	-194.327	2833.898	82.825	-497.511	2833.898	82.825	-782.701	2833.898	0.000	0.000	0.000	-86.053	-191.178	2833.000	-86.053	-494.362	2833.000	-86.053	-779.552	2833.000	0.000	0.000	0.000	
03377	1	0.000	0.000	0.000	4.390	202.959	2675.181	16.126	135.794	2732.326	-12.891	-39.596	2896.997	-7.301	-182.957	2856.989	8.825	91.664	2773.758	142.401	61.991	2740.191	251.821	-111.322	2746.875	116.174	-4.368	2681.249	60.302	39.685	2654.218	0.000	0.000	0.000	8.825	91.664	2773.758	-120.326	143.459	2785.016	-183.363	-49.835	2811.823	-183.363	-234.622	2811.823	-183.363	-310.174	2811.823	0.000	0.000	0.000	75.692	-193.743	2840.741	75.692	-496.216	2840.741	75.692	-780.739	2840.741	0.000	0.000	0.000	-86.435	-203.333	2834.055	-86.435	-505.807	2834.055	-86.435	-790.329	2834.055	0.000	0.000	0.000	
03378	1	0.000	0.000	0.000	5.238	202.874	2676.512	10.783	134.292	2732.452	26.232	-52.004	2885.849	29.002	-196.735	2856.348	14.666	87.467	2771.008	138.339	60.784	2724.010	248.871	-108.585	2750.631	132.355	9.399	2670.400	84.489	57.867	2637.440	0.000	0.000	0.000	14.666	87.467	2771.008	-24.674	-0.348	2781.031	-148.729	-155.894	2826.064	-148.729	-340.104	2826.064	-148.729	-415.421	2826.064	0.000	0.000	0.000	99.069	-229.034	2820.511	99.069	-530.564	2820.511	99.069	-814.198	2820.511	0.000	0.000	0.000	-41.389	-239.935	2836.860	-41.389	-541.465	2836.860	-41.389	-825.100	2836.860	0.000	0.000	0.000	
03379	1	0.000	0.000	0.000	12.628	199.462	2678.842	21.498	129.505	2732.466	26.440	-52.643	2891.233	29.219	-193.223	2849.418	22.740	83.740	2772.356	150.515	59.212	2731.790	252.327	-115.839	2750.409	156.525	2.867	2647.451	117.206	51.587	2605.195	0.000	0.000	0.000	22.740	83.740	2772.356	48.689	-12.438	2758.917	48.689	-215.798	2758.917	48.689	-399.835	2758.917	48.689	-475.081	2758.917	0.000	0.000	0.000	91.930	-237.624	2822.031	91.930	-538.871	2822.031	91.930	-822.240	2822.031	0.000	0.000	0.000	-51.621	-215.116	2838.023	-51.621	-516.363	2838.023	-51.621	-799.731	2838.023	0.000	0.000	0.000	
03380	1	0.000	0.000	0.000	5.563	221.862	2669.198	1.067	154.777	2726.746	10.227	-22.499	2890.611	21.342	-160.125	2837.977	3.367	110.260	2767.896	121.639	76.107	2730.694	237.977	-88.774	2748.017	115.928	8.262	2650.579	65.906	48.033	2610.643	0.000	0.000	0.000	3.367	110.260	2767.896	-121.997	131.808	2797.948	-121.997	-70.726	2797.948	-121.997	-254.590	2797.948	-121.997	-329.765	2797.948	0.000	0.000	0.000	103.009	-173.682	2829.852	103.009	-474.646	2829.852	103.009	-757.748	2829.852	0.000	0.000	0.000	-63.627	-162.619	2832.917	-63.627	-463.583	2832.917	-63.627	-746.685	2832.917	0.000	0.000	0.000	
03381	1	0.000	0.000	0.000	3.574	223.298	2668.919	-3.173	155.757	2725.692	3.445	-25.440	2885.368	14.972	-164.589	2835.441	-1.511	110.264	2765.782	118.420	78.799	2731.462	233.128	-87.019	2747.802	80.687	-5.942	2683.243	18.404	27.184	2656.867	0.000	0.000	0.000	-1.511	110.264	2765.782	-141.574	139.768	2762.164	-141.574	-62.520	2762.164	-141.574	-246.855	2762.164	-141.574	-322.023	2762.164	0.000	0.000	0.000	97.712	-173.523	2827.331	97.712	-474.457	2827.331	97.712	-757.530	2827.331	0.000	0.000	0.000	-71.125	-160.017	2832.192	-71.125	-460.951	2832.192	-71.125	-744.024	2832.192	0.000	0.000	0.000	
03382	1	0.000	0.000	0.000	2.210	223.500	2668.685	-4.953	155.338	2724.670	1.637	-27.772	2882.239	11.989	-168.826	2837.615	-3.299	109.372	2764.225	114.126	74.619	2731.573	234.520	-86.908	2747.955	123.404	18.639	2645.670	77.999	61.769	2603.874	0.000	0.000	0.000	-3.299	109.372	2764.225	-138.078	128.594	2772.688	-138.078	-73.530	2772.688	-138.078	-257.784	2772.688	-138.078	-332.957	2772.688	0.000	0.000	0.000	94.195	-178.893	2827.210	94.195	-479.853	2827.210	94.195	-762.950	2827.210	0.000	0.000	0.000	-74.349	-160.862	2831.343	-74.349	-461.822	2831.343	-74.349	-744.919	2831.343	0.000	0.000	0.000	
03383	1	0.000	0.000	0.000	7.189	201.029	2681.184	12.188	127.410	2730.135	29.317	-84.572	2842.153	33.689	-232.060	2833.688	16.513	73.877	2758.423	118.193	33.847	2732.081	102.517	-167.391	2724.552	152.439	3.789	2678.249	172.842	73.753	2659.324	0.000	0.000	0.000	16.513	73.877	2758.423	-114.817	84.249	2774.878	-114.817	-117.739	2774.878	-114.817	-301.964	2774.878	-114.817	-377.184	2774.878	0.000	0.000	0.000	74.547	-347.773	2828.648	74.547	-648.917	2828.648	74.547	-932.189	2828.648	0.000	0.000	0.000	-19.382	-338.451	2832.215	-19.382	-639.595	2832.215	-19.382	-922.866	2832.215	0.000	0.000	0.000	
03384	1	0.000	0.000	0.000	18.805	161.022	2699.408	36.261	83.334	2738.242	49.547	-140.213	2826.766	50.871	-289.309	2821.150	39.611	26.955	2760.568	160.280	15.920	2744.802	279.818	-146.758	2751.666	170.020	-12.753	2688.899	125.141	42.021	2663.244	0.000	0.000	0.000	39.611	26.955	2760.568	-90.522	33.322	2775.571	-90.522	-168.669	2775.571	-90.522	-352.931	2775.571	-90.522	-428.187	2775.571	0.000	0.000	0.000	99.270	-437.008	2820.696	99.270	-738.296	2820.696	99.270	-1021.703	2820.696	0.000	0.000	0.000	65.485	-444.404	2849.240	65.485	-745.692	2849.240	65.485	-1029.099	2849.240	0.000	0.000	0.000	
03385	1	0.000	0.000	0.000	34.204	125.802	2711.123	60.774	46.514	2740.709	43.082	-106.119	2924.840	44.703	-225.758	2832.611	56.288	7.813	2787.396	192.173	80.225	2708.471	230.359	-114.268	2748.011	146.069	29.113	2666.230	111.784	87.435	2632.965	0.000	0.000	0.000	56.288	7.813	2787.396	-60.033	116.112	2742.522	-60.033	-85.999	2742.522	-60.033	-271.339	2742.522	-60.033	-346.690	2742.522	0.000	0.000	0.000	83.314	-291.460	2825.611	83.314	-593.127	2825.611	83.314	-876.891	2825.611	0.000	0.000	0.000	-32.856	-255.179	2836.951	-32.856	-556.846	2836.951	-32.856	-840.609	2836.951	0.000	0.000	0.000	
03386	1	0.000	0.000	0.000	21.366	154.868	2708.306	45.878	71.855	2728.010	-3.957	-9.099	2948.952	10.702	-120.545	2849.684	33.269	51.373	2783.911	185.378	63.461	2736.081	211.386	-133.627	2699.005	101.473	15.867	2677.627	57.078	76.249	2668.992	0.000	0.000	0.000	33.269	51.373	2783.911	-80.993	131.012	2728.069	-80.993	-71.212	2728.069	-80.993	-257.991	2728.069	-80.993	-333.402	2728.069	0.000	0.000	0.000	95.423	-127.453	2820.493	95.423	-429.360	2820.493	95.423	-713.348	2820.493	0.000	0.000	0.000	-65.462	-148.038	2809.641	-65.462	-449.944	2809.641	-65.462	-733.932	2809.641	0.000	0.000	0.000	
