00603	1	0.000	0.000	0.000	117.469	304.448	2862.743	102.174	184.216	2885.977	81.348	-129.839	3007.834	77.671	-303.489	2898.879	96.949	105.427	2916.548	231.091	39.364	2922.062	169.026	-62.899	2667.674	151.163	100.354	2865.506	143.858	167.110	2946.401	0.000	0.000	0.000	96.949	105.427	2916.548	-35.573	47.720	2922.011	-35.573	-233.391	2922.011	-35.573	-490.506	2922.011	-35.573	-595.432	2922.011	0.000	0.000	0.000	163.783	-331.959	2954.921	163.783	-752.031	2954.921	163.783	-1147.171	2954.921	0.000	0.000	0.000	58.223	-350.733	2995.078	58.223	-770.805	2995.078	58.223	-1165.945	2995.078	0.000	0.000	0.000	
00604	3	0.000	0.000	0.000	109.402	218.396	2757.737	99.899	135.190	2752.056	75.664	-73.730	2857.694	63.762	-211.435	2821.108	93.819	82.777	2778.558	183.371	86.042	2853.511	199.618	12.037	2672.716	137.652	178.746	2693.747	125.259	212.088	2697.953	0.000	0.000	0.000	93.819	82.777	2778.558	-8.422	62.331	2803.381	-8.422	-133.699	2803.381	-8.422	-312.791	2803.381	-8.422	-385.960	2803.381	0.000	0.000	0.000	0.000	0.000	0.000	0.000	-292.933	0.000	0.000	-568.480	0.000	0.000	0.000	0.000	0.000	0.000	0.000	0.000	-292.933	0.000	0.000	-568.480	0.000	0.000	0.000	0.000	
00605	3	0.000	0.000	0.000	104.396	220.858	2727.094	99.163	139.388	2748.409	99.036	-8.961	2931.116	100.919	-138.052	2869.690	99.131	102.171	2794.246	214.021	117.438	2825.864	181.178	-51.764	2732.504	144.589	114.091	2675.804	137.271	147.262	2664.464	0.000	0.000	0.000	99.131	102.171	2794.246	-0.577	144.377	2846.900	-0.577	-51.644	2846.900	-0.577	-230.701	2846.900	-0.577	-303.867	2846.900	0.000	0.000	0.000	182.365	-164.936	2869.303	182.365	-457.855	2869.303	182.365	-733.390	2869.303	0.000	0.000	0.000	29.950	-173.710	2903.578	29.950	-466.629	2903.578	29.950	-742.164	2903.578	0.000	0.000	0.000	
00606	3	0.000	0.000	0.000	104.669	225.730	2664.484	103.480	151.520	2705.847	13.202	-25.006	2832.450	73.213	-81.104	2715.512	80.831	107.234	2737.609	239.624	140.457	2737.522	164.433	152.377	2556.983	141.963	37.890	2692.655	137.469	14.993	2719.790	0.000	0.000	0.000	80.831	107.234	2737.609	22.392	161.160	2819.832	22.392	-34.774	2819.832	22.392	-213.713	2819.832	22.392	-286.846	2819.832	0.000	0.000	0.000	136.482	-86.402	2778.309	136.482	-379.192	2778.309	136.482	-654.604	2778.309	0.000	0.000	0.000	61.022	-105.982	2805.438	61.022	-398.771	2805.438	61.022	-674.184	2805.438	0.000	0.000	0.000	
00607	3	0.000	0.000	0.000	105.383	226.666	2625.876	106.123	157.253	2675.265	37.658	-45.959	2772.014	63.121	-151.306	2678.860	88.946	106.272	2699.537	233.835	140.475	2619.884	81.204	103.266	2502.788	110.479	11.876	2653.807	116.333	-6.402	2684.011	0.000	0.000	0.000	88.946	106.272	2699.537	25.519	138.781	2788.494	25.519	-57.158	2788.494	25.519	-236.089	2788.494	25.519	-309.224	2788.494	0.000	0.000	0.000	119.437	-156.156	2752.785	119.437	-448.953	2752.785	119.437	-724.373	2752.785	0.000	0.000	0.000	57.927	-146.784	2779.492	57.927	-439.582	2779.492	57.927	-715.002	2779.492	0.000	0.000	0.000	
00608	3	0.000	0.000	0.000	107.035	222.750	2586.150	113.555	155.537	2638.414	27.461	-57.901	2687.398	45.363	-170.196	2600.783	91.956	101.990	2650.703	185.532	158.115	2519.630	27.688	42.267	2511.072	139.731	179.133	2538.275	162.139	206.506	2543.716	0.000	0.000	0.000	91.956	101.990	2650.703	31.221	111.234	2741.153	31.221	-84.747	2741.153	31.221	-263.704	2741.153	31.221	-336.855	2741.153	0.000	0.000	0.000	92.049	-194.793	2670.545	92.049	-487.653	2670.545	92.049	-763.133	2670.545	0.000	0.000	0.000	49.399	-188.990	2686.183	49.399	-481.851	2686.183	49.399	-757.330	2686.183	0.000	0.000	0.000	
00609	3	0.000	0.000	0.000	108.366	239.217	2582.024	122.861	154.926	2574.526	23.877	-57.061	2604.481	51.389	-167.987	2518.053	98.028	101.743	2582.041	211.527	204.886	2479.373	84.154	58.789	2511.391	125.271	230.983	2482.534	133.495	265.422	2476.763	0.000	0.000	0.000	98.028	101.743	2582.041	181.318	36.444	2618.759	181.318	-160.008	2618.759	181.318	-339.379	2618.759	181.318	-412.706	2618.759	0.000	0.000	0.000	84.964	-213.504	2584.888	84.964	-507.068	2584.888	84.964	-783.210	2584.888	0.000	0.000	0.000	52.752	-223.276	2585.927	52.752	-516.840	2585.927	52.752	-792.982	2585.927	0.000	0.000	0.000	
00610	3	0.000	0.000	0.000	122.109	238.714	2575.783	127.752	154.823	2556.985	99.523	-40.229	2687.594	113.353	-170.269	2628.196	120.670	105.889	2589.752	246.697	224.231	2534.048	113.090	89.786	2480.639	128.963	266.134	2449.397	132.138	301.404	2443.149	0.000	0.000	0.000	120.670	105.889	2589.752	102.074	69.588	2664.536	102.074	-127.335	2664.536	102.074	-307.131	2664.536	102.074	-380.634	2664.536	0.000	0.000	0.000	136.543	-256.417	2657.489	136.543	-550.685	2657.489	136.543	-827.489	2657.489	0.000	0.000	0.000	93.072	-252.513	2666.165	93.072	-546.782	2666.165	93.072	-823.586	2666.165	0.000	0.000	0.000	
00611	3	0.000	0.000	0.000	119.337	246.415	2552.751	126.182	160.473	2543.093	145.202	26.501	2738.522	147.892	-117.680	2746.042	130.954	126.862	2592.122	207.233	219.402	2444.977	64.821	100.222	2513.616	125.828	249.761	2432.448	138.029	279.669	2416.215	0.000	0.000	0.000	130.954	126.862	2592.122	80.194	127.299	2671.364	80.194	-70.682	2671.364	80.194	-251.436	2671.364	80.194	-325.333	2671.364	0.000	0.000	0.000	161.224	-243.296	2752.217	161.224	-539.145	2752.217	161.224	-817.435	2752.217	0.000	0.000	0.000	115.798	-237.218	2759.027	115.798	-533.066	2759.027	115.798	-811.357	2759.027	0.000	0.000	0.000	
00612	3	0.000	0.000	0.000	114.750	253.122	2548.329	124.976	166.998	2542.063	136.681	32.712	2738.389	138.089	-111.935	2739.628	127.913	133.312	2591.313	255.899	195.561	2584.320	106.261	153.448	2461.149	141.930	324.768	2414.631	156.401	394.274	2395.758	0.000	0.000	0.000	127.913	133.312	2591.313	11.693	208.185	2614.261	11.693	9.852	2614.261	11.693	-171.220	2614.261	11.693	-245.249	2614.261	0.000	0.000	0.000	177.014	-223.193	2732.233	177.014	-519.568	2732.233	177.014	-798.353	2732.233	0.000	0.000	0.000	80.068	-210.043	2733.020	80.068	-506.417	2733.020	80.068	-785.203	2733.020	0.000	0.000	0.000	
00613	3	0.000	0.000	0.000	104.371	265.469	2542.452	117.416	179.370	2540.946	116.923	28.714	2725.822	113.640	-116.693	2702.021	117.293	141.587	2587.311	160.444	190.288	2674.485	146.360	155.724	2479.459	113.754	320.160	2410.461	100.504	386.977	2382.425	0.000	0.000	0.000	117.293	141.587	2587.311	-12.612	225.987	2567.831	-12.612	27.421	2567.831	-12.612	-153.860	2567.831	-12.612	-227.976	2567.831	0.000	0.000	0.000	113.850	-218.362	2682.259	113.850	-515.085	2682.259	113.850	-794.196	2682.259	0.000	0.000	0.000	93.829	-214.304	2674.929	93.829	-511.026	2674.929	93.829	-790.138	2674.929	0.000	0.000	0.000	
00614	3	0.000	0.000	0.000	84.586	292.576	2530.473	100.595	206.913	2525.288	54.780	-13.465	2606.672	55.142	-118.607	2500.975	89.127	151.747	2545.660	29.737	206.039	2647.303	29.737	7.128	2647.303	29.737	-175.865	2647.303	29.737	-249.819	2647.303	0.000	0.000	0.000	89.127	151.747	2545.660	-15.866	265.709	2579.037	-15.866	66.798	2579.037	-15.866	-116.195	2579.037	-15.866	-190.439	2579.037	0.000	0.000	0.000	72.477	-171.781	2559.733	72.477	-469.019	2559.733	72.477	-748.617	2559.733	0.000	0.000	0.000	47.170	-177.475	2544.197	47.170	-474.713	2544.197	47.170	-754.311	2544.197	0.000	0.000	0.000	
00615	3	0.000	0.000	0.000	94.613	310.855	2522.073	100.563	223.106	2513.626	54.366	-2.024	2570.436	66.962	-82.950	2445.387	88.863	166.089	2528.014	222.741	185.522	2453.491	222.741	-13.529	2453.491	222.741	-196.368	2453.491	222.741	-270.433	2453.491	0.000	0.000	0.000	88.863	166.089	2528.014	-22.036	290.316	2493.414	-22.036	91.265	2493.414	-22.036	-91.575	2493.414	-22.036	-165.872	2493.414	0.000	0.000	0.000	123.260	-119.840	2498.876	123.260	-417.287	2498.876	123.260	-697.082	2498.876	0.000	0.000	0.000	52.243	-139.653	2514.497	52.243	-437.100	2514.497	52.243	-716.895	2514.497	0.000	0.000	0.000	
00616	3	0.000	0.000	0.000	121.381	349.092	2516.066	110.127	262.960	2497.809	87.678	36.222	2565.951	99.205	-11.496	2427.294	104.461	205.732	2515.008	122.908	323.186	2625.279	122.908	123.911	2625.279	122.908	-58.729	2625.279	122.908	-132.960	2625.279	0.000	0.000	0.000	104.461	205.732	2515.008	46.924	302.097	2377.340	46.924	102.822	2377.340	46.924	-79.818	2377.340	46.924	-154.198	2377.340	0.000	0.000	0.000	165.087	-36.918	2509.922	165.087	-334.701	2509.922	165.087	-614.811	2509.922	0.000	0.000	0.000	72.306	-72.259	2511.923	72.306	-370.042	2511.923	72.306	-650.151	2511.923	0.000	0.000	0.000	
00617	3	0.000	0.000	0.000	122.206	365.806	2512.397	110.903	279.652	2489.776	102.178	77.891	2616.082	103.946	-7.900	2497.774	108.704	228.790	2521.617	171.555	406.081	2469.498	171.555	206.731	2469.498	171.555	24.167	2469.498	171.555	-50.123	2469.498	0.000	0.000	0.000	108.704	228.790	2521.617	-5.573	352.816	2455.801	-5.573	153.466	2455.801	-5.573	-29.098	2455.801	-5.573	-103.507	2455.801	0.000	0.000	0.000	141.122	-35.222	2585.570	141.122	-333.116	2585.570	141.122	-613.331	2585.570	0.000	0.000	0.000	68.402	-40.148	2583.602	68.402	-338.043	2583.602	68.402	-618.257	2583.602	0.000	0.000	0.000	
00618	3	0.000	0.000	0.000	117.637	382.365	2509.693	110.941	294.337	2490.015	113.782	119.897	2651.515	119.229	-4.289	2580.176	111.659	250.268	2530.815	208.925	376.574	2428.856	208.925	177.178	2428.856	208.925	-5.313	2428.856	208.925	-79.643	2428.856	0.000	0.000	0.000	111.659	250.268	2530.815	-7.819	359.502	2531.894	-7.819	160.106	2531.894	-7.819	-22.385	2531.894	-7.819	-96.810	2531.894	0.000	0.000	0.000	171.348	-44.757	2632.876	171.348	-342.720	2632.876	171.348	-622.999	2632.876	0.000	0.000	0.000	88.575	-39.543	2655.231	88.575	-337.506	2655.231	88.575	-617.785	2655.231	0.000	0.000	0.000	
00619	3	0.000	0.000	0.000	107.672	418.566	2491.453	111.119	329.605	2481.486	124.528	171.903	2657.415	137.748	30.135	2635.416	114.522	289.582	2526.134	138.974	362.347	2346.211	138.974	162.964	2346.211	138.974	-19.349	2346.211	138.974	-93.709	2346.211	0.000	0.000	0.000	114.522	289.582	2526.134	30.630	430.008	2421.586	30.630	230.625	2421.586	30.630	48.312	2421.586	30.630	-26.108	2421.586	0.000	0.000	0.000	209.706	4.871	2660.533	209.706	-293.073	2660.533	209.706	-573.333	2660.533	0.000	0.000	0.000	76.636	1.365	2683.889	76.636	-296.578	2683.889	76.636	-576.839	2683.889	0.000	0.000	0.000	
00620	3	0.000	0.000	0.000	105.280	432.646	2482.513	115.722	345.150	2496.125	118.487	192.064	2675.600	125.575	48.505	2688.372	116.426	306.189	2541.801	96.151	366.971	2357.197	96.151	167.647	2357.197	96.151	-14.554	2357.197	96.151	-88.904	2357.197	0.000	0.000	0.000	116.426	306.189	2541.801	41.591	422.521	2402.967	41.591	223.196	2402.967	41.591	40.995	2402.967	41.591	-33.403	2402.967	0.000	0.000	0.000	186.707	-8.995	2702.016	186.707	-306.852	2702.016	186.707	-587.030	2702.016	0.000	0.000	0.000	60.055	-6.544	2690.059	60.055	-304.400	2690.059	60.055	-584.578	2690.059	0.000	0.000	0.000	
00621	3	0.000	0.000	0.000	106.453	420.619	2491.083	105.850	342.209	2530.555	104.779	197.791	2716.793	100.949	56.986	2718.912	105.578	305.457	2577.949	237.554	392.862	2514.538	237.554	193.754	2514.538	237.554	11.836	2514.538	237.554	-62.450	2514.538	0.000	0.000	0.000	105.578	305.457	2577.949	-27.766	351.055	2483.263	-27.766	151.948	2483.263	-27.766	-29.970	2483.263	-27.766	-104.288	2483.263	0.000	0.000	0.000	161.301	-5.058	2690.284	161.301	-302.590	2690.284	161.301	-582.463	2690.284	0.000	0.000	0.000	52.874	-16.649	2692.663	52.874	-314.180	2692.663	52.874	-594.054	2692.663	0.000	0.000	0.000	
00622	3	0.000	0.000	0.000	106.338	423.177	2494.402	105.295	342.224	2528.003	104.280	188.604	2707.363	100.377	49.515	2684.949	105.037	303.243	2573.516	233.197	294.865	2563.020	233.197	95.919	2563.020	233.197	-85.822	2563.020	233.197	-160.055	2563.020	0.000	0.000	0.000	105.037	303.243	2573.516	-11.285	281.075	2577.981	-11.285	82.128	2577.981	-11.285	-99.613	2577.981	-11.285	-173.871	2577.981	0.000	0.000	0.000	161.174	-7.689	2675.819	161.174	-304.980	2675.819	161.174	-584.628	2675.819	0.000	0.000	0.000	53.328	-17.933	2674.596	53.328	-315.225	2674.596	53.328	-594.872	2674.596	0.000	0.000	0.000	
00623	3	0.000	0.000	0.000	107.180	504.959	2498.635	95.658	410.349	2526.847	115.899	234.273	2732.663	119.401	73.770	2694.558	100.736	366.175	2578.482	242.581	365.097	2570.404	308.154	151.048	2603.986	180.473	294.220	2527.499	128.269	352.758	2496.226	0.000	0.000	0.000	100.736	366.175	2578.482	-48.853	354.966	2566.605	-89.292	181.234	2705.983	-89.292	-25.287	2705.983	-89.292	-109.726	2705.983	0.000	0.000	0.000	180.678	32.276	2682.504	180.678	-305.775	2682.504	180.678	-623.763	2682.504	0.000	0.000	0.000	54.468	31.365	2698.490	54.468	-306.686	2698.490	54.468	-624.674	2698.490	0.000	0.000	0.000	
00624	3	0.000	0.000	0.000	107.180	504.959	2498.635	95.658	410.349	2526.847	115.899	234.273	2732.663	119.401	73.770	2694.558	100.736	366.175	2578.482	242.581	365.097	2570.404	308.154	151.048	2603.986	180.473	294.220	2527.499	128.269	352.758	2496.226	0.000	0.000	0.000	100.736	366.175	2578.482	-48.853	354.966	2566.605	-89.292	181.234	2705.983	-89.292	-25.287	2705.983	-89.292	-109.726	2705.983	0.000	0.000	0.000	180.678	32.276	2682.504	180.678	-305.775	2682.504	180.678	-623.763	2682.504	0.000	0.000	0.000	54.468	31.365	2698.490	54.468	-306.686	2698.490	54.468	-624.674	2698.490	0.000	0.000	0.000	
00625	3	0.000	0.000	0.000	113.747	575.785	2503.411	100.305	477.438	2527.012	124.644	272.679	2714.658	127.076	113.452	2656.980	106.411	426.069	2574.089	235.964	419.768	2561.001	336.827	212.453	2592.611	195.240	335.134	2492.465	137.471	385.189	2451.605	0.000	0.000	0.000	106.411	426.069	2574.089	-16.724	398.730	2581.724	-81.470	206.548	2695.857	-81.470	-5.882	2695.857	-81.470	-92.555	2695.857	0.000	0.000	0.000	212.489	110.313	2678.000	212.489	-236.687	2678.000	212.489	-563.092	2678.000	0.000	0.000	0.000	57.416	90.678	2663.188	57.416	-256.321	2663.188	57.416	-582.727	2663.188	0.000	0.000	0.000	
00626	3	0.000	0.000	0.000	137.473	586.013	2504.437	113.073	489.480	2527.833	152.844	290.349	2719.876	142.183	136.648	2648.528	123.051	439.522	2576.012	248.495	438.098	2563.393	342.718	226.375	2588.539	235.105	362.563	2465.437	191.164	418.171	2415.171	0.000	0.000	0.000	123.051	439.522	2576.012	-2.474	415.396	2586.178	-85.318	219.934	2682.451	-85.318	7.138	2682.451	-85.318	-79.751	2682.451	0.000	0.000	0.000	233.930	139.907	2672.481	233.930	-207.953	2672.481	233.930	-535.167	2672.481	0.000	0.000	0.000	66.146	134.575	2645.951	66.146	-213.284	2645.951	66.146	-540.498	2645.951	0.000	0.000	0.000	
00627	3	0.000	0.000	0.000	148.088	592.366	2506.755	121.063	496.003	2528.283	167.058	294.783	2717.090	150.563	147.295	2634.302	132.602	445.521	2575.651	254.116	441.527	2563.272	349.537	229.842	2585.340	244.214	378.007	2474.474	201.196	438.522	2429.193	0.000	0.000	0.000	132.602	445.521	2575.651	5.955	424.617	2587.860	-67.482	220.746	2674.151	-67.482	7.820	2674.151	-67.482	-79.144	2674.151	0.000	0.000	0.000	249.188	165.787	2652.979	249.188	-182.377	2652.979	249.188	-509.879	2652.979	0.000	0.000	0.000	76.432	149.097	2640.513	76.432	-199.068	2640.513	76.432	-526.569	2640.513	0.000	0.000	0.000	
00628	2	0.000	0.000	0.000	158.122	603.350	2512.985	139.832	504.761	2534.239	186.827	288.582	2706.015	191.292	133.238	2636.738	151.622	450.526	2577.334	270.521	440.510	2563.070	372.069	231.043	2580.608	260.108	383.335	2482.182	214.363	445.559	2441.966	0.000	0.000	0.000	151.622	450.526	2577.334	25.316	430.979	2593.244	-54.731	229.005	2678.655	-54.731	15.895	2678.655	-54.731	-71.179	2678.655	0.000	0.000	0.000	286.504	150.062	2651.657	286.504	-198.538	2651.657	286.504	-526.449	2651.657	0.000	0.000	0.000	99.698	136.411	2643.604	99.698	-212.189	2643.604	99.698	-540.101	2643.604	0.000	0.000	0.000	
00629	2	0.000	0.000	0.000	163.068	608.995	2514.767	149.978	509.920	2537.743	198.867	288.890	2702.886	209.671	130.404	2641.718	162.243	454.469	2579.174	278.282	438.119	2562.312	378.927	227.988	2577.933	277.832	374.796	2461.013	236.521	434.788	2413.235	0.000	0.000	0.000	162.243	454.469	2579.174	38.844	431.726	2599.029	-38.350	227.798	2682.593	-38.350	14.624	2682.593	-38.350	-72.487	2682.593	0.000	0.000	0.000	298.759	133.366	2650.238	298.759	-215.385	2650.238	298.759	-543.438	2650.238	0.000	0.000	0.000	118.224	126.403	2649.461	118.224	-222.348	2649.461	118.224	-550.402	2649.461	0.000	0.000	0.000	
00630	2	0.000	0.000	0.000	168.366	613.486	2516.764	159.486	514.024	2540.231	215.746	290.950	2700.361	230.141	130.421	2645.419	173.600	458.060	2580.404	286.400	439.530	2562.672	386.360	228.661	2572.400	281.551	375.079	2458.207	238.717	434.918	2411.537	0.000	0.000	0.000	173.600	458.060	2580.404	55.458	427.792	2602.699	-0.707	201.727	2619.805	-0.707	-11.495	2619.805	-0.707	-98.635	2619.805	0.000	0.000	0.000	314.814	121.139	2649.678	314.814	-227.729	2649.678	314.814	-555.892	2649.678	0.000	0.000	0.000	139.237	120.933	2647.628	139.237	-227.935	2647.628	139.237	-556.098	2647.628	0.000	0.000	0.000	
00631	2	0.000	0.000	0.000	185.642	616.852	2517.580	176.892	518.248	2544.628	218.469	290.213	2702.445	228.689	130.668	2643.617	187.323	461.039	2584.221	304.132	439.863	2563.992	398.104	227.398	2588.663	292.305	374.743	2476.487	249.060	434.970	2430.635	0.000	0.000	0.000	187.323	461.039	2584.221	62.613	434.167	2595.422	-18.268	239.737	2696.595	-18.268	26.459	2696.595	-18.268	-60.718	2696.595	0.000	0.000	0.000	314.273	125.694	2646.906	314.273	-223.319	2646.906	314.273	-551.619	2646.906	0.000	0.000	0.000	141.671	119.986	2643.678	141.671	-229.028	2643.678	141.671	-557.328	2643.678	0.000	0.000	0.000	
00632	2	0.000	0.000	0.000	196.670	617.772	2517.673	184.858	520.146	2547.045	216.508	291.776	2706.720	222.276	135.230	2639.744	192.798	462.853	2587.104	311.150	439.010	2571.820	384.721	218.002	2589.938	294.907	381.859	2487.099	258.193	448.838	2445.061	0.000	0.000	0.000	192.798	462.853	2587.104	66.031	436.049	2591.255	-15.933	240.920	2690.210	-15.933	27.633	2690.210	-15.933	-59.553	2690.210	0.000	0.000	0.000	309.850	140.730	2642.497	309.850	-208.319	2642.497	309.850	-536.652	2642.497	0.000	0.000	0.000	130.475	142.582	2644.433	130.475	-206.467	2644.433	130.475	-534.800	2644.433	0.000	0.000	0.000	
00633	2	0.000	0.000	0.000	214.148	622.108	2516.668	196.339	524.500	2549.820	214.853	308.293	2727.488	216.465	172.856	2624.138	200.984	470.258	2594.393	325.156	440.593	2569.451	417.686	226.873	2587.916	303.151	382.171	2497.083	256.329	445.657	2459.951	0.000	0.000	0.000	200.984	470.258	2594.393	76.294	434.668	2589.049	-6.048	228.221	2661.011	-6.048	14.946	2661.011	-6.048	-72.241	2661.011	0.000	0.000	0.000	311.106	207.515	2638.689	311.106	-141.542	2638.689	311.106	-469.882	2638.689	0.000	0.000	0.000	122.196	198.593	2637.977	122.196	-150.464	2637.977	122.196	-478.804	2637.977	0.000	0.000	0.000	
00634	2	0.000	0.000	0.000	218.733	620.179	2517.278	204.223	522.389	2550.236	215.061	319.384	2743.407	216.926	210.453	2612.435	206.942	471.460	2598.698	334.386	438.489	2561.091	425.073	224.987	2588.680	318.814	345.872	2448.775	275.374	395.292	2391.580	0.000	0.000	0.000	206.942	471.460	2598.698	84.718	428.441	2581.724	19.216	210.856	2635.899	19.216	-2.399	2635.899	19.216	-89.581	2635.899	0.000	0.000	0.000	310.298	237.999	2638.787	310.298	-111.035	2638.787	310.298	-439.353	2638.787	0.000	0.000	0.000	123.749	227.101	2640.173	123.749	-121.933	2640.173	123.749	-450.252	2640.173	0.000	0.000	0.000	
00635	2	0.000	0.000	0.000	224.002	624.814	2515.750	210.533	526.174	2550.600	219.843	311.160	2730.347	219.813	189.935	2610.676	212.869	472.232	2595.695	339.681	440.287	2553.053	426.498	226.476	2589.132	338.735	320.264	2418.935	302.855	358.606	2349.354	0.000	0.000	0.000	212.869	472.232	2595.695	96.162	426.332	2582.421	25.714	216.673	2657.483	43.180	404.344	2557.783	50.320	481.069	2517.024	0.000	0.000	0.000	312.376	212.811	2637.252	312.376	-136.183	2637.252	312.376	-464.466	2637.252	0.000	0.000	0.000	125.687	221.544	2636.739	125.687	-127.451	2636.739	125.687	-455.733	2636.739	0.000	0.000	0.000	
00636	2	0.000	0.000	0.000	229.987	611.964	2519.425	223.726	512.412	2550.279	229.451	280.260	2707.259	227.178	159.907	2586.819	225.162	454.170	2589.662	350.966	432.309	2583.233	425.522	211.270	2573.505	334.256	334.447	2425.424	296.944	384.807	2364.883	0.000	0.000	0.000	225.162	454.170	2589.662	102.700	423.112	2583.005	47.223	197.801	2608.856	58.732	403.926	2555.846	63.437	488.197	2534.174	0.000	0.000	0.000	320.796	199.373	2630.386	320.796	-149.497	2630.386	320.796	-477.661	2630.386	0.000	0.000	0.000	138.744	187.568	2634.161	138.744	-161.301	2634.161	138.744	-489.466	2634.161	0.000	0.000	0.000	
00637	2	0.000	0.000	0.000	236.325	610.545	2518.823	228.391	511.532	2549.699	232.061	280.538	2708.311	232.161	150.289	2598.694	229.312	453.581	2589.491	358.237	432.964	2570.627	443.970	218.393	2537.598	355.211	412.109	2538.648	318.922	491.308	2539.078	0.000	0.000	0.000	229.312	453.581	2589.491	107.597	423.268	2582.704	73.657	192.653	2594.796	75.978	402.184	2556.111	76.442	444.090	2548.374	0.000	0.000	0.000	327.760	207.025	2633.165	327.760	-141.755	2633.165	327.760	-469.835	2633.165	0.000	0.000	0.000	137.448	192.520	2638.347	137.448	-156.260	2638.347	137.448	-484.340	2638.347	0.000	0.000	0.000	
00638	2	0.000	0.000	0.000	247.069	608.945	2513.200	238.742	511.094	2545.616	238.069	285.527	2711.555	245.972	157.214	2600.144	238.573	454.504	2587.246	365.871	439.718	2590.598	458.815	226.455	2573.803	318.763	353.257	2475.593	261.502	405.100	2435.440	0.000	0.000	0.000	238.573	454.504	2587.246	114.863	426.655	2573.967	67.177	199.452	2596.466	56.604	409.487	2563.118	54.489	451.494	2556.448	0.000	0.000	0.000	334.500	176.547	2626.172	334.500	-171.981	2626.172	334.500	-499.826	2626.172	0.000	0.000	0.000	158.209	160.159	2627.951	158.209	-188.370	2627.951	158.209	-516.214	2627.951	0.000	0.000	0.000	
00639	2	0.000	0.000	0.000	250.440	607.400	2507.582	242.125	510.957	2543.297	242.676	290.792	2716.121	251.469	171.534	2595.243	242.263	455.722	2586.655	371.495	446.158	2590.716	455.931	229.522	2573.738	308.816	331.589	2458.700	248.667	373.319	2411.667	0.000	0.000	0.000	242.263	455.722	2586.655	117.646	428.315	2572.611	65.843	202.673	2600.007	51.466	413.367	2573.630	48.590	455.506	2568.354	0.000	0.000	0.000	338.569	185.293	2621.154	338.569	-163.067	2621.154	338.569	-490.753	2621.154	0.000	0.000	0.000	162.509	172.091	2625.988	162.509	-176.270	2625.988	162.509	-503.955	2625.988	0.000	0.000	0.000	
00640	2	0.000	0.000	0.000	251.917	605.782	2495.730	246.950	510.722	2534.494	243.034	286.773	2701.751	251.531	168.430	2580.256	245.968	454.538	2576.455	370.876	435.961	2580.827	459.889	221.632	2562.105	321.446	347.286	2460.992	264.842	398.661	2419.651	0.000	0.000	0.000	245.968	454.538	2576.455	122.351	430.754	2568.757	59.053	208.218	2594.867	42.875	420.056	2588.370	39.640	462.424	2587.070	0.000	0.000	0.000	342.264	181.680	2605.098	342.264	-166.242	2605.098	342.264	-493.515	2605.098	0.000	0.000	0.000	155.243	178.553	2611.213	155.243	-169.369	2611.213	155.243	-496.642	2611.213	0.000	0.000	0.000	
00641	2	0.000	0.000	0.000	252.069	607.785	2488.934	248.954	508.431	2525.074	242.851	281.802	2687.790	246.993	148.996	2582.508	247.423	451.575	2565.896	369.331	428.662	2573.085	462.719	217.589	2545.699	308.457	353.031	2492.018	245.385	408.408	2470.071	0.000	0.000	0.000	247.423	451.575	2565.896	126.142	432.445	2573.055	65.660	208.061	2568.974	72.188	418.109	2539.642	73.493	460.118	2533.775	0.000	0.000	0.000	334.204	154.154	2607.021	334.204	-193.168	2607.021	334.204	-519.877	2607.021	0.000	0.000	0.000	160.860	145.409	2613.285	160.860	-201.912	2613.285	160.860	-528.621	2613.285	0.000	0.000	0.000	
00642	2	0.000	0.000	0.000	250.010	608.471	2481.026	249.477	507.760	2517.206	242.720	282.468	2680.668	245.025	145.776	2581.074	247.782	451.239	2558.215	369.697	425.909	2561.646	463.636	214.768	2542.313	316.897	324.978	2436.763	256.902	370.038	2393.607	0.000	0.000	0.000	247.782	451.239	2558.215	125.214	431.361	2560.206	62.431	208.235	2567.396	63.210	418.634	2543.929	63.366	460.714	2539.235	0.000	0.000	0.000	330.036	153.199	2606.308	330.036	-193.337	2606.308	330.036	-519.306	2606.308	0.000	0.000	0.000	162.266	145.074	2611.731	162.266	-201.462	2611.731	162.266	-527.431	2611.731	0.000	0.000	0.000	
00643	2	0.000	0.000	0.000	247.207	607.095	2472.410	249.437	507.374	2512.574	242.721	282.243	2675.619	243.785	142.964	2580.059	247.752	450.894	2553.479	369.900	425.522	2556.022	463.589	214.071	2544.038	369.382	386.522	2466.038	330.865	457.030	2434.147	0.000	0.000	0.000	247.752	450.894	2553.479	125.746	425.764	2546.325	60.311	204.657	2567.846	43.817	415.369	2562.692	40.518	457.511	2561.661	0.000	0.000	0.000	331.753	163.069	2602.335	331.753	-182.998	2602.335	331.753	-508.527	2602.335	0.000	0.000	0.000	162.334	146.088	2607.533	162.334	-199.979	2607.533	162.334	-525.507	2607.533	0.000	0.000	0.000	
00644	2	0.000	0.000	0.000	235.528	594.081	2459.170	248.999	499.487	2503.010	232.583	277.761	2668.509	246.689	145.173	2565.689	244.880	443.860	2544.530	371.680	424.044	2549.943	462.568	211.894	2545.037	327.439	340.092	2446.448	272.191	392.506	2406.139	0.000	0.000	0.000	244.880	443.860	2544.530	123.943	424.090	2543.274	60.466	203.052	2563.405	35.406	412.108	2572.440	30.394	453.919	2574.247	0.000	0.000	0.000	324.212	165.293	2598.040	324.212	-179.673	2598.040	324.212	-504.166	2598.040	0.000	0.000	0.000	162.012	157.839	2590.933	162.012	-187.127	2590.933	162.012	-511.619	2590.933	0.000	0.000	0.000	
00645	2	0.000	0.000	0.000	228.227	592.127	2451.270	248.272	502.576	2500.631	223.366	286.677	2671.822	245.763	163.194	2560.035	242.024	448.412	2543.579	367.904	421.789	2543.783	454.661	208.327	2542.014	320.407	334.471	2440.455	265.516	386.046	2398.932	0.000	0.000	0.000	242.024	448.412	2543.579	126.170	423.494	2539.842	58.957	203.498	2553.261	28.431	411.610	2556.101	22.326	453.232	2556.668	0.000	0.000	0.000	323.472	190.706	2584.242	323.472	-153.625	2584.242	323.472	-477.521	2584.242	0.000	0.000	0.000	155.027	179.594	2578.715	155.027	-164.737	2578.715	155.027	-488.633	2578.715	0.000	0.000	0.000	
00646	2	0.000	0.000	0.000	219.755	586.687	2441.841	246.732	504.065	2497.865	210.671	285.103	2662.144	239.115	159.584	2554.584	237.685	449.132	2539.079	357.432	415.355	2543.471	432.733	198.672	2527.304	303.536	344.142	2448.438	250.712	403.619	2416.193	0.000	0.000	0.000	237.685	449.132	2539.079	126.477	424.176	2534.746	56.583	205.238	2542.756	30.927	410.677	2507.975	25.795	451.764	2501.018	0.000	0.000	0.000	315.017	186.473	2566.596	315.017	-157.168	2566.596	315.017	-480.414	2566.596	0.000	0.000	0.000	144.999	170.463	2573.618	144.999	-173.177	2573.618	144.999	-496.423	2573.618	0.000	0.000	0.000	
00647	2	0.000	0.000	0.000	205.275	568.376	2426.399	233.440	490.822	2486.535	195.494	259.870	2630.649	223.310	141.563	2516.151	223.920	432.881	2522.690	338.947	397.334	2526.180	423.846	187.745	2490.505	287.016	337.112	2439.081	231.072	398.182	2418.056	0.000	0.000	0.000	223.920	432.881	2522.690	109.252	416.676	2509.412	22.644	204.774	2511.498	39.069	412.978	2503.856	42.354	454.619	2502.327	0.000	0.000	0.000	295.685	148.782	2554.188	295.685	-193.311	2554.188	295.685	-515.102	2554.188	0.000	0.000	0.000	133.794	139.409	2554.333	133.794	-202.684	2554.333	133.794	-524.475	2554.333	0.000	0.000	0.000	
00648	2	0.000	0.000	0.000	196.423	563.570	2422.212	224.114	487.033	2482.930	179.635	254.496	2621.199	198.921	129.878	2512.391	212.955	428.694	2517.619	325.362	391.125	2526.070	420.711	187.673	2485.305	289.031	340.561	2432.919	235.192	403.072	2411.501	0.000	0.000	0.000	212.955	428.694	2517.619	100.306	410.222	2492.000	9.182	201.391	2507.239	34.017	408.314	2502.220	38.984	449.698	2501.217	0.000	0.000	0.000	267.431	131.062	2554.688	267.431	-210.175	2554.688	267.431	-531.161	2554.688	0.000	0.000	0.000	113.796	131.530	2555.420	113.796	-209.708	2555.420	113.796	-530.693	2555.420	0.000	0.000	0.000	
00649	2	0.000	0.000	0.000	176.721	560.013	2418.282	199.987	480.202	2474.861	153.778	251.482	2615.930	154.946	114.470	2522.849	188.394	422.821	2510.252	304.214	384.478	2500.693	392.869	175.421	2497.235	263.258	328.201	2443.911	210.265	390.667	2422.109	0.000	0.000	0.000	188.394	422.821	2510.252	76.024	409.418	2492.649	-20.525	204.583	2509.887	-10.992	411.378	2498.544	-9.085	452.738	2496.276	0.000	0.000	0.000	239.319	134.784	2549.084	239.319	-204.585	2549.084	239.319	-523.812	2549.084	0.000	0.000	0.000	81.958	112.214	2549.918	81.958	-227.154	2549.918	81.958	-546.381	2549.918	0.000	0.000	0.000	
00650	2	0.000	0.000	0.000	165.161	556.271	2412.802	186.229	475.637	2468.263	143.756	245.109	2605.956	150.412	101.711	2524.300	175.573	417.803	2502.807	291.881	384.324	2498.060	382.949	177.101	2492.141	272.790	344.597	2441.758	227.750	413.080	2421.158	0.000	0.000	0.000	175.573	417.803	2502.807	63.145	403.305	2470.868	-24.198	195.979	2496.495	-17.787	402.493	2490.222	-16.505	443.796	2488.968	0.000	0.000	0.000	233.194	122.956	2532.431	233.194	-215.403	2532.431	233.194	-533.680	2532.431	0.000	0.000	0.000	79.297	91.598	2539.563	79.297	-246.761	2539.563	79.297	-565.038	2539.563	0.000	0.000	0.000	
00651	2	0.000	0.000	0.000	155.922	549.723	2405.012	174.752	468.450	2459.554	128.476	243.787	2603.884	144.754	110.698	2508.350	163.142	412.087	2495.763	283.443	386.930	2499.472	365.248	177.365	2481.023	252.954	342.023	2428.678	207.041	409.345	2407.276	0.000	0.000	0.000	163.142	412.087	2495.763	53.193	395.848	2461.809	-30.801	186.347	2463.847	-24.302	391.633	2480.496	-21.648	475.495	2487.298	0.000	0.000	0.000	215.872	113.776	2536.084	215.872	-223.525	2536.084	215.872	-540.808	2536.084	0.000	0.000	0.000	73.512	98.517	2533.052	73.512	-238.784	2533.052	73.512	-556.067	2533.052	0.000	0.000	0.000	
00652	2	0.000	0.000	0.000	135.681	541.811	2382.240	151.817	472.475	2450.798	101.666	262.154	2611.174	122.223	160.172	2484.991	139.235	419.710	2491.033	264.170	382.557	2466.979	340.478	171.734	2464.917	232.589	338.857	2416.665	188.478	407.187	2396.937	0.000	0.000	0.000	139.235	419.710	2491.033	32.108	391.067	2454.378	-36.262	177.615	2460.494	-41.005	382.233	2463.234	-42.944	465.847	2464.354	0.000	0.000	0.000	193.321	154.810	2515.516	193.321	-180.245	2515.516	193.321	-495.414	2515.516	0.000	0.000	0.000	35.492	155.609	2513.413	35.492	-179.446	2513.413	35.492	-494.616	2513.413	0.000	0.000	0.000	
00653	2	0.000	0.000	0.000	124.294	538.925	2375.673	139.750	473.396	2447.463	77.232	272.522	2613.897	94.862	182.393	2479.279	124.065	423.001	2489.218	252.395	380.389	2448.513	321.165	169.001	2470.979	222.298	335.919	2408.001	181.875	404.166	2382.252	0.000	0.000	0.000	124.065	423.001	2489.218	18.475	392.043	2451.270	-42.733	177.857	2468.497	-63.368	380.409	2456.268	-71.802	463.188	2451.270	0.000	0.000	0.000	178.692	200.117	2510.626	178.692	-133.753	2510.626	178.692	-447.809	2510.626	0.000	0.000	0.000	6.360	174.087	2512.679	6.360	-159.783	2512.679	6.360	-473.839	2512.679	0.000	0.000	0.000	
00654	2	0.000	0.000	0.000	105.788	537.529	2364.097	115.586	474.071	2437.603	41.845	275.490	2598.916	61.444	171.513	2476.574	97.086	424.251	2478.073	216.877	372.592	2446.993	316.431	174.676	2456.912	198.295	322.072	2384.076	149.994	382.337	2354.296	0.000	0.000	0.000	97.086	424.251	2478.073	2.366	385.623	2435.577	-99.579	193.997	2481.040	-99.579	-8.455	2481.040	-99.579	-91.207	2481.040	0.000	0.000	0.000	141.596	176.654	2513.096	141.596	-154.737	2513.096	141.596	-466.460	2513.096	0.000	0.000	0.000	-38.777	207.188	2509.881	-38.777	-124.203	2509.881	-38.777	-435.926	2509.881	0.000	0.000	0.000	
00655	2	0.000	0.000	0.000	95.498	533.512	2361.989	103.139	468.300	2433.646	19.515	262.079	2577.950	26.647	128.772	2492.093	82.160	416.564	2469.849	177.755	344.262	2427.751	82.074	387.881	2233.482	172.987	269.737	2369.575	210.123	221.477	2425.166	0.000	0.000	0.000	82.160	416.564	2469.849	-9.152	377.981	2418.786	-118.266	199.166	2488.909	-118.266	-2.687	2488.909	-118.266	-85.121	2488.909	0.000	0.000	0.000	107.839	141.305	2507.233	107.839	-188.796	2507.233	107.839	-499.306	2507.233	0.000	0.000	0.000	-69.504	179.364	2513.550	-69.504	-150.737	2513.550	-69.504	-461.247	2513.550	0.000	0.000	0.000	
00656	2	0.000	0.000	0.000	85.044	531.623	2357.424	90.865	463.658	2426.071	3.057	254.185	2560.955	-13.228	95.850	2547.825	68.836	411.106	2459.910	199.681	370.444	2430.144	289.504	170.163	2445.250	145.368	285.008	2364.997	86.481	331.928	2332.209	0.000	0.000	0.000	68.836	411.106	2459.910	-21.147	374.911	2414.958	-127.078	207.726	2511.064	-127.078	6.716	2511.064	-127.078	-75.392	2511.064	0.000	0.000	0.000	52.039	53.093	2542.245	52.039	-275.690	2542.245	52.039	-584.959	2542.245	0.000	0.000	0.000	-85.494	67.504	2561.816	-85.494	-261.279	2561.816	-85.494	-570.548	2561.816	0.000	0.000	0.000	
00657	2	0.000	0.000	0.000	70.593	515.364	2360.011	69.223	446.163	2426.450	-17.095	241.343	2565.143	-29.478	83.360	2573.059	47.568	394.778	2461.245	193.072	378.149	2430.961	276.369	176.722	2441.128	159.505	314.898	2357.637	111.747	371.366	2323.518	0.000	0.000	0.000	47.568	394.778	2461.245	-47.500	366.550	2421.706	-141.624	189.497	2507.771	-141.624	-9.803	2507.771	-141.624	-91.240	2507.771	0.000	0.000	0.000	54.144	58.682	2536.424	54.144	-267.392	2536.424	54.144	-574.113	2536.424	0.000	0.000	0.000	-121.994	77.411	2554.486	-121.994	-248.663	2554.486	-121.994	-555.384	2554.486	0.000	0.000	0.000	
00658	2	0.000	0.000	0.000	68.084	514.211	2353.389	65.204	447.367	2421.564	-11.258	243.062	2564.637	-18.882	85.409	2573.556	46.022	396.111	2457.458	188.033	378.242	2427.719	261.798	174.204	2439.504	164.634	328.304	2360.829	124.923	391.284	2328.675	0.000	0.000	0.000	46.022	396.111	2457.458	-49.006	364.898	2413.957	-146.356	186.784	2491.481	-146.356	-11.652	2491.481	-146.356	-92.746	2491.481	0.000	0.000	0.000	50.408	2.924	2564.226	50.408	-321.767	2564.226	50.408	-627.188	2564.226	0.000	0.000	0.000	-84.509	-3.265	2577.975	-84.509	-327.956	2577.975	-84.509	-633.377	2577.975	0.000	0.000	0.000	
00659	2	0.000	0.000	0.000	64.415	497.067	2350.577	61.469	433.597	2420.769	2.025	225.737	2564.274	-1.651	69.037	2570.314	46.606	381.623	2456.651	186.140	371.093	2423.929	236.613	161.780	2430.220	183.556	333.576	2350.472	161.868	403.799	2317.874	0.000	0.000	0.000	46.606	381.623	2456.651	-51.231	353.340	2402.966	-155.023	175.130	2465.155	-155.023	-21.564	2465.155	-155.023	-101.960	2465.155	0.000	0.000	0.000	65.244	-26.632	2552.471	65.244	-348.518	2552.471	65.244	-651.299	2552.471	0.000	0.000	0.000	-80.528	-17.162	2570.936	-80.528	-339.048	2570.936	-80.528	-641.829	2570.936	0.000	0.000	0.000	
00660	2	0.000	0.000	0.000	62.554	492.236	2345.607	59.455	429.914	2416.362	1.493	222.350	2558.954	-3.797	66.134	2563.068	44.952	377.980	2452.039	179.583	363.046	2423.652	222.884	153.114	2412.327	143.594	325.595	2363.563	111.182	396.102	2343.629	0.000	0.000	0.000	44.952	377.980	2452.039	-50.394	350.280	2392.975	-158.451	180.602	2467.861	-158.451	-15.394	2467.861	-158.451	-95.509	2467.861	0.000	0.000	0.000	66.070	-25.620	2539.090	66.070	-346.379	2539.090	66.070	-648.101	2539.090	0.000	0.000	0.000	-84.384	-19.670	2561.319	-84.384	-340.429	2561.319	-84.384	-642.150	2561.319	0.000	0.000	0.000	
00661	2	0.000	0.000	0.000	59.965	488.776	2339.472	56.558	427.454	2410.745	-1.864	220.928	2553.173	-7.777	65.092	2549.788	41.933	375.752	2446.401	176.694	357.595	2405.773	161.270	144.153	2369.111	110.218	330.699	2340.780	89.348	406.958	2329.198	0.000	0.000	0.000	41.933	375.752	2446.401	-56.775	349.295	2391.146	-155.072	165.626	2452.327	-155.072	-29.843	2452.327	-155.072	-109.747	2452.327	0.000	0.000	0.000	63.830	-25.200	2537.535	63.830	-345.110	2537.535	63.830	-646.033	2537.535	0.000	0.000	0.000	-86.383	-20.175	2547.857	-86.383	-340.084	2547.857	-86.383	-641.007	2547.857	0.000	0.000	0.000	
00662	2	0.000	0.000	0.000	52.645	489.210	2321.812	53.107	428.714	2393.516	2.513	216.255	2528.365	-4.315	60.800	2529.635	40.431	375.486	2427.300	169.383	353.669	2363.994	241.339	148.873	2402.156	180.086	321.738	2336.139	155.044	392.409	2309.150	0.000	0.000	0.000	40.431	375.486	2427.300	-59.192	344.810	2374.220	-162.927	164.785	2447.744	-162.927	-30.131	2447.744	-162.927	-109.815	2447.744	0.000	0.000	0.000	70.690	-33.276	2534.969	70.690	-352.299	2534.969	70.690	-652.388	2534.969	0.000	0.000	0.000	-88.764	-24.316	2527.017	-88.764	-343.339	2527.017	-88.764	-643.429	2527.017	0.000	0.000	0.000	
