00813	2	0.000	0.000	0.000	183.055	486.604	2274.505	203.064	407.692	2344.491	179.290	155.653	2492.646	197.752	8.667	2393.594	197.099	344.456	2381.663	324.839	302.755	2349.403	400.914	70.872	2361.165	400.914	-152.181	2361.165	400.914	-243.377	2361.165	0.000	0.000	0.000	197.099	344.456	2381.663	63.903	339.208	2387.023	18.468	101.938	2423.553	12.134	314.736	2356.999	9.544	401.740	2329.788	0.000	0.000	0.000	246.164	-1.490	2455.972	246.164	-366.595	2455.972	246.164	-710.031	2455.972	0.000	0.000	0.000	132.548	-3.937	2445.396	132.548	-369.042	2445.396	132.548	-712.478	2445.396	0.000	0.000	0.000	
00814	2	0.000	0.000	0.000	164.477	477.226	2261.622	186.679	396.355	2327.499	174.315	147.894	2479.222	196.715	0.512	2383.754	183.577	334.018	2365.565	318.780	307.270	2314.827	410.047	87.979	2364.705	410.047	-133.593	2364.705	410.047	-224.184	2364.705	0.000	0.000	0.000	183.577	334.018	2365.565	56.129	322.019	2382.072	-22.393	96.150	2423.595	4.932	299.098	2338.979	16.103	382.074	2304.383	0.000	0.000	0.000	286.699	28.100	2419.925	286.699	-334.583	2419.925	286.699	-675.741	2419.925	0.000	0.000	0.000	134.146	-24.404	2406.433	134.146	-387.087	2406.433	134.146	-728.245	2406.433	0.000	0.000	0.000	
00815	2	0.000	0.000	0.000	157.919	472.838	2253.112	184.270	391.226	2315.847	172.516	148.413	2474.590	193.112	0.535	2380.678	181.321	330.307	2355.674	312.759	297.234	2310.543	400.685	74.706	2345.636	400.685	-146.066	2345.636	400.685	-236.330	2345.636	0.000	0.000	0.000	181.321	330.307	2355.674	47.723	329.541	2369.901	-28.152	103.080	2407.851	-9.483	308.959	2330.356	-1.850	393.134	2298.672	0.000	0.000	0.000	277.000	7.841	2431.354	277.000	-353.532	2431.354	277.000	-693.458	2431.354	0.000	0.000	0.000	86.974	17.014	2428.688	86.974	-344.359	2428.688	86.974	-684.285	2428.688	0.000	0.000	0.000	
00816	2	0.000	0.000	0.000	149.246	467.441	2245.241	173.708	387.479	2310.146	160.755	146.538	2469.640	178.603	-0.995	2375.881	170.458	327.030	2350.161	298.541	291.306	2314.355	387.759	68.168	2331.329	387.759	-151.765	2331.329	387.759	-241.687	2331.329	0.000	0.000	0.000	170.458	327.030	2350.161	36.934	322.510	2353.987	-60.983	105.283	2389.528	-31.053	316.454	2335.850	-18.815	402.793	2313.904	0.000	0.000	0.000	271.814	14.004	2385.299	271.814	-345.998	2385.299	271.814	-684.633	2385.299	0.000	0.000	0.000	70.561	16.783	2395.571	70.561	-343.218	2395.571	70.561	-681.854	2395.571	0.000	0.000	0.000	
00817	2	0.000	0.000	0.000	119.813	460.947	2236.438	152.155	380.345	2295.443	116.313	132.598	2435.614	136.461	-6.924	2333.119	143.163	318.189	2330.609	268.712	277.869	2318.958	323.796	56.640	2247.360	323.796	-161.511	2247.360	323.796	-250.705	2247.360	0.000	0.000	0.000	143.163	318.189	2330.609	13.542	319.463	2336.914	-68.945	98.387	2299.177	-42.433	314.811	2306.106	-31.594	403.298	2308.940	0.000	0.000	0.000	196.221	-46.318	2361.011	196.221	-403.405	2361.011	196.221	-739.299	2361.011	0.000	0.000	0.000	55.388	-38.666	2363.212	55.388	-395.753	2363.212	55.388	-731.647	2363.212	0.000	0.000	0.000	
00818	2	0.000	0.000	0.000	102.779	457.923	2229.630	135.825	373.747	2282.089	102.447	123.585	2415.921	136.546	0.699	2298.220	127.451	310.986	2315.665	259.313	280.577	2287.492	292.981	50.753	2235.919	292.981	-166.461	2235.919	292.981	-255.271	2235.919	0.000	0.000	0.000	127.451	310.986	2315.665	9.156	297.698	2328.247	-66.231	79.460	2270.788	-49.994	295.864	2280.125	-43.356	384.344	2283.942	0.000	0.000	0.000	210.788	-11.766	2340.282	210.788	-367.318	2340.282	210.788	-701.768	2340.282	0.000	0.000	0.000	79.154	-44.545	2370.014	79.154	-400.097	2370.014	79.154	-734.548	2370.014	0.000	0.000	0.000	
00819	2	0.000	0.000	0.000	79.844	462.172	2210.776	118.369	381.463	2263.075	67.820	133.202	2389.383	118.135	6.311	2284.770	105.687	319.179	2294.764	228.440	276.936	2288.723	299.560	52.391	2310.939	195.780	199.232	2192.606	153.349	259.269	2144.225	0.000	0.000	0.000	105.687	319.179	2294.764	-16.742	311.260	2285.782	-132.546	142.638	2404.645	-57.629	268.788	2247.138	-26.998	320.366	2182.740	0.000	0.000	0.000	171.924	9.659	2345.503	171.924	-342.689	2345.503	171.924	-674.125	2345.503	0.000	0.000	0.000	2.551	37.491	2376.008	2.551	-314.857	2376.008	2.551	-646.293	2376.008	0.000	0.000	0.000	
00820	2	0.000	0.000	0.000	56.285	452.282	2195.556	90.713	372.559	2250.226	34.787	140.728	2397.710	25.478	-28.193	2377.820	76.682	314.397	2287.227	211.250	278.848	2261.005	262.423	51.958	2287.153	177.536	220.845	2183.947	143.177	289.206	2142.172	0.000	0.000	0.000	76.682	314.397	2287.227	-39.901	297.924	2278.458	-144.689	181.575	2452.422	-153.809	171.842	2237.475	-157.500	167.902	2150.470	0.000	0.000	0.000	124.967	1.018	2368.438	124.967	-347.977	2368.438	124.967	-676.258	2368.438	0.000	0.000	0.000	-68.268	31.406	2417.940	-68.268	-317.589	2417.940	-68.268	-645.870	2417.940	0.000	0.000	0.000	
00821	2	0.000	0.000	0.000	-46.676	430.892	2150.958	-35.226	367.271	2225.767	-63.715	140.778	2366.436	-71.546	-24.639	2376.385	-42.427	310.018	2261.325	88.037	275.356	2211.813	190.698	77.446	2240.249	84.708	218.453	2134.517	41.422	276.039	2091.337	0.000	0.000	0.000	-42.427	310.018	2261.325	-157.972	275.465	2244.260	-262.173	92.235	2322.268	-266.825	-112.881	2336.485	-268.725	-196.649	2342.292	0.000	0.000	0.000	5.498	-93.360	2352.591	5.498	-430.296	2352.591	5.498	-746.595	2352.591	0.000	0.000	0.000	-140.984	-97.820	2417.141	-218.246	-418.527	2485.729	-218.246	-734.826	2485.729	0.000	0.000	0.000	
00822	2	0.000	0.000	0.000	-51.363	426.853	2147.821	-42.578	361.362	2221.314	-67.773	132.197	2358.820	-75.374	-31.710	2380.279	-48.937	303.522	2256.020	82.781	271.853	2200.967	187.512	75.640	2233.099	94.267	227.545	2130.756	56.178	289.596	2088.951	0.000	0.000	0.000	-48.937	303.522	2256.020	-167.675	270.750	2238.076	-268.400	86.037	2317.044	-277.029	-117.367	2345.257	-280.554	-200.455	2356.781	0.000	0.000	0.000	6.492	-109.779	2360.596	6.492	-446.447	2360.596	6.492	-762.623	2360.596	0.000	0.000	0.000	-143.955	-126.128	2426.167	-84.829	-455.832	2460.004	-84.829	-772.008	2460.004	0.000	0.000	0.000	
00823	2	0.000	0.000	0.000	-54.846	423.303	2143.196	-48.859	356.493	2215.887	-69.743	128.493	2357.067	-78.571	-34.891	2380.770	-54.124	299.016	2251.477	76.157	267.082	2193.957	186.843	73.728	2225.010	102.124	231.297	2123.563	67.511	295.674	2082.116	0.000	0.000	0.000	-54.124	299.016	2251.477	-174.301	265.756	2227.525	-276.938	83.725	2310.783	-279.111	-117.273	2354.277	-280.000	-199.393	2372.047	0.000	0.000	0.000	6.419	-95.939	2354.257	6.419	-432.772	2354.257	6.419	-749.204	2354.257	0.000	0.000	0.000	-155.326	-119.988	2426.716	-222.810	-445.663	2479.987	-222.810	-762.095	2479.987	0.000	0.000	0.000	
00824	2	0.000	0.000	0.000	-58.176	421.306	2137.192	-54.727	354.090	2209.941	-72.487	127.163	2354.752	-81.648	-36.400	2377.769	-59.200	296.940	2246.411	71.750	267.075	2187.154	186.596	69.685	2212.027	67.551	214.905	2127.221	18.907	274.245	2092.568	0.000	0.000	0.000	-59.200	296.940	2246.411	-177.546	260.680	2226.586	-280.260	73.474	2311.290	-277.697	-130.173	2342.498	-276.650	-213.388	2355.250	0.000	0.000	0.000	0.283	-104.945	2349.162	0.283	-442.359	2349.162	0.283	-759.420	2349.162	0.000	0.000	0.000	-159.662	-120.928	2420.308	-278.108	-436.491	2435.760	-278.108	-753.552	2435.760	0.000	0.000	0.000	
00825	2	0.000	0.000	0.000	-62.531	418.313	2133.482	-61.250	349.789	2205.498	-67.874	121.451	2350.987	-70.797	-42.083	2377.896	-62.917	292.328	2242.110	69.897	268.203	2187.784	179.928	67.483	2210.663	54.618	210.288	2122.264	4.115	267.844	2086.636	0.000	0.000	0.000	-62.917	292.328	2242.110	-183.559	255.964	2225.665	-278.858	61.654	2303.643	-277.309	-145.429	2335.656	-276.685	-228.889	2348.558	0.000	0.000	0.000	-6.011	-166.966	2401.513	-6.011	-505.359	2401.513	-6.011	-823.407	2401.513	0.000	0.000	0.000	-126.045	-174.375	2410.120	-90.600	-502.214	2486.116	-90.600	-820.261	2486.116	0.000	0.000	0.000	
00826	2	0.000	0.000	0.000	-69.680	400.398	2128.903	-63.751	332.312	2202.480	-54.640	99.217	2345.980	-47.132	-64.752	2377.641	-61.461	273.720	2238.551	68.923	255.576	2173.653	164.519	46.135	2208.443	42.707	187.785	2111.320	-6.646	245.174	2071.970	0.000	0.000	0.000	-61.461	273.720	2238.551	-190.236	243.927	2225.095	-270.383	46.541	2319.063	-276.077	-163.433	2333.710	-278.383	-248.504	2339.644	0.000	0.000	0.000	37.525	-214.297	2407.627	37.525	-556.009	2407.627	37.525	-877.273	2407.627	0.000	0.000	0.000	-117.446	-221.219	2410.329	-80.895	-550.913	2492.386	-80.895	-872.177	2492.386	0.000	0.000	0.000	
00827	2	0.000	0.000	0.000	-74.191	393.453	2122.816	-65.320	325.976	2197.661	-64.694	90.963	2342.397	-61.427	-74.919	2370.651	-65.162	266.925	2234.028	68.749	252.932	2167.997	155.476	38.303	2199.836	57.670	179.988	2076.614	17.971	237.499	2026.597	0.000	0.000	0.000	-65.162	266.925	2234.028	-194.816	243.023	2220.884	-271.824	46.556	2321.240	-276.128	-164.798	2332.880	-277.876	-250.588	2337.605	0.000	0.000	0.000	13.505	-164.077	2319.099	13.505	-508.272	2319.099	13.505	-831.905	2319.099	0.000	0.000	0.000	-157.946	-148.253	2399.196	-107.232	-484.102	2454.910	-107.232	-807.735	2454.910	0.000	0.000	0.000	
00828	2	0.000	0.000	0.000	-88.591	396.167	2096.324	-78.679	330.686	2175.229	-96.713	88.753	2319.629	-101.262	-85.082	2337.357	-83.190	270.169	2211.349	51.488	248.796	2171.712	174.013	41.509	2180.306	45.098	191.565	2095.155	-7.283	252.536	2060.556	0.000	0.000	0.000	-83.190	270.169	2211.349	-202.803	243.431	2200.551	-280.812	38.248	2299.893	-276.938	-176.642	2313.819	-275.364	-263.956	2319.477	0.000	0.000	0.000	-16.071	-149.785	2323.722	39.714	-495.756	2325.588	39.714	-825.316	2325.588	0.000	0.000	0.000	-161.037	-164.072	2386.875	-104.226	-491.027	2499.500	-104.226	-820.588	2499.500	0.000	0.000	0.000	
00829	2	0.000	0.000	0.000	-91.601	395.937	2085.914	-82.186	330.943	2166.659	-85.016	83.776	2313.143	-85.906	-92.528	2339.431	-82.889	269.563	2203.036	44.547	243.528	2151.079	154.392	30.260	2183.499	49.801	196.531	2090.273	7.270	264.145	2052.363	0.000	0.000	0.000	-82.889	269.563	2203.036	-206.048	246.536	2205.115	-251.246	16.144	2264.079	-276.235	-195.492	2307.233	-286.397	-281.552	2324.781	0.000	0.000	0.000	-18.156	-201.776	2371.329	34.809	-556.377	2361.129	34.809	-889.350	2361.129	0.000	0.000	0.000	-132.520	-212.805	2383.197	-132.520	-571.485	2383.197	-132.520	-904.458	2383.197	0.000	0.000	0.000	
00830	2	0.000	0.000	0.000	-91.638	388.317	2080.877	-81.077	322.795	2162.522	-68.854	72.805	2308.704	-63.568	-102.617	2344.157	-78.035	260.582	2198.901	46.969	234.324	2147.797	147.946	9.924	2181.352	46.679	177.331	2081.725	5.452	245.484	2041.166	0.000	0.000	0.000	-78.035	260.582	2198.901	-208.625	236.725	2190.145	-290.158	26.923	2295.088	-277.667	-191.117	2317.635	-272.582	-279.883	2326.815	0.000	0.000	0.000	20.662	-238.184	2382.685	26.089	-602.904	2357.351	-10.324	-912.196	2485.098	0.000	0.000	0.000	-128.072	-250.710	2393.733	-128.072	-616.349	2393.733	-128.072	-952.960	2393.733	0.000	0.000	0.000	
00831	2	0.000	0.000	0.000	-94.118	378.745	2060.126	-86.104	313.484	2145.399	-81.087	57.790	2293.913	-79.070	-123.444	2316.603	-84.852	249.660	2182.470	45.355	227.319	2141.783	187.911	14.699	2144.591	42.193	172.354	2075.049	-16.874	236.260	2046.860	0.000	0.000	0.000	-84.852	249.660	2182.470	-213.795	226.617	2174.864	-319.746	28.323	2297.303	-292.012	-193.327	2329.348	-280.769	-283.174	2342.338	0.000	0.000	0.000	14.372	-175.222	2273.944	12.080	-541.857	2331.972	-4.288	-849.693	2485.720	0.000	0.000	0.000	-175.281	-189.202	2361.378	-175.281	-560.408	2361.378	-175.281	-904.892	2361.378	0.000	0.000	0.000	
00832	2	0.000	0.000	0.000	-96.065	377.779	2045.320	-90.058	311.606	2131.713	-79.975	51.729	2288.283	-76.072	-129.709	2311.127	-87.576	247.642	2170.250	45.467	228.763	2127.541	142.119	-3.678	2178.289	62.370	177.747	2065.553	29.986	251.421	2019.773	0.000	0.000	0.000	-87.576	247.642	2170.250	-214.619	219.664	2167.473	-305.949	16.000	2294.459	-325.083	-210.372	2313.785	-332.853	-302.299	2321.633	0.000	0.000	0.000	7.635	-242.963	2349.712	11.001	-621.424	2334.894	5.001	-911.777	2527.855	0.000	0.000	0.000	-146.270	-250.221	2360.637	-146.270	-628.987	2360.637	-146.270	-977.663	2360.637	0.000	0.000	0.000	
00833	2	0.000	0.000	0.000	-95.775	365.860	2030.380	-87.633	293.227	2114.899	-69.999	25.458	2276.153	-62.425	-156.660	2307.969	-83.318	227.709	2154.355	52.104	208.983	2115.931	136.175	-24.961	2188.086	88.677	166.236	2063.390	69.339	244.076	2012.624	0.000	0.000	0.000	-83.318	227.709	2154.355	-219.137	207.504	2159.427	-316.471	3.266	2285.193	-281.698	-225.756	2311.665	-267.540	-318.996	2322.442	0.000	0.000	0.000	39.767	-267.108	2328.292	11.474	-650.252	2300.344	22.713	-949.337	2495.811	0.000	0.000	0.000	-152.320	-271.840	2350.164	-152.320	-657.043	2350.164	-152.320	-1014.514	2350.164	0.000	0.000	0.000	
00834	2	0.000	0.000	0.000	-96.039	363.115	2020.093	-87.298	285.874	2102.333	-68.474	12.393	2266.527	-60.339	-170.477	2303.829	-82.728	219.478	2142.197	53.186	199.434	2106.599	138.846	-35.814	2181.026	94.992	160.449	2057.677	77.122	240.424	2007.414	0.000	0.000	0.000	-82.728	219.478	2142.197	-220.759	205.621	2156.865	-322.593	-11.460	2260.422	-283.974	-240.047	2304.170	-268.238	-333.193	2321.997	0.000	0.000	0.000	45.995	-276.191	2330.518	10.887	-661.769	2292.710	26.082	-977.307	2469.546	0.000	0.000	0.000	-156.000	-281.742	2343.117	-156.000	-670.756	2343.117	-156.000	-1032.786	2343.117	0.000	0.000	0.000	
00835	2	0.000	0.000	0.000	-96.427	354.378	1996.568	-87.063	269.710	2075.026	-76.136	-15.773	2233.168	-71.071	-202.417	2259.878	-84.406	200.298	2113.476	56.645	182.979	2073.509	180.700	-52.073	2081.622	91.544	169.073	2045.698	55.168	259.300	2031.041	0.000	0.000	0.000	-84.406	200.298	2113.476	-225.175	188.954	2125.819	-322.742	-25.537	2249.022	-322.742	-266.669	2249.022	-322.742	-365.052	2249.022	0.000	0.000	0.000	38.967	-251.130	2252.924	10.663	-647.385	2271.070	-0.390	-996.441	2394.792	0.000	0.000	0.000	-176.022	-264.445	2285.354	-176.022	-662.124	2285.354	-176.022	-1032.623	2285.354	0.000	0.000	0.000	
00836	2	0.000	0.000	0.000	-96.689	351.603	1978.567	-87.029	265.852	2057.232	-78.819	-20.637	2215.195	-74.761	-207.981	2239.565	-85.021	195.773	2095.872	57.808	178.515	2057.748	134.825	-64.925	2137.901	134.825	-307.945	2137.901	134.825	-407.141	2137.901	0.000	0.000	0.000	-85.021	195.773	2095.872	-223.681	184.049	2114.157	-319.433	-25.418	2250.445	-319.433	-268.438	2250.445	-319.433	-367.634	2250.445	0.000	0.000	0.000	16.712	-305.821	2277.961	7.396	-705.583	2262.362	-28.112	-1045.080	2414.116	0.000	0.000	0.000	-151.990	-311.162	2295.303	-151.990	-711.336	2295.303	-151.990	-1084.898	2295.303	0.000	0.000	0.000	
00837	2	0.000	0.000	0.000	-96.443	345.628	1964.913	-86.984	259.545	2044.377	-84.428	-28.855	2195.168	-82.432	-216.968	2213.557	-86.351	188.143	2081.710	57.922	169.942	2047.543	91.353	-68.978	2164.645	91.353	-313.508	2164.645	91.353	-413.355	2164.645	0.000	0.000	0.000	-86.351	188.143	2081.710	-224.690	175.520	2099.266	-316.174	-28.465	2247.369	-316.174	-272.995	2247.369	-316.174	-372.842	2247.369	0.000	0.000	0.000	28.903	-265.711	2213.469	2.926	-664.916	2254.724	-27.505	-1007.772	2406.082	0.000	0.000	0.000	-177.867	-274.887	2266.877	-177.867	-677.058	2266.877	-177.867	-1053.071	2266.877	0.000	0.000	0.000	
00838	2	0.000	0.000	0.000	-91.543	341.977	1941.368	-86.733	252.791	2019.454	-79.942	-33.296	2177.919	-75.640	-220.987	2203.268	-85.044	181.660	2058.854	63.265	168.306	2019.762	152.121	-87.256	2061.969	152.121	-333.961	2061.969	152.121	-434.745	2061.969	0.000	0.000	0.000	-85.044	181.660	2058.854	-229.202	174.986	2076.776	-307.452	-47.401	2216.096	-307.452	-294.107	2216.096	-307.452	-394.890	2216.096	0.000	0.000	0.000	24.578	-319.443	2239.390	-18.690	-722.161	2236.541	-42.819	-1058.691	2410.372	0.000	0.000	0.000	-160.517	-323.598	2262.846	-160.517	-728.644	2262.846	-160.517	-1108.186	2262.846	0.000	0.000	0.000	
00839	2	0.000	0.000	0.000	-84.842	341.313	1934.584	-86.484	248.739	2009.387	-75.980	-39.737	2171.742	-70.165	-227.400	2200.762	-83.896	177.663	2049.389	65.016	165.670	2012.991	159.964	-89.456	2043.882	159.964	-336.934	2043.882	159.964	-438.051	2043.882	0.000	0.000	0.000	-83.896	177.663	2049.389	-229.287	172.921	2070.414	-296.156	-60.249	2197.770	-296.156	-307.727	2197.770	-296.156	-408.844	2197.770	0.000	0.000	0.000	34.902	-334.471	2229.463	-14.290	-737.053	2209.474	-45.878	-1061.425	2406.427	0.000	0.000	0.000	-161.115	-334.296	2259.750	-161.115	-740.364	2259.750	-161.115	-1121.160	2259.750	0.000	0.000	0.000	
00840	2	0.000	0.000	0.000	-68.752	342.300	1916.027	-79.479	241.320	1979.200	-74.654	-51.847	2145.404	-70.703	-240.872	2170.508	-78.305	170.005	2019.631	68.216	151.473	1996.742	205.764	-84.233	1970.621	205.764	-332.825	1970.621	205.764	-434.422	1970.621	0.000	0.000	0.000	-78.305	170.005	2019.631	-220.156	157.417	2037.203	-281.095	-74.357	2170.343	-281.095	-322.949	2170.343	-281.095	-424.546	2170.343	0.000	0.000	0.000	41.630	-325.597	2169.844	-18.938	-727.317	2202.115	-45.041	-1052.689	2401.707	0.000	0.000	0.000	-172.436	-326.699	2218.647	-172.436	-734.240	2218.647	-172.436	-1116.843	2218.647	0.000	0.000	0.000	
00841	2	0.000	0.000	0.000	-63.129	342.547	1903.000	-76.221	239.434	1966.743	-74.839	-55.462	2130.836	-73.281	-244.739	2152.833	-75.884	167.671	2006.675	70.694	146.110	1984.557	153.965	-117.857	2024.825	153.965	-366.845	2024.825	153.965	-468.612	2024.825	0.000	0.000	0.000	-75.884	167.671	2006.675	-214.152	152.658	2030.426	-282.291	-87.900	2155.817	-282.291	-336.888	2155.817	-282.291	-438.655	2155.817	0.000	0.000	0.000	31.958	-335.971	2179.314	-19.003	-740.794	2173.189	-43.147	-1052.823	2394.394	0.000	0.000	0.000	-167.917	-333.832	2209.273	-167.917	-741.895	2209.273	-167.917	-1125.141	2209.273	0.000	0.000	0.000	
00842	2	0.000	0.000	0.000	-58.067	334.369	1891.702	-70.807	234.328	1959.756	-74.796	-61.988	2121.958	-76.293	-251.112	2141.009	-71.778	162.198	1999.240	76.663	140.053	1975.918	149.164	-127.653	2031.124	149.164	-376.958	2031.124	149.164	-478.861	2031.124	0.000	0.000	0.000	-71.778	162.198	1999.240	-211.059	146.274	2018.684	-285.154	-98.893	2138.574	-285.154	-348.198	2138.574	-285.154	-450.102	2138.574	0.000	0.000	0.000	25.010	-347.021	2171.251	-19.209	-753.026	2163.348	-42.081	-1055.301	2398.673	0.000	0.000	0.000	-166.082	-344.812	2201.722	-166.082	-753.294	2201.722	-166.082	-1137.053	2201.722	0.000	0.000	0.000	
00843	2	0.000	0.000	0.000	-54.586	319.524	1872.854	-64.703	224.200	1947.150	-77.390	-74.772	2107.491	-84.830	-262.342	2124.228	-67.782	151.640	1986.064	82.252	126.997	1966.903	152.398	-141.287	2011.445	152.398	-391.047	2011.445	152.398	-493.147	2011.445	0.000	0.000	0.000	-67.782	151.640	1986.064	-212.254	140.529	1998.744	-291.240	-115.421	2083.190	-291.240	-365.182	2083.190	-291.240	-467.282	2083.190	0.000	0.000	0.000	23.796	-349.582	2141.109	-16.790	-754.072	2186.838	-37.484	-1072.727	2401.013	0.000	0.000	0.000	-184.416	-350.658	2176.726	-184.416	-759.744	2176.726	-184.416	-1144.243	2176.726	0.000	0.000	0.000	
00844	2	0.000	0.000	0.000	-54.321	315.272	1865.421	-64.110	220.300	1939.988	-78.942	-80.351	2098.825	-87.274	-267.068	2116.344	-67.703	147.467	1978.466	83.003	122.591	1960.929	151.271	-143.592	2012.415	109.440	-389.546	1997.630	101.074	-438.737	1994.673	0.000	0.000	0.000	-67.703	147.467	1978.466	-212.765	135.719	1988.726	-295.063	-124.650	2048.728	-312.326	-365.683	2112.501	-319.383	-464.218	2138.571	0.000	0.000	0.000	20.338	-355.294	2141.392	-14.250	-761.651	2176.095	-35.816	-1067.349	2408.744	0.000	0.000	0.000	-188.611	-353.441	2170.323	-188.611	-762.741	2170.323	-188.611	-1147.503	2170.323	0.000	0.000	0.000	
00845	2	0.000	0.000	0.000	-54.571	303.437	1849.193	-63.003	205.959	1920.174	-83.468	-98.796	2081.388	-89.468	-284.698	2102.214	-67.895	133.109	1958.711	85.387	110.331	1948.873	145.522	-152.872	2011.215	113.193	-399.332	1982.366	106.728	-448.624	1976.597	0.000	0.000	0.000	-67.895	133.109	1958.711	-219.542	129.519	1960.680	-298.695	-126.581	2030.868	-314.371	-376.008	2043.523	-320.779	-477.982	2048.697	0.000	0.000	0.000	18.493	-375.814	2140.151	-10.425	-780.687	2195.920	-65.512	-1086.046	2424.304	0.000	0.000	0.000	-199.656	-375.654	2141.200	-199.656	-785.372	2141.200	-199.656	-1170.648	2141.200	0.000	0.000	0.000	
00846	2	0.000	0.000	0.000	-55.433	299.653	1840.735	-63.128	202.744	1912.480	-84.771	-101.920	2076.711	-89.983	-287.974	2098.126	-68.282	130.191	1951.590	86.088	109.253	1943.232	143.927	-152.617	2010.820	115.416	-399.738	1983.048	109.714	-449.163	1977.494	0.000	0.000	0.000	-68.282	130.191	1951.590	-220.878	124.519	1943.262	-302.057	-125.870	2028.143	-314.816	-375.838	2030.655	-320.033	-478.035	2031.682	0.000	0.000	0.000	18.439	-376.051	2139.309	-8.697	-780.252	2201.168	-97.664	-1084.197	2420.765	0.000	0.000	0.000	-203.331	-375.330	2130.838	-203.331	-785.136	2130.838	-203.331	-1170.520	2130.838	0.000	0.000	0.000	
00847	2	0.000	0.000	0.000	-55.433	299.653	1840.735	-63.128	202.744	1912.480	-84.771	-101.920	2076.711	-89.983	-287.974	2098.126	-68.282	130.191	1951.590	86.088	109.253	1943.232	143.927	-152.617	2010.820	115.416	-399.738	1983.048	109.714	-449.163	1977.494	0.000	0.000	0.000	-68.282	130.191	1951.590	-220.878	124.519	1943.262	-302.057	-125.870	2028.143	-314.816	-375.838	2030.655	-320.033	-478.035	2031.682	0.000	0.000	0.000	18.439	-376.051	2139.309	-8.697	-780.252	2201.168	-97.664	-1084.197	2420.765	0.000	0.000	0.000	-203.331	-375.330	2130.838	-203.331	-785.136	2130.838	-203.331	-1170.520	2130.838	0.000	0.000	0.000	
00848	2	0.000	0.000	0.000	-60.489	292.152	1822.023	-66.586	197.203	1896.360	-94.212	-108.428	2061.780	-98.480	-294.355	2086.941	-73.133	124.775	1935.561	77.481	105.636	1945.286	133.582	-159.223	2013.033	129.900	-408.618	1990.912	129.164	-458.497	1986.488	0.000	0.000	0.000	-73.133	124.775	1935.561	-222.668	113.523	1909.378	-332.817	-121.143	2012.749	-319.434	-370.886	2000.478	-313.962	-472.992	1995.460	0.000	0.000	0.000	8.045	-377.945	2137.195	-5.125	-784.227	2190.167	-77.658	-1086.489	2418.239	0.000	0.000	0.000	-212.723	-377.736	2118.923	-185.495	-776.416	2027.506	-185.495	-1161.955	2027.506	0.000	0.000	0.000	
00849	2	0.000	0.000	0.000	-65.167	289.400	1812.890	-70.870	194.640	1887.452	-97.006	-111.053	2054.905	-101.180	-296.555	2082.935	-77.049	122.374	1927.038	71.642	106.604	1945.273	122.580	-154.891	2033.298	144.582	-402.525	2003.110	148.983	-452.052	1997.072	0.000	0.000	0.000	-77.049	122.374	1927.038	-226.129	110.610	1902.857	-335.955	-129.804	1996.994	-319.608	-378.586	1973.366	-312.924	-480.301	1963.706	0.000	0.000	0.000	3.335	-380.671	2137.768	-5.272	-788.304	2180.695	-60.386	-1098.269	2403.332	0.000	0.000	0.000	-215.372	-381.120	2113.470	-188.011	-784.515	2045.608	-188.011	-1170.109	2045.608	0.000	0.000	0.000	
00850	2	0.000	0.000	0.000	-77.466	288.175	1795.433	-82.938	191.146	1866.967	-107.574	-116.494	2033.580	-116.254	-301.104	2069.715	-88.743	118.654	1906.228	48.945	104.855	1948.560	95.029	-148.467	2051.448	145.219	-401.186	2032.947	155.257	-451.729	2029.246	0.000	0.000	0.000	-88.743	118.654	1906.228	-234.138	98.235	1865.226	-342.014	-152.592	1913.499	-317.829	-409.272	1929.577	-308.240	-511.034	1935.952	0.000	0.000	0.000	-24.033	-398.214	2136.731	-4.832	-803.439	2196.387	-53.757	-1122.936	2406.797	0.000	0.000	0.000	-228.081	-399.767	2086.805	-187.696	-806.136	2049.826	-187.696	-1191.810	2049.826	0.000	0.000	0.000	
00851	2	0.000	0.000	0.000	-85.667	287.183	1786.678	-90.303	189.792	1857.753	-116.975	-117.630	2024.632	-128.224	-302.484	2060.678	-96.587	117.363	1897.070	37.853	105.648	1949.003	84.713	-144.926	2046.162	148.665	-398.649	2046.161	161.456	-449.393	2046.160	0.000	0.000	0.000	-96.587	117.363	1897.070	-239.944	92.767	1852.810	-344.438	-155.902	1893.646	-317.218	-414.572	1922.181	-306.563	-515.821	1933.350	0.000	0.000	0.000	-41.428	-400.546	2132.735	-10.606	-804.447	2196.515	-71.515	-1107.902	2426.669	0.000	0.000	0.000	-240.050	-401.362	2073.470	-189.373	-807.691	2051.521	-189.373	-1193.394	2051.521	0.000	0.000	0.000	
00852	2	0.000	0.000	0.000	-91.847	286.478	1779.741	-98.047	188.879	1850.390	-124.974	-118.791	2016.760	-136.825	-303.805	2052.638	-104.391	116.386	1889.590	26.848	106.701	1949.156	78.185	-141.154	2051.812	141.109	-389.384	2093.430	153.694	-439.031	2101.754	0.000	0.000	0.000	-104.391	116.386	1889.590	-244.544	86.351	1838.850	-349.543	-163.516	1872.723	-316.521	-420.101	1892.309	-309.916	-471.418	1896.226	0.000	0.000	0.000	-48.684	-394.545	2127.267	-27.064	-798.159	2198.583	-58.490	-1118.706	2410.823	0.000	0.000	0.000	-249.701	-398.607	2068.830	-198.243	-805.515	2053.484	-266.723	-1134.728	2242.463	0.000	0.000	0.000	
00853	2	0.000	0.000	0.000	-101.173	290.822	1756.411	-112.606	188.030	1818.495	-136.571	-114.152	1995.143	-149.039	-297.892	2033.450	-118.253	116.832	1860.115	-5.452	111.251	1942.320	43.157	-131.845	2058.123	127.828	-359.710	2156.434	144.762	-405.283	2176.096	0.000	0.000	0.000	-118.253	116.832	1860.115	-252.660	75.644	1796.961	-357.128	-173.965	1837.593	-313.673	-432.485	1843.570	-304.982	-484.189	1844.765	0.000	0.000	0.000	-63.222	-396.304	2106.726	-41.442	-794.400	2200.690	-36.736	-1123.298	2402.217	0.000	0.000	0.000	-261.834	-395.738	2039.576	-216.932	-802.651	2053.362	-258.714	-1136.005	2242.936	0.000	0.000	0.000	
00854	2	0.000	0.000	0.000	-104.252	293.786	1745.146	-119.113	187.682	1805.543	-141.874	-110.863	1987.471	-153.980	-293.550	2025.115	-124.483	117.239	1848.469	-11.150	119.546	1934.816	26.548	-119.086	2063.642	115.573	-348.957	2156.400	133.378	-394.931	2174.952	0.000	0.000	0.000	-124.483	117.239	1848.469	-255.590	68.820	1789.554	-360.475	-182.303	1819.537	-310.272	-440.363	1835.509	-300.232	-491.975	1838.703	0.000	0.000	0.000	-71.814	-394.745	2097.116	-63.449	-790.374	2203.328	-38.705	-1122.186	2398.539	0.000	0.000	0.000	-265.122	-390.657	2029.686	-222.282	-797.543	2051.643	-269.597	-1127.594	2245.668	0.000	0.000	0.000	
00855	2	0.000	0.000	0.000	-112.029	290.259	1729.364	-129.792	185.510	1789.594	-157.765	-106.374	1978.993	-169.494	-293.658	2018.172	-136.417	116.383	1834.449	-45.812	110.741	1934.114	1.790	-114.645	2082.549	113.255	-326.856	2185.531	135.548	-369.298	2206.127	0.000	0.000	0.000	-136.417	116.383	1834.449	-264.115	63.533	1764.936	-361.900	-192.082	1778.974	-301.710	-443.987	1810.339	-289.673	-494.368	1816.612	0.000	0.000	0.000	-90.865	-382.008	2092.500	-64.059	-779.061	2190.649	-39.422	-1109.900	2388.055	0.000	0.000	0.000	-282.645	-371.053	2027.616	-246.178	-775.403	2083.950	-249.744	-1132.843	2229.742	0.000	0.000	0.000	
00856	2	0.000	0.000	0.000	-115.704	288.232	1722.670	-135.094	183.775	1782.283	-165.487	-103.475	1976.030	-177.982	-292.438	2015.268	-142.318	115.499	1828.334	-63.401	106.274	1932.782	-11.801	-111.184	2091.512	72.994	-327.851	2203.671	89.953	-371.185	2226.103	0.000	0.000	0.000	-142.318	115.499	1828.334	-266.168	57.739	1755.251	-364.129	-198.137	1746.457	-302.201	-440.019	1812.582	-289.815	-488.395	1825.807	0.000	0.000	0.000	-96.801	-371.459	2089.956	-64.124	-775.835	2188.630	-42.155	-1107.229	2385.332	0.000	0.000	0.000	-288.607	-369.759	2022.482	-234.129	-780.927	2070.411	-269.307	-1123.091	2245.575	0.000	0.000	0.000	
00857	2	0.000	0.000	0.000	-118.674	286.723	1717.428	-138.950	181.754	1775.323	-173.086	-100.766	1972.140	-186.509	-288.065	2009.305	-147.106	114.250	1822.349	-80.072	108.744	1934.488	-25.141	-100.907	2102.457	-25.141	-357.655	2102.457	-25.141	-460.100	2102.457	0.000	0.000	0.000	-147.106	114.250	1822.349	-265.005	50.365	1744.055	-363.514	-204.747	1724.102	-300.960	-440.548	1804.130	-288.449	-487.708	1820.136	0.000	0.000	0.000	-107.690	-366.008	2086.920	-62.616	-774.081	2192.385	-55.986	-1107.114	2387.354	0.000	0.000	0.000	-292.364	-373.958	2006.000	-230.130	-786.380	2081.584	-253.876	-1137.383	2240.333	0.000	0.000	0.000	
00858	2	0.000	0.000	0.000	-124.970	283.097	1715.421	-147.959	174.519	1764.189	-179.163	-98.177	1970.257	-193.287	-284.455	1999.257	-155.475	108.833	1813.827	-105.915	98.298	1929.088	-93.111	-86.160	2136.590	-93.111	-343.656	2136.590	-93.111	-446.104	2136.590	0.000	0.000	0.000	-155.475	108.833	1813.827	-265.169	31.554	1739.866	-363.696	-228.264	1745.637	-272.942	-469.183	1750.732	-254.791	-517.367	1751.750	0.000	0.000	0.000	-114.838	-346.429	2083.687	-66.198	-739.868	2204.401	-68.563	-1084.370	2378.301	0.000	0.000	0.000	-297.134	-359.680	1964.862	-125.394	-686.906	2152.373	-210.319	-1050.387	2250.341	0.000	0.000	0.000	
00859	2	0.000	0.000	0.000	-127.862	280.880	1717.516	-152.877	169.678	1758.428	-182.329	-99.895	1966.196	-196.664	-289.315	1988.618	-160.004	104.439	1808.709	-116.765	96.083	1924.769	-118.728	-78.893	2146.330	-118.728	-335.006	2146.330	-118.728	-437.454	2146.330	0.000	0.000	0.000	-160.004	104.439	1808.709	-270.733	28.304	1735.775	-331.137	-247.035	1719.982	-256.287	-491.476	1735.469	-241.317	-540.364	1738.566	0.000	0.000	0.000	-113.272	-335.171	2068.927	-71.007	-719.801	2215.404	-71.679	-1069.426	2378.732	0.000	0.000	0.000	-298.738	-333.440	1933.785	-158.994	-674.187	2122.321	-222.092	-1041.585	2222.078	0.000	0.000	0.000	
00860	2	0.000	0.000	0.000	-127.899	284.689	1730.136	-164.814	167.668	1742.926	-209.002	-99.634	1941.461	-216.368	-293.789	1932.721	-175.691	101.874	1791.794	-113.928	115.451	1909.501	-160.663	-49.166	2130.497	-160.663	-303.286	2130.497	-160.663	-405.735	2130.497	0.000	0.000	0.000	-175.691	101.874	1791.794	-273.382	22.382	1729.965	-248.465	-242.254	1643.540	-249.379	-472.776	1750.477	-249.562	-518.881	1771.864	0.000	0.000	0.000	-129.922	-269.097	2016.746	-112.645	-648.704	2203.564	-82.768	-988.212	2384.496	0.000	0.000	0.000	-299.310	-263.410	1851.168	-186.351	-607.671	2070.315	-232.402	-955.742	2230.378	0.000	0.000	0.000	
00861	2	0.000	0.000	0.000	-125.715	289.422	1740.658	-166.967	173.958	1735.646	-221.481	-87.534	1937.190	-219.779	-278.621	1895.295	-180.436	109.349	1785.443	-129.550	112.167	1900.045	-180.610	-41.033	2126.948	-180.610	-294.444	2126.948	-180.610	-396.894	2126.948	0.000	0.000	0.000	-180.436	109.349	1785.443	-273.124	29.295	1728.655	-211.255	-221.894	1625.514	-237.583	-443.284	1745.975	-242.849	-487.562	1770.067	0.000	0.000	0.000	-151.713	-204.282	2009.708	-134.419	-592.063	2172.148	-91.705	-925.711	2361.204	0.000	0.000	0.000	-319.150	-219.022	1845.761	-281.532	-600.477	2019.363	-269.074	-941.442	2199.571	0.000	0.000	0.000	
00862	2	0.000	0.000	0.000	-124.332	295.120	1752.747	-164.902	181.954	1734.312	-228.750	-76.789	1934.983	-216.592	-266.366	1884.553	-180.725	117.830	1784.044	-140.290	120.984	1900.108	-193.291	-45.364	2116.059	-193.291	-298.208	2116.059	-193.291	-400.658	2116.059	0.000	0.000	0.000	-180.725	117.830	1784.044	-261.005	31.731	1731.329	-193.149	-211.157	1615.071	-224.521	-422.680	1749.993	-230.795	-464.985	1776.978	0.000	0.000	0.000	-156.939	-202.940	2005.624	-129.453	-581.547	2182.198	-100.880	-916.836	2371.002	0.000	0.000	0.000	-314.509	-229.855	1847.677	-272.989	-604.868	2029.112	-264.278	-943.814	2213.292	0.000	0.000	0.000	
00863	2	0.000	0.000	0.000	-123.521	306.675	1778.171	-157.580	194.826	1749.890	-223.100	-66.723	1943.852	-210.702	-256.667	1889.843	-173.889	129.722	1798.171	-135.600	150.177	1918.712	-190.110	-70.012	2076.888	-190.110	-322.041	2076.888	-190.110	-424.491	2076.888	0.000	0.000	0.000	-173.889	129.722	1798.171	-242.073	44.402	1715.090	-171.082	-222.744	1706.879	-177.468	-467.909	1764.947	-178.745	-516.942	1776.561	0.000	0.000	0.000	-148.310	-173.111	2013.885	-225.959	-579.851	2049.369	-257.337	-934.698	2197.603	0.000	0.000	0.000	-296.644	-205.399	1831.856	-273.580	-580.588	2009.136	-266.220	-932.131	2168.000	0.000	0.000	0.000	
00864	2	0.000	0.000	0.000	-123.964	311.360	1802.096	-154.422	200.515	1766.309	-211.742	-69.482	1950.139	-201.564	-257.997	1889.366	-168.712	133.203	1812.139	-138.860	135.244	1927.414	-173.943	-108.637	2052.065	-173.943	-360.376	2052.065	-173.943	-462.827	2052.065	0.000	0.000	0.000	-168.712	133.203	1812.139	-229.812	45.178	1740.934	-200.804	-229.372	1735.699	-133.225	-468.882	1773.655	-119.709	-516.783	1781.246	0.000	0.000	0.000	-136.561	-175.164	2016.772	-228.081	-575.999	2069.490	-282.394	-928.154	2217.506	0.000	0.000	0.000	-284.809	-179.234	1827.630	-221.164	-578.892	1917.335	-241.002	-898.429	2132.681	0.000	0.000	0.000	
00865	2	0.000	0.000	0.000	-124.232	324.544	1853.037	-150.744	215.211	1806.397	-177.362	-79.474	1954.502	-176.620	-275.397	1919.631	-157.395	141.578	1843.404	-135.649	149.079	1966.604	-135.649	-126.457	1966.604	-135.649	-377.778	1966.604	-135.649	-480.229	1966.604	0.000	0.000	0.000	-157.395	141.578	1843.404	-213.386	57.954	1766.226	-215.270	-215.973	1736.551	-105.158	-433.285	1798.300	-60.009	-522.387	1823.619	0.000	0.000	0.000	-100.224	-177.426	2032.144	-182.084	-573.260	1949.900	-252.290	-898.581	2145.105	0.000	0.000	0.000	-289.022	-203.995	1920.042	-197.250	-603.671	1964.614	-232.451	-937.700	2154.491	0.000	0.000	0.000	
00866	2	0.000	0.000	0.000	-124.134	330.981	1872.821	-149.860	218.785	1830.884	-174.591	-82.678	1964.359	-173.060	-281.865	1968.846	-156.044	143.398	1864.262	-135.196	157.202	1993.096	-135.196	-118.124	1993.096	-135.196	-369.296	1993.096	-135.196	-471.747	1993.096	0.000	0.000	0.000	-156.044	143.398	1864.262	-213.270	64.123	1782.108	-212.598	-208.166	1741.338	-94.938	-417.502	1814.971	-46.722	-503.287	1845.145	0.000	0.000	0.000	-113.777	-209.470	2061.727	-191.710	-579.330	1897.724	-243.437	-889.304	2121.568	0.000	0.000	0.000	-277.470	-216.488	1929.365	-186.907	-614.370	1986.417	-227.622	-949.840	2172.613	0.000	0.000	0.000	
00867	2	0.000	0.000	0.000	-124.170	338.250	1888.006	-149.760	221.680	1856.983	-177.161	-82.410	1983.257	-182.181	-275.013	2034.760	-156.617	145.587	1888.581	-136.111	164.750	2020.019	-136.111	-110.407	2020.019	-136.111	-361.460	2020.019	-136.111	-463.912	2020.019	0.000	0.000	0.000	-156.617	145.587	1888.581	-217.084	74.499	1795.231	-187.383	-194.269	1744.310	-69.780	-391.004	1846.744	-21.610	-471.588	1888.701	0.000	0.000	0.000	-153.036	-222.303	2115.496	-157.668	-559.096	1878.833	-229.576	-869.048	2097.062	0.000	0.000	0.000	-279.747	-210.835	1950.193	-181.809	-605.001	2017.285	-226.116	-952.898	2178.128	0.000	0.000	0.000	
00868	2	0.000	0.000	0.000	-123.740	352.952	1934.191	-149.436	233.692	1912.098	-177.281	-63.034	2045.373	-187.230	-255.588	2097.413	-156.488	158.547	1945.849	-122.527	190.739	2077.411	-122.527	-84.175	2077.411	-122.527	-335.583	2077.411	-122.527	-438.035	2077.411	0.000	0.000	0.000	-156.488	158.547	1945.849	-204.217	86.311	1840.158	-101.700	-152.196	1749.701	-72.332	-327.501	1927.497	-60.335	-399.110	2000.124	0.000	0.000	0.000	-99.624	-295.927	2111.721	-158.848	-701.922	2137.797	-256.114	-1049.525	2274.087	0.000	0.000	0.000	-271.741	-288.539	2045.839	-96.411	-658.906	2012.559	-192.397	-990.970	2183.975	0.000	0.000	0.000	
00869	2	0.000	0.000	0.000	-123.606	357.386	1962.349	-149.231	238.313	1938.290	-176.195	-55.305	2083.272	-184.481	-252.057	2117.086	-156.016	164.430	1974.771	-126.114	188.776	2101.250	-126.114	-86.052	2101.250	-126.114	-337.294	2101.250	-126.114	-439.746	2101.250	0.000	0.000	0.000	-156.016	164.430	1974.771	-223.690	117.913	1840.800	-88.473	-113.493	1779.991	-74.980	-308.505	1937.823	-69.467	-388.178	2002.307	0.000	0.000	0.000	-71.412	-270.948	2134.098	-139.588	-676.070	2143.648	-236.658	-1029.495	2264.191	0.000	0.000	0.000	-283.916	-270.837	2058.905	-61.257	-614.408	2023.624	-173.441	-952.504	2171.844	0.000	0.000	0.000	
00870	2	0.000	0.000	0.000	-123.481	367.754	2020.758	-148.705	251.400	1984.475	-174.065	-51.581	2103.456	-168.948	-249.521	2131.264	-155.127	174.676	2014.604	-125.545	193.588	2143.625	-125.545	-81.115	2143.625	-125.545	-332.118	2143.625	-125.545	-434.569	2143.625	0.000	0.000	0.000	-155.127	174.676	2014.604	-197.587	120.017	1886.717	-84.771	-128.421	1854.892	-55.484	-349.642	1969.810	-43.515	-440.047	2016.773	0.000	0.000	0.000	-48.509	-227.970	2131.380	-98.994	-633.841	2168.217	-217.933	-985.252	2274.168	0.000	0.000	0.000	-267.845	-287.147	2110.599	23.672	-565.611	2032.417	-191.691	-796.980	2253.661	0.000	0.000	0.000	
00871	2	0.000	0.000	0.000	-123.476	373.405	2042.411	-148.456	257.898	2003.252	-160.211	-52.598	2105.482	-149.724	-246.828	2131.863	-151.427	179.418	2029.092	-124.415	197.748	2161.780	-124.415	-76.911	2161.780	-124.415	-327.829	2161.780	-124.415	-430.280	2161.780	0.000	0.000	0.000	-151.427	179.418	2029.092	-189.004	132.005	1894.469	-84.076	-121.117	1875.582	-35.470	-341.949	1984.350	-15.605	-432.204	2028.804	0.000	0.000	0.000	-43.297	-260.183	2152.562	-86.799	-667.158	2184.739	-199.231	-1036.910	2250.143	0.000	0.000	0.000	-240.846	-292.406	2141.456	70.490	-529.437	2017.187	-143.788	-747.122	2262.814	0.000	0.000	0.000	
00872	2	0.000	0.000	0.000	-123.598	380.996	2057.322	-148.157	264.983	2018.804	-144.470	-47.021	2105.702	-134.353	-241.818	2133.809	-147.216	185.341	2040.985	-121.772	217.313	2181.224	-121.772	-57.310	2181.224	-121.772	-308.159	2181.224	-121.772	-410.611	2181.224	0.000	0.000	0.000	-147.216	185.341	2040.985	-181.811	135.991	1911.206	-79.336	-118.606	1901.369	-14.570	-331.606	2016.963	11.902	-418.667	2064.210	0.000	0.000	0.000	-42.718	-282.301	2170.854	-70.158	-690.028	2209.562	-213.234	-1035.686	2323.779	0.000	0.000	0.000	-229.704	-283.585	2166.418	-43.352	-624.643	2034.339	-126.859	-808.795	2369.169	0.000	0.000	0.000	
