00513	2	0.000	0.000	0.000	65.722	595.555	2575.920	74.715	503.102	2652.511	73.118	244.803	2870.633	65.792	49.985	2926.604	74.319	439.038	2706.610	233.642	418.649	2703.440	294.373	173.482	2825.787	287.143	-91.680	2838.533	285.697	-144.712	2841.082	0.000	0.000	0.000	74.319	439.038	2706.610	-79.672	421.218	2719.175	-133.173	170.121	2832.541	-173.415	-75.686	2924.656	-181.464	-124.847	2943.078	0.000	0.000	0.000	168.815	-74.695	2975.121	145.654	-512.924	2958.963	145.654	-906.665	2958.963	0.000	0.000	0.000	-37.409	-67.550	2995.252	-12.561	-505.304	2970.843	78.126	-824.690	3182.506	0.000	0.000	0.000	
00514	2	0.000	0.000	0.000	60.636	598.478	2583.763	68.702	504.233	2660.425	70.909	247.226	2880.124	65.395	51.441	2939.005	69.250	440.497	2714.908	226.992	420.755	2715.514	289.290	173.644	2832.491	233.194	-73.249	2745.443	221.975	-122.628	2728.033	0.000	0.000	0.000	69.250	440.497	2714.908	-86.366	422.701	2726.496	-142.300	173.638	2842.543	-197.788	-74.463	2926.492	-208.885	-124.083	2943.282	0.000	0.000	0.000	167.150	-87.268	2986.302	151.923	-522.443	2949.859	151.923	-916.462	2949.859	0.000	0.000	0.000	-34.974	-83.067	3006.759	-14.398	-519.377	3018.937	85.655	-839.842	3225.192	0.000	0.000	0.000	
00515	2	0.000	0.000	0.000	55.440	600.560	2587.635	64.048	505.396	2665.605	69.342	248.442	2885.699	65.054	50.125	2945.275	65.360	441.721	2720.146	226.519	427.322	2717.151	284.307	173.038	2821.612	281.419	-89.950	2854.187	280.841	-142.547	2860.702	0.000	0.000	0.000	65.360	441.721	2720.146	-92.081	422.551	2728.134	-157.777	176.025	2845.696	-195.400	-79.038	2907.009	-202.925	-130.051	2919.271	0.000	0.000	0.000	174.337	-86.342	2983.406	165.345	-526.931	2980.372	165.345	-920.406	2980.372	0.000	0.000	0.000	-33.278	-88.993	3018.041	45.540	-516.632	3089.607	69.372	-859.069	3281.940	0.000	0.000	0.000	
00516	2	0.000	0.000	0.000	48.520	604.166	2599.191	60.634	507.720	2677.312	69.303	247.733	2895.031	65.278	48.894	2947.368	62.777	443.454	2731.130	228.615	434.620	2718.114	283.571	185.248	2842.728	377.487	-50.511	2924.817	413.896	-141.908	2956.641	0.000	0.000	0.000	62.777	443.454	2731.130	-94.945	422.064	2738.012	-158.181	180.546	2873.677	-174.214	-76.907	2941.517	-177.421	-128.398	2955.084	0.000	0.000	0.000	180.106	-89.979	2986.043	173.678	-529.509	2992.755	173.678	-922.202	2992.755	0.000	0.000	0.000	-34.435	-101.248	3020.923	21.631	-525.372	3122.158	83.579	-850.974	3332.760	0.000	0.000	0.000	
00517	2	0.000	0.000	0.000	47.363	607.646	2604.292	60.098	508.962	2682.575	69.391	245.859	2896.700	65.328	47.228	2947.764	62.395	443.951	2735.484	227.473	431.267	2717.811	286.329	178.330	2840.791	414.279	29.039	3017.272	464.403	-29.446	3086.409	0.000	0.000	0.000	62.395	443.951	2735.484	-95.689	422.702	2742.424	-157.749	182.129	2886.779	-192.720	-68.767	2961.833	-199.714	-118.946	2976.843	0.000	0.000	0.000	173.417	-104.208	2987.373	167.137	-538.725	2970.189	167.137	-931.141	2970.189	0.000	0.000	0.000	-35.374	-103.586	3020.059	21.946	-520.741	3128.848	119.356	-837.718	3338.675	0.000	0.000	0.000	
00518	2	0.000	0.000	0.000	46.792	610.194	2606.645	59.838	510.263	2685.128	69.385	244.812	2896.857	65.371	46.488	2947.443	62.194	444.736	2737.394	227.276	431.088	2717.735	288.184	175.528	2838.099	440.774	68.290	3022.384	501.058	25.924	3095.189	0.000	0.000	0.000	62.194	444.736	2737.394	-93.417	424.987	2753.013	-157.995	178.844	2889.949	-194.538	-77.815	2929.135	-201.846	-129.147	2936.972	0.000	0.000	0.000	173.587	-106.310	2990.530	173.820	-526.025	2892.021	173.820	-918.219	2892.021	0.000	0.000	0.000	-35.420	-107.499	3019.018	51.066	-529.603	3004.401	135.589	-779.178	3294.890	0.000	0.000	0.000	
00519	2	0.000	0.000	0.000	47.063	612.693	2607.600	59.731	512.933	2688.330	69.455	243.696	2896.806	67.344	42.343	2949.072	62.125	446.660	2739.646	227.788	432.683	2717.626	287.637	197.590	2875.054	369.089	-48.481	2869.865	401.669	-146.908	2867.790	0.000	0.000	0.000	62.125	446.660	2739.646	-93.202	427.053	2757.450	-152.562	171.769	2879.682	-191.242	-73.861	2953.046	-198.978	-122.986	2967.718	0.000	0.000	0.000	181.075	-87.433	2988.244	170.238	-509.254	3044.379	170.238	-903.187	3044.379	0.000	0.000	0.000	-30.363	-99.093	3017.487	25.000	-521.132	3013.079	121.063	-791.339	3283.159	0.000	0.000	0.000	
00520	2	0.000	0.000	0.000	49.661	612.888	2607.658	59.801	513.622	2689.996	69.831	242.820	2897.209	70.536	42.099	2947.958	62.266	447.056	2740.931	228.217	432.756	2717.627	294.161	207.860	2889.389	416.177	-13.192	2928.637	465.716	-102.939	2944.572	0.000	0.000	0.000	62.266	447.056	2740.931	-93.962	427.560	2757.944	-140.435	177.269	2898.028	-190.520	-71.680	2926.464	-200.537	-121.470	2932.151	0.000	0.000	0.000	174.469	-108.568	2987.411	170.643	-523.485	3077.024	170.643	-916.895	3077.024	0.000	0.000	0.000	-17.270	-116.246	3012.627	35.149	-531.547	3083.184	141.204	-820.083	3328.684	0.000	0.000	0.000	
00521	2	0.000	0.000	0.000	66.775	614.183	2607.260	69.436	514.863	2691.123	81.446	239.007	2888.976	85.627	31.897	2932.126	72.401	446.766	2739.965	238.277	434.943	2715.090	316.642	200.102	2857.960	430.978	-2.849	2949.839	478.374	-86.980	2987.926	0.000	0.000	0.000	72.401	446.766	2739.965	-81.832	424.794	2758.016	-137.335	167.997	2870.613	-157.413	-76.953	2918.566	-161.428	-125.943	2928.156	0.000	0.000	0.000	188.886	-89.922	2981.852	173.049	-513.403	3038.471	173.049	-906.060	3038.471	0.000	0.000	0.000	-2.758	-96.725	2997.275	10.269	-514.509	3087.165	94.237	-828.288	3307.781	0.000	0.000	0.000	
00522	2	0.000	0.000	0.000	78.553	614.773	2606.975	77.300	515.559	2691.234	89.486	236.199	2880.907	90.266	27.249	2922.348	80.324	446.229	2738.306	245.397	435.081	2714.325	317.084	199.442	2855.837	422.424	-13.404	2937.560	465.971	-101.393	2971.343	0.000	0.000	0.000	80.324	446.229	2738.306	-73.845	426.677	2758.475	-125.604	173.057	2875.473	-156.246	-75.656	2892.250	-162.374	-125.399	2895.605	0.000	0.000	0.000	192.246	-82.904	2972.409	183.119	-508.020	2968.012	183.119	-900.410	2968.012	0.000	0.000	0.000	-4.614	-81.857	2987.400	22.209	-491.753	3097.368	69.220	-843.460	3264.884	0.000	0.000	0.000	
00523	2	0.000	0.000	0.000	90.237	619.675	2606.699	86.196	519.093	2689.314	95.240	238.872	2875.608	92.358	28.507	2918.156	88.449	449.287	2735.722	250.640	434.548	2713.730	322.068	193.885	2844.812	405.184	-15.395	2957.390	439.468	-101.717	3003.826	0.000	0.000	0.000	88.449	449.287	2735.722	-64.293	432.718	2757.715	-110.775	181.273	2879.443	-156.000	-65.098	2904.663	-165.045	-114.372	2909.707	0.000	0.000	0.000	184.475	-94.438	2967.650	174.738	-515.991	2995.824	174.738	-908.168	2995.824	0.000	0.000	0.000	6.749	-90.303	2987.368	80.274	-503.706	3035.191	77.531	-839.907	3237.092	0.000	0.000	0.000	
00524	2	0.000	0.000	0.000	116.261	626.361	2608.438	107.089	522.731	2684.682	114.498	242.906	2873.786	104.823	30.832	2917.834	108.928	453.269	2731.624	267.179	435.461	2712.360	342.495	178.627	2810.261	445.261	5.575	2963.560	487.452	-65.472	3026.496	0.000	0.000	0.000	108.928	453.269	2731.624	-44.891	439.734	2748.121	-100.154	182.123	2856.766	-114.848	-70.430	2859.826	-117.787	-120.940	2860.438	0.000	0.000	0.000	205.166	-86.692	2967.138	199.073	-509.464	2991.272	199.073	-901.337	2991.272	0.000	0.000	0.000	5.733	-86.880	2977.880	-4.436	-504.277	3048.820	119.370	-824.263	3238.146	0.000	0.000	0.000	
00525	2	0.000	0.000	0.000	126.906	625.198	2607.279	117.367	522.367	2682.309	124.410	240.764	2872.368	116.024	28.615	2917.492	119.105	452.875	2729.211	276.261	434.397	2712.649	357.947	175.992	2796.471	393.239	-68.758	2859.546	407.605	-168.382	2885.220	0.000	0.000	0.000	119.105	452.875	2729.211	-34.633	438.260	2743.370	-89.294	180.789	2849.165	-96.627	-74.261	2844.487	-98.093	-125.271	2843.552	0.000	0.000	0.000	215.947	-92.539	2967.582	246.408	-509.098	3027.931	246.408	-900.864	3027.931	0.000	0.000	0.000	19.749	-96.401	2976.048	17.632	-501.448	3094.471	84.770	-848.766	3262.825	0.000	0.000	0.000	
00526	2	0.000	0.000	0.000	142.389	624.507	2600.242	134.892	521.835	2672.432	136.374	237.366	2868.568	128.125	26.863	2916.218	135.251	452.797	2720.032	292.559	435.671	2711.637	363.744	182.410	2812.589	387.822	-71.900	2833.876	397.580	-174.972	2842.504	0.000	0.000	0.000	135.251	452.797	2720.032	-16.602	433.847	2728.361	-58.590	178.806	2840.570	-85.111	-75.986	2849.738	-90.415	-126.944	2851.571	0.000	0.000	0.000	224.659	-99.426	2971.456	239.749	-526.325	3000.350	239.749	-917.938	3000.350	0.000	0.000	0.000	21.351	-87.760	2975.586	1.791	-514.897	2953.738	78.516	-793.505	3218.031	0.000	0.000	0.000	
00527	2	0.000	0.000	0.000	149.816	625.360	2597.133	144.223	521.794	2666.998	139.981	237.826	2867.909	130.592	27.857	2916.123	143.200	453.342	2715.428	300.497	433.089	2707.173	365.442	180.052	2811.832	388.050	-74.338	2827.929	397.229	-177.623	2834.465	0.000	0.000	0.000	143.200	453.342	2715.428	-7.556	436.180	2726.476	-60.577	184.711	2841.155	-74.345	-70.603	2851.635	-77.098	-121.665	2853.731	0.000	0.000	0.000	226.383	-99.527	2971.696	245.372	-523.986	2998.383	245.372	-923.237	2998.383	0.000	0.000	0.000	22.288	-84.658	2976.678	6.132	-509.526	2955.122	69.993	-797.691	3223.979	0.000	0.000	0.000	
00528	2	0.000	0.000	0.000	157.314	625.281	2594.559	152.825	521.778	2663.619	144.519	237.707	2867.566	134.057	28.220	2916.049	150.834	453.676	2712.512	306.482	431.782	2710.622	364.844	175.083	2808.569	388.234	-79.390	2806.539	397.744	-182.852	2805.714	0.000	0.000	0.000	150.834	453.676	2712.512	1.827	436.603	2725.776	-57.151	185.977	2838.036	-74.154	-68.494	2854.245	-77.554	-119.389	2857.487	0.000	0.000	0.000	230.637	-97.109	2971.743	253.236	-524.574	3000.131	253.236	-922.245	3000.131	0.000	0.000	0.000	22.550	-77.798	2977.194	0.031	-505.574	2953.884	54.885	-787.791	3228.632	0.000	0.000	0.000	
00529	4	0.000	0.000	0.000	164.909	626.024	2582.045	165.238	521.707	2648.571	158.184	240.290	2861.058	147.229	31.640	2913.015	163.561	454.795	2699.094	318.005	424.864	2678.001	379.080	162.623	2763.275	388.274	-88.482	2807.047	390.112	-138.702	2815.801	0.000	0.000	0.000	163.561	454.795	2699.094	16.312	436.911	2713.482	-47.176	189.700	2834.429	-74.754	-63.520	2847.573	-80.270	-114.164	2850.201	0.000	0.000	0.000	248.460	-98.488	2969.502	259.201	-524.561	3000.502	259.201	-926.018	3000.502	0.000	0.000	0.000	46.115	-102.587	2976.443	-22.888	-524.081	2962.451	91.357	-787.866	3242.689	0.000	0.000	0.000	
00530	4	0.000	0.000	0.000	167.599	626.821	2573.145	170.709	521.666	2640.092	162.680	245.557	2853.427	151.761	36.926	2911.793	168.780	455.322	2691.352	320.596	420.337	2670.312	390.351	163.575	2770.458	388.085	-89.675	2799.160	387.632	-140.325	2804.900	0.000	0.000	0.000	168.780	455.322	2691.352	23.570	432.009	2703.010	-38.827	186.410	2831.889	-72.609	-65.664	2848.670	-79.365	-116.079	2852.027	0.000	0.000	0.000	249.610	-113.806	2971.909	258.912	-543.893	3010.085	258.912	-943.333	3010.085	0.000	0.000	0.000	44.341	-107.724	2977.856	9.435	-533.152	3043.525	124.270	-800.593	3317.095	0.000	0.000	0.000	
00531	4	0.000	0.000	0.000	171.985	614.502	2561.212	176.432	513.445	2628.625	170.511	243.335	2848.698	159.753	42.712	2916.167	175.007	448.438	2681.591	324.215	411.301	2675.262	396.242	149.735	2765.311	387.389	-110.426	2796.063	385.618	-162.458	2802.213	0.000	0.000	0.000	175.007	448.438	2681.591	29.136	420.511	2692.777	-35.160	174.453	2823.294	-72.427	-82.712	2857.726	-79.880	-134.145	2864.612	0.000	0.000	0.000	260.531	-119.024	2981.838	257.869	-548.751	2980.292	257.869	-945.291	2980.292	0.000	0.000	0.000	44.864	-110.618	2984.042	-3.565	-537.096	3005.163	86.749	-796.820	3290.874	0.000	0.000	0.000	
00532	4	0.000	0.000	0.000	174.721	603.747	2550.154	178.410	505.098	2621.356	174.910	238.153	2847.832	164.074	40.703	2919.013	177.572	441.150	2675.610	326.696	402.622	2670.639	395.830	139.379	2767.589	388.008	-123.233	2801.625	386.444	-175.756	2808.432	0.000	0.000	0.000	177.572	441.150	2675.610	31.485	413.504	2691.656	-37.731	168.017	2827.380	-72.937	-92.652	2858.958	-79.979	-144.786	2865.274	0.000	0.000	0.000	259.339	-127.432	2994.522	256.005	-543.188	2930.307	256.005	-938.873	2930.307	0.000	0.000	0.000	51.079	-119.760	2988.342	48.520	-537.609	3037.155	140.581	-819.545	3299.079	0.000	0.000	0.000	
00533	4	0.000	0.000	0.000	176.004	595.179	2538.830	179.333	496.893	2610.763	176.078	234.957	2844.838	165.971	40.187	2919.276	178.556	434.359	2666.646	327.590	396.485	2665.398	396.421	133.389	2769.472	388.456	-127.637	2798.725	386.863	-179.842	2804.576	0.000	0.000	0.000	178.556	434.359	2666.646	32.186	406.081	2682.510	-39.136	163.990	2827.747	-71.496	-95.003	2858.226	-77.968	-146.802	2864.322	0.000	0.000	0.000	265.799	-114.148	3003.135	255.579	-530.687	2952.083	255.579	-925.517	2952.083	0.000	0.000	0.000	52.534	-108.605	3000.515	29.459	-527.458	3016.166	154.748	-801.224	3271.600	0.000	0.000	0.000	
00534	4	0.000	0.000	0.000	173.090	568.327	2515.241	176.318	473.999	2592.587	174.745	228.726	2840.868	164.835	38.890	2925.682	175.940	415.056	2652.254	317.061	376.414	2667.803	393.750	111.773	2768.500	383.958	-153.303	2804.616	382.000	-206.319	2811.840	0.000	0.000	0.000	175.940	415.056	2652.254	34.414	381.218	2671.608	-44.341	145.869	2828.017	-72.470	-118.518	2859.229	-78.096	-171.395	2865.471	0.000	0.000	0.000	271.046	-64.693	3013.847	256.543	-472.213	2919.873	256.543	-865.820	2919.873	0.000	0.000	0.000	46.642	-56.762	3008.289	-37.509	-449.721	2891.601	91.587	-670.465	3190.822	0.000	0.000	0.000	
00535	4	0.000	0.000	0.000	148.098	531.826	2511.779	160.966	432.755	2582.139	165.024	215.101	2840.807	162.093	31.754	2928.464	161.973	378.753	2646.317	313.176	348.821	2654.789	376.638	82.346	2765.057	332.349	-180.632	2813.399	323.491	-233.228	2823.067	0.000	0.000	0.000	161.973	378.753	2646.317	18.275	357.368	2679.335	-59.563	118.104	2833.896	-74.973	-151.050	2861.733	-78.055	-204.880	2867.300	0.000	0.000	0.000	258.563	-101.785	3022.587	253.153	-509.035	2931.492	253.153	-901.603	2931.492	0.000	0.000	0.000	54.033	-87.468	3021.393	-12.766	-495.034	2961.326	119.603	-768.479	3209.954	0.000	0.000	0.000	
00536	4	0.000	0.000	0.000	144.914	517.946	2518.307	149.774	415.291	2577.983	153.323	208.724	2842.885	157.255	30.236	2934.839	150.661	363.709	2644.132	308.517	340.698	2645.876	366.994	79.000	2768.008	339.219	-176.909	2841.171	333.664	-228.091	2855.804	0.000	0.000	0.000	150.661	363.709	2644.132	2.890	338.013	2666.448	-71.746	105.707	2831.629	-76.180	-160.041	2862.813	-77.066	-213.190	2869.050	0.000	0.000	0.000	272.229	-95.602	3024.622	265.889	-493.027	2898.699	265.889	-885.219	2898.699	0.000	0.000	0.000	42.257	-87.963	3024.662	-78.969	-440.436	2837.820	-78.969	-832.629	2837.820	0.000	0.000	0.000	
00537	4	0.000	0.000	0.000	143.648	507.792	2519.535	146.002	405.590	2578.070	151.743	202.192	2845.369	156.151	23.323	2937.590	147.436	354.796	2644.821	302.492	333.408	2655.382	366.765	70.496	2775.109	366.127	-188.998	2834.034	365.999	-240.897	2845.819	0.000	0.000	0.000	147.436	354.796	2644.821	4.234	329.399	2676.930	-75.218	91.974	2834.743	-76.555	-172.641	2862.789	-76.822	-225.565	2868.398	0.000	0.000	0.000	281.096	-88.771	2997.073	211.381	-497.080	2950.676	211.381	-889.145	2950.676	0.000	0.000	0.000	39.037	-83.804	3018.411	-34.865	-476.622	2900.250	-34.865	-868.687	2900.250	0.000	0.000	0.000	
00538	4	0.000	0.000	0.000	140.523	486.501	2514.958	143.330	385.748	2579.078	149.672	182.484	2846.291	153.538	3.787	2940.350	144.914	334.962	2645.842	299.577	305.754	2653.871	358.772	46.684	2769.221	366.592	-198.522	2865.135	368.156	-247.563	2884.318	0.000	0.000	0.000	144.914	334.962	2645.842	3.611	300.807	2677.415	-101.379	82.620	2836.470	-74.565	-177.908	2864.617	-69.202	-230.014	2870.247	0.000	0.000	0.000	267.240	-98.287	3024.560	274.409	-506.316	2940.664	274.409	-898.212	2940.664	0.000	0.000	0.000	39.517	-85.721	3027.184	-52.662	-476.382	2915.539	-52.662	-868.278	2915.539	0.000	0.000	0.000	
00539	4	0.000	0.000	0.000	135.486	474.835	2512.781	142.553	375.354	2579.607	148.980	174.175	2846.581	151.819	-4.015	2942.158	144.166	324.868	2646.604	299.114	294.220	2654.331	349.160	36.868	2772.284	358.772	-218.582	2827.849	360.695	-269.672	2838.962	0.000	0.000	0.000	144.166	324.868	2646.604	1.161	292.398	2678.624	-95.542	80.716	2847.403	-75.420	-179.540	2864.640	-71.396	-231.591	2868.088	0.000	0.000	0.000	278.589	-80.887	2993.558	267.247	-492.912	2933.248	267.247	-884.755	2933.248	0.000	0.000	0.000	31.334	-85.703	3008.188	-67.860	-470.215	2882.326	-67.860	-862.058	2882.326	0.000	0.000	0.000	
00540	4	0.000	0.000	0.000	123.490	454.971	2510.999	140.796	357.095	2579.841	143.378	158.123	2844.291	140.216	-17.964	2944.419	141.451	306.645	2646.893	293.891	273.368	2658.166	331.003	14.031	2784.400	303.411	-213.821	2901.553	297.892	-259.391	2924.983	0.000	0.000	0.000	141.451	306.645	2646.893	-5.599	274.602	2671.200	-87.669	49.127	2835.497	-83.089	-207.343	2860.097	-82.173	-258.637	2865.017	0.000	0.000	0.000	258.630	-112.429	3009.470	-6.166	-424.487	2932.154	-6.166	-816.270	2932.154	0.000	0.000	0.000	27.458	-91.776	3039.797	-87.785	-433.100	2830.770	97.586	-497.614	3169.840	0.000	0.000	0.000	
00541	4	0.000	0.000	0.000	120.989	440.237	2514.326	135.023	338.936	2579.854	136.022	146.069	2843.934	131.983	-23.409	2948.019	135.279	289.438	2647.628	289.245	268.635	2665.410	304.884	8.208	2783.659	298.403	-229.460	2885.728	297.106	-276.994	2906.141	0.000	0.000	0.000	135.279	289.438	2647.628	-6.350	261.176	2679.923	-106.474	20.929	2799.529	-81.047	-226.415	2871.087	-75.962	-275.884	2885.398	0.000	0.000	0.000	240.677	-132.272	3049.695	254.681	-526.724	2916.769	254.681	-918.488	2916.769	0.000	0.000	0.000	26.491	-127.692	3063.117	-78.896	-486.163	2879.132	31.488	-646.854	3218.944	0.000	0.000	0.000	
00542	4	0.000	0.000	0.000	120.937	431.997	2514.350	131.351	330.078	2579.966	131.454	140.985	2843.506	129.366	-23.122	2951.646	131.378	281.149	2648.159	279.990	261.041	2676.583	325.382	37.188	2846.863	312.235	-220.920	2878.593	309.606	-272.541	2884.938	0.000	0.000	0.000	131.378	281.149	2648.159	-9.989	253.817	2681.956	-112.258	22.847	2813.712	-79.841	-229.076	2871.010	-73.357	-279.461	2882.469	0.000	0.000	0.000	242.226	-135.549	3054.463	255.212	-525.820	2909.623	255.212	-917.585	2909.623	0.000	0.000	0.000	30.458	-132.705	3081.558	-75.389	-474.592	2868.558	25.664	-646.122	3205.968	0.000	0.000	0.000	
00543	4	0.000	0.000	0.000	121.066	421.357	2514.104	128.698	321.076	2582.853	129.459	130.358	2843.139	127.743	-29.512	2957.758	128.896	271.466	2650.559	279.068	243.741	2670.519	334.980	47.392	2867.462	301.184	-211.108	2894.802	294.425	-262.809	2900.271	0.000	0.000	0.000	128.896	271.466	2650.559	-10.695	240.343	2684.483	-105.252	16.776	2831.256	-80.170	-241.379	2869.192	-75.154	-293.010	2876.779	0.000	0.000	0.000	231.521	-169.505	3078.431	274.634	-552.054	2919.485	274.634	-943.827	2919.485	0.000	0.000	0.000	39.912	-167.863	3103.890	-88.294	-437.147	2813.175	-88.294	-828.919	2813.175	0.000	0.000	0.000	
00544	4	0.000	0.000	0.000	121.328	408.686	2513.894	126.170	310.996	2586.737	127.245	116.250	2844.149	125.806	-42.458	2960.436	126.450	260.351	2653.679	273.327	225.095	2671.538	326.424	-6.043	2825.374	282.461	-252.236	2898.646	273.668	-301.475	2913.300	0.000	0.000	0.000	126.450	260.351	2653.679	-13.378	231.786	2689.095	-82.748	18.485	2861.143	-75.881	-242.023	2860.231	-74.507	-294.125	2860.049	0.000	0.000	0.000	241.900	-172.565	3063.635	263.583	-542.506	2873.504	263.583	-934.291	2873.504	0.000	0.000	0.000	18.147	-175.897	3084.283	-86.684	-502.115	2847.496	-86.684	-893.900	2847.496	0.000	0.000	0.000	
00545	4	0.000	0.000	0.000	122.237	371.053	2517.387	121.346	283.368	2602.421	122.896	88.602	2862.968	120.670	-70.974	2970.345	121.746	233.102	2669.663	267.889	193.361	2685.024	316.034	-35.975	2853.966	258.475	-287.692	2864.016	235.501	-388.161	2868.028	0.000	0.000	0.000	121.746	233.102	2669.663	-24.040	210.335	2702.062	-91.912	-17.072	2866.785	-71.137	-273.870	2886.748	-66.982	-325.230	2890.740	0.000	0.000	0.000	221.997	-216.396	3108.611	283.193	-559.223	2880.067	283.193	-951.043	2880.067	0.000	0.000	0.000	16.049	-201.360	3115.008	-85.519	-514.478	2859.765	-85.519	-906.299	2859.765	0.000	0.000	0.000	
00546	4	0.000	0.000	0.000	122.046	353.472	2532.459	120.199	265.386	2614.329	123.228	69.444	2875.860	123.812	-94.456	2980.684	120.977	215.046	2681.521	270.319	171.370	2686.100	324.845	-77.927	2817.148	248.976	-317.452	2858.457	218.189	-414.651	2875.219	0.000	0.000	0.000	120.977	215.046	2681.521	-18.188	190.029	2722.479	-100.700	-45.229	2864.401	-47.595	-279.785	2948.055	-36.974	-326.696	2964.786	0.000	0.000	0.000	248.210	-209.223	3061.681	287.374	-570.897	2858.740	287.374	-962.740	2858.740	0.000	0.000	0.000	30.820	-210.907	3125.718	136.562	-606.543	3049.448	136.562	-998.386	3049.448	0.000	0.000	0.000	
00547	4	0.000	0.000	0.000	118.537	337.751	2547.315	119.062	246.928	2624.551	123.780	50.311	2887.874	128.717	-116.604	2991.107	120.268	196.696	2691.825	266.317	150.432	2701.229	313.231	-87.365	2859.306	246.176	-331.005	2890.481	218.925	-430.023	2903.151	0.000	0.000	0.000	120.268	196.696	2691.825	-25.705	174.861	2728.107	-113.096	-67.567	2859.743	-23.945	-279.793	2968.559	-6.114	-322.238	2990.322	0.000	0.000	0.000	254.635	-208.196	3069.491	300.225	-558.135	2845.884	300.225	-950.002	2845.884	0.000	0.000	0.000	35.585	-217.542	3124.723	274.565	-459.371	2881.941	274.565	-851.238	2881.941	0.000	0.000	0.000	
00548	4	0.000	0.000	0.000	105.424	301.648	2571.711	113.707	212.708	2652.778	121.456	7.033	2918.688	120.434	-166.728	3015.422	115.643	161.341	2719.189	262.607	130.773	2746.469	316.996	-124.744	2881.601	279.212	-371.818	2833.094	263.823	-472.450	2813.338	0.000	0.000	0.000	115.643	161.341	2719.189	-37.547	142.433	2752.006	-123.494	-99.972	2894.696	-118.112	-354.337	2884.913	-117.035	-405.210	2882.957	0.000	0.000	0.000	216.585	-299.737	3122.758	319.785	-528.855	2789.465	319.785	-920.776	2789.465	0.000	0.000	0.000	6.656	-281.041	3103.916	-120.384	-533.654	2796.872	-120.384	-925.575	2796.872	0.000	0.000	0.000	
00549	4	0.000	0.000	0.000	101.059	287.895	2582.168	111.705	199.849	2667.258	123.404	-7.015	2934.398	124.206	-183.481	3028.070	114.611	148.458	2733.625	274.275	114.997	2733.213	322.751	-135.776	2877.147	286.945	-384.698	2835.130	272.370	-486.019	2818.028	0.000	0.000	0.000	114.611	148.458	2733.625	-33.138	116.074	2767.164	-131.495	-126.081	2899.983	-51.413	-359.771	2963.111	-18.724	-455.160	2988.879	0.000	0.000	0.000	247.473	-267.148	3086.426	321.457	-511.522	2755.093	321.457	-903.474	2755.093	0.000	0.000	0.000	22.471	-267.486	3137.758	289.277	-457.752	2877.782	289.277	-849.703	2877.782	0.000	0.000	0.000	
00550	4	0.000	0.000	0.000	97.237	270.562	2598.046	110.601	185.164	2687.415	125.236	-21.509	2951.610	124.448	-200.067	3044.148	114.263	133.455	2753.516	276.568	102.156	2753.389	323.367	-154.456	2876.108	285.299	-401.976	2847.786	269.605	-504.024	2836.109	0.000	0.000	0.000	114.263	133.455	2753.516	-37.563	93.942	2779.685	-143.082	-163.411	2855.414	-110.879	-390.484	2959.906	-97.578	-484.271	3003.064	0.000	0.000	0.000	217.656	-318.466	3127.982	328.330	-562.134	2807.170	328.330	-954.149	2807.170	0.000	0.000	0.000	13.040	-297.105	3112.248	-134.001	-602.898	2868.502	-134.001	-994.913	2868.502	0.000	0.000	0.000	
00551	4	0.000	0.000	0.000	95.920	260.141	2601.095	109.799	179.656	2693.361	125.142	-31.895	2951.505	123.837	-209.225	3047.376	113.657	126.462	2758.271	272.707	98.941	2768.682	341.449	-170.132	2838.747	283.915	-417.736	2866.450	260.525	-518.395	2877.712	0.000	0.000	0.000	113.657	126.462	2758.271	-45.960	96.023	2779.799	-141.655	-165.435	2847.008	-112.859	-402.667	2937.987	-101.135	-499.249	2975.026	0.000	0.000	0.000	207.306	-343.385	3146.689	329.808	-569.641	2817.750	329.808	-961.689	2817.750	0.000	0.000	0.000	16.996	-324.699	3127.106	-140.350	-558.969	2819.276	-140.350	-951.017	2819.276	0.000	0.000	0.000	
00552	4	0.000	0.000	0.000	97.292	237.427	2610.045	109.047	169.536	2711.246	122.535	-50.777	2965.353	119.355	-225.685	3066.928	112.414	114.537	2774.681	274.498	90.809	2781.095	324.049	-165.282	2901.231	315.232	-420.401	2894.493	311.640	-524.328	2891.748	0.000	0.000	0.000	112.414	114.537	2774.681	-48.730	79.408	2784.962	-153.430	-180.177	2849.179	-98.904	-418.010	2924.486	-76.671	-514.985	2955.191	0.000	0.000	0.000	216.312	-344.772	3181.177	318.017	-546.451	2830.188	318.017	-938.568	2830.188	0.000	0.000	0.000	0.990	-325.978	3151.767	-126.939	-541.839	2818.225	-126.939	-933.956	2818.225	0.000	0.000	0.000	
00553	4	0.000	0.000	0.000	97.911	224.387	2615.552	108.716	163.613	2722.992	117.450	-56.843	2976.784	113.433	-234.077	3074.739	110.899	108.524	2786.411	275.448	89.494	2794.194	324.982	-174.136	2907.226	309.839	-428.840	2900.438	303.666	-532.674	2897.670	0.000	0.000	0.000	110.899	108.524	2786.411	-49.592	79.716	2802.128	-149.476	-177.272	2895.460	-99.194	-425.165	2929.666	-78.680	-526.297	2943.621	0.000	0.000	0.000	219.791	-355.034	3168.748	317.854	-546.523	2811.158	317.854	-938.675	2811.158	0.000	0.000	0.000	-6.769	-330.965	3152.085	-120.215	-564.815	2825.590	-120.215	-956.967	2825.590	0.000	0.000	0.000	
00554	4	0.000	0.000	0.000	97.989	212.837	2623.220	108.592	154.842	2733.460	125.331	-86.520	2971.799	128.144	-273.129	3051.024	112.734	95.115	2792.438	279.899	72.564	2777.712	336.217	-187.171	2890.443	299.684	-442.157	2893.121	284.924	-545.179	2894.204	0.000	0.000	0.000	112.734	95.115	2792.438	-45.186	57.483	2803.802	-144.137	-190.331	2913.981	-108.922	-444.874	2932.065	-94.685	-547.778	2939.375	0.000	0.000	0.000	238.076	-388.858	3058.392	238.076	-806.131	3058.392	238.076	-1198.319	3058.392	0.000	0.000	0.000	32.826	-413.922	3077.517	32.826	-831.194	3077.517	32.826	-1223.382	3077.517	0.000	0.000	0.000	
00555	4	0.000	0.000	0.000	97.370	211.291	2646.080	108.519	142.652	2747.711	143.459	-143.495	2922.563	149.802	-345.738	2939.605	117.230	71.311	2791.304	269.016	42.896	2801.183	385.355	-217.550	2803.541	385.355	-474.160	2803.541	385.355	-578.281	2803.541	0.000	0.000	0.000	117.230	71.311	2791.304	-39.052	30.227	2812.155	-164.377	-212.075	2895.556	-61.964	10.894	2820.424	-20.394	101.400	2789.927	0.000	0.000	0.000	213.219	-385.161	3027.365	213.219	-802.389	3027.365	213.219	-1194.652	3027.365	0.000	0.000	0.000	65.601	-408.269	2980.572	65.601	-825.497	2980.572	65.601	-1217.760	2980.572	0.000	0.000	0.000	
00556	4	0.000	0.000	0.000	96.922	214.820	2659.009	108.511	136.931	2753.563	125.688	-155.661	2919.415	126.392	-358.672	2911.284	112.798	63.893	2794.963	262.378	58.254	2848.847	378.854	-198.187	2812.051	378.854	-454.451	2812.051	378.854	-558.591	2812.051	0.000	0.000	0.000	112.798	63.893	2794.963	-42.085	27.361	2818.830	-169.436	-222.723	2862.670	-75.633	3.565	2787.396	-37.503	95.551	2756.796	0.000	0.000	0.000	133.941	-365.884	3032.358	133.941	-783.109	3032.358	133.941	-1175.409	3032.358	0.000	0.000	0.000	52.691	-353.354	3011.208	52.691	-770.580	3011.208	52.691	-1162.880	3011.208	0.000	0.000	0.000	
00557	4	0.000	0.000	0.000	97.026	219.004	2691.453	108.497	127.162	2772.343	102.513	-159.297	2948.279	99.430	-361.545	2927.331	107.001	55.526	2816.340	269.827	80.429	2874.964	345.526	-177.577	2788.912	345.526	-433.358	2788.912	345.526	-537.529	2788.912	0.000	0.000	0.000	107.001	55.526	2816.340	-49.833	28.779	2835.545	-171.228	-225.107	2858.079	-53.256	-6.058	2798.714	-5.200	83.170	2774.532	0.000	0.000	0.000	196.248	-356.059	3010.261	196.248	-773.303	3010.261	196.248	-1165.680	3010.261	0.000	0.000	0.000	35.236	-343.585	3039.594	35.236	-760.829	3039.594	35.236	-1153.206	3039.594	0.000	0.000	0.000	
00558	4	0.000	0.000	0.000	97.944	221.034	2703.652	109.044	128.146	2783.326	105.568	-147.961	2967.864	103.600	-351.246	2960.630	108.164	58.237	2830.050	281.049	75.207	2858.285	329.860	-190.843	2779.576	329.860	-446.459	2779.576	329.860	-550.645	2779.576	0.000	0.000	0.000	108.164	58.237	2830.050	-54.310	31.321	2827.460	-187.410	-214.113	2864.965	-42.247	-6.816	2828.970	16.928	77.689	2814.296	0.000	0.000	0.000	224.784	-356.483	2983.726	224.784	-773.746	2983.726	224.784	-1166.162	2983.726	0.000	0.000	0.000	11.236	-347.679	3044.546	11.236	-764.942	3044.546	11.236	-1157.357	3044.546	0.000	0.000	0.000	
00559	4	0.000	0.000	0.000	98.680	229.213	2717.797	110.872	131.137	2790.763	113.501	-145.204	2968.708	111.951	-348.486	2959.807	111.545	60.432	2836.292	284.001	79.275	2857.496	347.871	-193.211	2829.883	215.049	19.175	2779.620	160.879	105.794	2759.121	0.000	0.000	0.000	111.545	60.432	2836.292	-55.321	48.410	2842.266	-135.692	-220.754	2855.733	-21.043	6.028	2829.256	25.721	98.530	2818.456	0.000	0.000	0.000	166.833	-433.714	2922.365	166.833	-851.001	2922.365	166.833	-1243.455	2922.365	0.000	0.000	0.000	56.248	-435.927	2931.213	56.248	-853.214	2931.213	56.248	-1245.669	2931.213	0.000	0.000	0.000	
00560	4	0.000	0.000	0.000	98.968	258.481	2764.750	113.079	141.612	2799.748	115.942	-133.676	2976.422	108.874	-336.420	2959.395	113.815	70.824	2845.178	283.420	89.540	2868.572	399.305	-159.971	2923.584	249.583	12.766	2809.849	188.466	83.278	2763.422	0.000	0.000	0.000	113.815	70.824	2845.178	-41.103	55.972	2872.949	-163.970	-190.220	2927.760	-55.798	13.286	2817.877	-11.638	96.366	2773.019	0.000	0.000	0.000	191.900	-406.201	2966.269	191.900	-823.546	2966.269	191.900	-1216.080	2966.269	0.000	0.000	0.000	109.106	-436.517	2952.749	109.106	-853.863	2952.749	109.106	-1246.396	2952.749	0.000	0.000	0.000	
00561	1	0.000	0.000	0.000	99.645	267.667	2780.090	114.438	148.075	2803.733	117.366	-129.280	2980.267	108.075	-330.948	2953.706	115.187	77.110	2848.902	279.829	85.129	2871.629	424.292	-146.848	2934.070	281.210	30.373	2818.814	222.784	102.740	2771.751	0.000	0.000	0.000	115.187	77.110	2848.902	-47.411	52.901	2829.681	-151.312	-163.516	2974.422	-38.258	6.023	2820.671	7.909	75.257	2757.885	0.000	0.000	0.000	171.048	-406.591	2984.464	171.048	-823.970	2984.464	171.048	-1216.544	2984.464	0.000	0.000	0.000	28.707	-390.265	2992.146	28.707	-807.644	2992.146	28.707	-1200.217	2992.146	0.000	0.000	0.000	
00562	1	0.000	0.000	0.000	99.851	281.048	2804.612	115.273	160.257	2820.417	111.961	-115.426	3003.954	103.173	-318.365	2988.819	114.432	90.221	2867.044	279.506	82.050	2875.913	436.321	-135.220	2957.194	295.444	50.523	2853.334	237.892	126.403	2810.904	0.000	0.000	0.000	114.432	90.221	2867.044	-40.609	78.158	2892.034	-136.893	-174.357	2965.310	-9.849	10.174	2843.074	42.054	85.563	2793.135	0.000	0.000	0.000	159.967	-407.149	2969.200	159.967	-824.601	2969.200	159.967	-1217.256	2969.200	0.000	0.000	0.000	-10.644	-339.180	3020.840	-10.644	-756.632	3020.840	-10.644	-1149.286	3020.840	0.000	0.000	0.000	
00563	1	0.000	0.000	0.000	100.007	290.302	2814.341	115.496	169.584	2830.641	104.611	-107.884	3012.762	94.429	-311.010	3000.941	112.738	99.272	2876.792	277.322	95.433	2898.617	415.552	-137.700	2968.523	295.655	57.994	2856.920	246.665	137.953	2811.320	0.000	0.000	0.000	112.738	99.272	2876.792	-36.476	108.700	2928.131	-114.671	-159.743	2941.151	11.283	36.714	2837.869	62.748	116.988	2795.667	0.000	0.000	0.000	218.255	-306.909	2976.202	218.255	-724.400	2976.202	218.255	-1117.095	2976.202	0.000	0.000	0.000	-20.173	-306.460	3051.602	-20.173	-723.951	3051.602	-20.173	-1116.646	3051.602	0.000	0.000	0.000	
00564	1	0.000	0.000	0.000	100.310	301.425	2823.422	115.539	180.775	2840.485	92.770	-93.981	3018.922	80.139	-297.249	3012.754	109.704	110.364	2886.212	281.001	119.014	2911.380	403.936	-131.655	2930.196	272.661	69.923	2845.007	246.406	110.239	2827.969	0.000	0.000	0.000	109.704	110.364	2886.212	-45.217	119.095	2921.550	-88.042	-157.417	2924.619	13.500	57.440	2831.616	54.997	145.244	2793.610	0.000	0.000	0.000	194.866	-312.630	3055.063	194.866	-730.160	3055.063	194.866	-1122.896	3055.063	0.000	0.000	0.000	-35.219	-324.847	3037.715	-35.219	-742.378	3037.715	-35.219	-1135.114	3037.715	0.000	0.000	0.000	
00565	1	0.000	0.000	0.000	102.553	312.418	2832.763	115.563	193.761	2861.637	87.218	-77.779	3034.703	73.757	-281.052	3028.653	108.182	123.049	2906.705	277.937	108.526	2910.964	434.311	-119.972	2950.777	284.325	65.818	2852.795	254.328	102.975	2833.199	0.000	0.000	0.000	108.182	123.049	2906.705	-35.033	118.640	2949.619	-99.669	-149.565	2995.851	-12.239	53.011	2861.936	23.095	134.881	2807.815	0.000	0.000	0.000	194.547	-280.918	2998.994	194.547	-698.530	2998.994	194.547	-1091.349	2998.994	0.000	0.000	0.000	-40.586	-316.938	3058.360	-40.586	-734.550	3058.360	-40.586	-1127.369	3058.360	0.000	0.000	0.000	
00566	1	0.000	0.000	0.000	103.487	314.094	2837.990	115.570	195.194	2866.298	86.100	-80.844	3036.712	73.357	-283.973	3025.533	107.953	123.853	2910.341	259.455	84.802	2915.354	196.626	-185.536	2880.637	272.076	58.835	2850.449	287.166	107.709	2844.412	0.000	0.000	0.000	107.953	123.853	2910.341	-23.892	123.978	2970.099	-99.546	-143.280	3003.043	-9.508	54.226	2864.459	26.964	134.232	2808.321	0.000	0.000	0.000	172.837	-340.123	2991.041	172.837	-757.778	2991.041	172.837	-1150.638	2991.041	0.000	0.000	0.000	-4.442	-363.306	3058.322	-4.442	-780.961	3058.322	-4.442	-1173.822	3058.322	0.000	0.000	0.000	
00567	1	0.000	0.000	0.000	109.382	316.376	2842.750	115.582	197.633	2873.591	85.331	-84.216	3041.269	74.377	-286.563	3018.803	107.848	125.573	2916.461	269.182	94.723	2910.344	332.258	-176.922	2931.691	268.478	58.615	2851.925	255.722	105.723	2835.971	0.000	0.000	0.000	107.848	125.573	2916.461	-26.397	117.657	2968.355	-98.477	-152.582	2967.845	-23.214	79.551	2888.110	7.375	173.899	2855.702	0.000	0.000	0.000	186.454	-291.357	2976.993	186.454	-709.099	2976.993	186.454	-1102.043	2976.993	0.000	0.000	0.000	-20.698	-330.131	3058.573	-20.698	-747.872	3058.573	-20.698	-1140.816	3058.573	0.000	0.000	0.000	
00568	1	0.000	0.000	0.000	115.891	317.053	2844.964	115.599	198.345	2876.590	85.427	-86.374	3041.963	75.331	-288.612	3017.949	107.914	125.828	2918.709	273.886	105.540	2918.787	382.634	-150.276	2949.741	263.573	57.729	2858.503	239.760	99.330	2840.256	0.000	0.000	0.000	107.914	125.828	2918.709	-29.574	123.272	2970.062	-93.990	-148.877	2973.489	-0.088	73.426	2886.715	38.122	163.885	2851.405	0.000	0.000	0.000	190.200	-300.752	3042.298	190.200	-718.538	3042.298	190.200	-1111.524	3042.298	0.000	0.000	0.000	-20.717	-296.918	3085.513	-20.717	-714.703	3085.513	-20.717	-1107.690	3085.513	0.000	0.000	0.000	
00569	1	0.000	0.000	0.000	124.415	317.246	2848.180	115.634	199.272	2881.385	85.305	-89.656	3043.167	75.663	-291.522	3015.689	107.951	126.084	2922.366	274.721	104.355	2915.228	423.420	-129.383	2953.862	271.250	53.887	2859.918	240.816	90.541	2841.129	0.000	0.000	0.000	107.951	126.084	2922.366	-23.154	112.923	2974.900	-99.088	-152.282	3021.137	-24.309	58.803	2896.958	6.173	144.845	2846.341	0.000	0.000	0.000	191.151	-283.152	3062.252	191.151	-701.025	3062.252	191.151	-1094.097	3062.252	0.000	0.000	0.000	-22.388	-269.530	3092.426	-22.388	-687.404	3092.426	-22.388	-1080.475	3092.426	0.000	0.000	0.000	
00570	1	0.000	0.000	0.000	124.309	317.442	2849.898	115.650	199.390	2882.906	85.268	-90.373	3044.583	75.674	-292.180	3016.489	107.969	126.133	2923.781	272.139	100.521	2916.157	442.395	-115.450	2967.304	284.396	55.592	2861.076	252.796	89.801	2839.830	0.000	0.000	0.000	107.969	126.133	2923.781	-30.457	124.038	2974.253	-92.880	-137.644	3050.884	-58.561	72.818	2909.351	-44.564	158.658	2851.625	0.000	0.000	0.000	194.030	-298.250	3036.312	194.030	-716.169	3036.312	194.030	-1109.283	3036.312	0.000	0.000	0.000	-16.289	-319.192	3078.560	-16.289	-737.111	3078.560	-16.289	-1130.224	3078.560	0.000	0.000	0.000	
00571	1	0.000	0.000	0.000	123.967	317.932	2851.979	115.672	199.500	2883.738	85.272	-90.698	3045.770	75.778	-292.484	3017.333	107.998	126.246	2924.639	273.868	103.434	2915.044	433.223	-120.743	2966.107	294.834	63.433	2854.834	267.156	100.268	2832.580	0.000	0.000	0.000	107.998	126.246	2924.639	-34.720	125.532	2968.269	-91.594	-135.844	3050.151	-88.343	88.310	2926.870	-87.017	179.779	2876.563	0.000	0.000	0.000	192.270	-273.082	3058.329	192.270	-691.046	3058.329	192.270	-1084.202	3058.329	0.000	0.000	0.000	-25.156	-307.199	3070.423	-25.156	-725.162	3070.423	-25.156	-1118.319	3070.423	0.000	0.000	0.000	
00572	1	0.000	0.000	0.000	115.245	319.644	2858.843	113.931	199.323	2883.965	85.336	-91.549	3046.796	75.806	-293.126	3016.610	106.729	126.062	2924.977	240.384	76.314	2954.726	180.846	-190.442	2894.904	257.914	47.011	2839.522	273.328	94.501	2828.446	0.000	0.000	0.000	106.729	126.062	2924.977	-35.522	97.794	2942.993	-97.209	-146.599	3064.438	-111.472	79.870	2946.547	-117.296	172.350	2898.406	0.000	0.000	0.000	191.175	-291.607	2994.334	191.175	-709.661	2994.334	191.175	-1102.903	2994.334	0.000	0.000	0.000	-33.149	-284.816	3064.039	-33.149	-702.871	3064.039	-33.149	-1096.113	3064.039	0.000	0.000	0.000	
