01023	1	0.000	0.000	0.000	90.858	216.673	2695.993	103.316	135.443	2759.025	127.591	-80.309	2938.557	136.159	-240.996	2950.133	109.485	80.617	2804.647	248.088	57.988	2775.465	299.999	-162.448	2847.603	299.999	-379.426	2847.603	299.999	-468.140	2847.603	0.000	0.000	0.000	109.485	80.617	2804.647	-31.779	56.404	2811.276	-131.272	-140.735	2723.366	-131.272	-357.713	2723.366	-131.272	-446.428	2723.366	0.000	0.000	0.000	238.972	-273.149	2966.000	238.972	-628.228	2966.000	238.972	-962.318	2966.000	0.000	0.000	0.000	40.891	-302.583	2954.853	40.891	-657.662	2954.853	40.891	-991.752	2954.853	0.000	0.000	0.000	
01024	1	0.000	0.000	0.000	90.992	216.122	2694.323	102.154	134.818	2757.819	137.860	-75.928	2940.403	152.667	-235.783	2950.613	111.249	81.136	2804.327	246.314	56.950	2773.693	302.486	-164.761	2838.522	302.486	-381.783	2838.522	302.486	-470.516	2838.522	0.000	0.000	0.000	111.249	81.136	2804.327	-34.802	55.423	2802.952	-132.045	-146.023	2722.471	-40.764	50.701	2730.624	-22.508	90.045	2732.254	0.000	0.000	0.000	255.716	-269.775	2969.850	255.716	-624.945	2969.850	255.716	-959.103	2969.850	0.000	0.000	0.000	52.865	-270.792	2948.146	52.865	-625.962	2948.146	52.865	-960.120	2948.146	0.000	0.000	0.000	
01025	1	0.000	0.000	0.000	88.494	226.498	2679.412	98.683	144.029	2742.020	134.869	-81.131	2909.176	151.317	-239.358	2893.492	107.850	86.991	2784.365	233.071	53.733	2759.293	296.090	-174.025	2785.788	296.090	-391.111	2785.788	296.090	-479.870	2785.788	0.000	0.000	0.000	107.850	86.991	2784.365	-41.346	87.643	2803.049	-88.473	-135.094	2734.387	-49.687	77.476	2713.501	-41.930	119.990	2709.324	0.000	0.000	0.000	243.931	-229.891	2937.160	243.931	-585.191	2937.160	243.931	-919.447	2937.160	0.000	0.000	0.000	46.531	-228.599	2890.554	46.531	-583.898	2890.554	46.531	-918.155	2890.554	0.000	0.000	0.000	
01026	1	0.000	0.000	0.000	86.758	232.290	2670.044	94.209	148.144	2730.946	109.311	-91.823	2880.826	121.747	-248.772	2853.751	98.027	87.473	2768.840	221.667	54.820	2770.191	305.314	-163.293	2814.781	305.314	-380.402	2814.781	305.314	-469.169	2814.781	0.000	0.000	0.000	98.027	87.473	2768.840	-35.267	73.372	2795.292	-70.102	-153.150	2731.787	-47.694	62.273	2716.724	-43.213	105.358	2713.712	0.000	0.000	0.000	221.759	-253.642	2868.219	221.759	-608.988	2868.219	221.759	-943.278	2868.219	0.000	0.000	0.000	19.289	-255.576	2850.440	19.289	-610.922	2850.440	19.289	-945.212	2850.440	0.000	0.000	0.000	
01027	1	0.000	0.000	0.000	85.768	228.824	2658.209	90.940	141.174	2714.473	91.169	-91.223	2866.375	96.072	-249.333	2844.612	90.999	81.204	2753.672	215.175	61.601	2778.730	303.593	-157.010	2809.819	303.593	-374.150	2809.819	303.593	-462.930	2809.819	0.000	0.000	0.000	90.999	81.204	2753.672	-37.536	86.819	2794.689	-77.473	-139.998	2735.239	-55.106	74.207	2707.562	-50.632	117.048	2702.026	0.000	0.000	0.000	187.006	-278.661	2888.719	187.006	-634.071	2888.719	187.006	-968.410	2888.719	0.000	0.000	0.000	37.328	-296.583	2918.610	37.328	-651.993	2918.610	37.328	-986.332	2918.610	0.000	0.000	0.000	
01028	1	0.000	0.000	0.000	85.554	230.380	2647.853	90.739	145.475	2711.158	93.162	-78.596	2873.025	100.562	-237.614	2873.920	91.367	87.397	2753.112	209.427	61.860	2778.804	302.747	-153.271	2818.686	302.747	-370.421	2818.686	302.747	-459.206	2818.686	0.000	0.000	0.000	91.367	87.397	2753.112	-29.596	73.450	2788.529	-51.004	-155.726	2728.527	-102.373	54.491	2710.515	-123.376	140.441	2703.151	0.000	0.000	0.000	190.872	-273.748	2924.258	190.872	-629.180	2924.258	190.872	-963.534	2924.258	0.000	0.000	0.000	53.446	-256.129	2966.767	53.446	-611.560	2966.767	53.446	-945.915	2966.767	0.000	0.000	0.000	
01029	1	0.000	0.000	0.000	85.861	225.140	2641.667	90.667	147.664	2713.458	103.726	-72.669	2879.210	115.778	-229.279	2901.727	94.057	90.470	2756.484	213.769	70.581	2783.192	297.907	-147.289	2828.334	297.907	-364.447	2828.334	297.907	-453.235	2828.334	0.000	0.000	0.000	94.057	90.470	2756.484	-18.409	55.584	2788.172	-53.919	-167.267	2712.932	-60.188	49.752	2708.331	-62.751	138.483	2706.450	0.000	0.000	0.000	210.791	-267.024	2951.716	210.791	-622.471	2951.716	210.791	-956.838	2951.716	0.000	0.000	0.000	31.091	-288.068	2953.787	31.091	-643.516	2953.787	31.091	-977.883	2953.787	0.000	0.000	0.000	
01030	1	0.000	0.000	0.000	91.561	222.132	2634.591	92.558	149.184	2710.522	112.714	-85.950	2852.204	116.342	-244.196	2851.364	97.805	87.975	2747.403	225.923	68.228	2748.262	311.945	-152.648	2768.315	311.945	-369.814	2768.315	311.945	-458.605	2768.315	0.000	0.000	0.000	97.805	87.975	2747.403	-27.422	59.283	2767.854	-64.968	-173.009	2732.935	-6.219	34.664	2708.820	17.802	119.573	2698.961	0.000	0.000	0.000	214.746	-294.945	2875.241	214.746	-650.410	2875.241	214.746	-984.788	2875.241	0.000	0.000	0.000	26.422	-311.340	2823.636	26.422	-666.806	2823.636	26.422	-1001.183	2823.636	0.000	0.000	0.000	
01031	1	0.000	0.000	0.000	96.334	221.484	2632.946	93.493	147.854	2707.949	122.872	-84.419	2855.351	124.044	-242.747	2857.746	101.102	87.696	2746.125	222.102	60.727	2746.162	300.639	-162.374	2771.580	300.639	-379.540	2771.580	300.639	-468.331	2771.580	0.000	0.000	0.000	101.102	87.696	2746.125	-28.185	57.981	2759.996	-63.332	-176.353	2739.009	-2.973	29.716	2706.553	21.706	113.970	2693.283	0.000	0.000	0.000	206.489	-286.894	2922.126	206.489	-642.362	2922.126	206.489	-976.741	2922.126	0.000	0.000	0.000	44.313	-274.146	2926.363	44.313	-629.614	2926.363	44.313	-963.992	2926.363	0.000	0.000	0.000	
01032	1	0.000	0.000	0.000	114.735	219.342	2617.490	99.197	144.452	2691.189	126.714	-82.517	2845.247	130.318	-240.219	2851.205	106.348	85.465	2731.227	224.251	68.493	2759.097	310.969	-151.849	2781.691	310.969	-369.002	2781.691	310.969	-457.787	2781.691	0.000	0.000	0.000	106.348	85.465	2731.227	-12.086	33.772	2728.414	-30.191	-202.737	2746.220	-9.284	6.596	2692.392	-0.735	92.185	2670.384	0.000	0.000	0.000	221.979	-268.472	2905.355	221.979	-623.922	2905.355	221.979	-958.280	2905.355	0.000	0.000	0.000	29.478	-276.430	2879.361	29.478	-631.880	2879.361	29.478	-966.238	2879.361	0.000	0.000	0.000	
01033	1	0.000	0.000	0.000	122.554	214.541	2609.926	104.870	140.763	2685.487	130.758	-85.820	2838.749	134.602	-246.653	2844.298	111.620	81.682	2725.450	236.926	71.671	2741.553	305.060	-155.714	2756.729	305.060	-372.856	2756.729	305.060	-461.638	2756.729	0.000	0.000	0.000	111.620	81.682	2725.450	3.770	34.349	2747.220	135.912	49.687	2550.042	-5.495	16.314	2711.415	-63.312	2.669	2777.394	0.000	0.000	0.000	225.352	-317.175	2866.658	225.352	-672.609	2866.658	225.352	-1006.952	2866.658	0.000	0.000	0.000	50.527	-329.770	2838.356	50.527	-685.204	2838.356	50.527	-1019.547	2838.356	0.000	0.000	0.000	
01034	1	0.000	0.000	0.000	121.249	214.223	2593.049	102.981	136.562	2663.608	119.787	-90.814	2811.136	122.484	-256.060	2803.297	107.415	76.582	2702.525	242.866	123.865	2736.543	272.603	-111.922	2745.475	272.603	-329.033	2745.475	272.603	-417.801	2745.475	0.000	0.000	0.000	107.415	76.582	2702.525	7.113	17.320	2704.094	32.715	-213.598	2653.293	-11.348	-2.385	2677.469	-29.364	83.972	2687.354	0.000	0.000	0.000	209.503	-315.856	2838.213	209.503	-671.240	2838.213	209.503	-1005.534	2838.213	0.000	0.000	0.000	49.963	-341.874	2785.329	49.963	-697.257	2785.329	49.963	-1031.551	2785.329	0.000	0.000	0.000	
01035	1	0.000	0.000	0.000	128.089	214.248	2569.719	113.808	135.104	2640.219	122.624	-100.350	2772.924	118.289	-261.545	2750.542	116.143	72.747	2675.365	250.035	122.825	2724.177	250.035	-114.938	2724.177	250.035	-331.994	2724.177	250.035	-420.740	2724.177	0.000	0.000	0.000	116.143	72.747	2675.365	25.621	11.762	2692.824	64.781	-222.643	2685.644	-38.064	-31.811	2674.724	-80.113	46.214	2670.260	0.000	0.000	0.000	176.097	-355.957	2779.512	176.097	-711.252	2779.512	176.097	-1045.461	2779.512	0.000	0.000	0.000	54.151	-353.093	2775.486	54.151	-708.388	2775.486	54.151	-1042.597	2775.486	0.000	0.000	0.000	
01036	5	0.000	0.000	0.000	136.046	213.313	2561.351	115.193	132.599	2627.073	122.965	-102.748	2759.460	117.198	-264.137	2740.180	117.253	70.217	2662.165	216.804	56.101	2726.489	216.804	-181.617	2726.489	216.804	-398.633	2726.489	216.804	-487.363	2726.489	0.000	0.000	0.000	117.253	70.217	2662.165	27.598	16.677	2697.426	49.818	-219.937	2691.927	-63.226	-36.146	2668.736	-109.445	38.999	2659.254	0.000	0.000	0.000	213.745	-321.457	2755.869	213.745	-676.686	2755.869	213.745	-1010.834	2755.869	0.000	0.000	0.000	13.776	-293.293	2761.391	13.776	-648.522	2761.391	13.776	-982.670	2761.391	0.000	0.000	0.000	
01037	5	0.000	0.000	0.000	144.216	210.832	2560.198	118.005	128.065	2618.176	123.561	-106.012	2752.075	116.112	-267.407	2734.735	119.480	65.939	2653.714	232.757	25.417	2669.432	232.757	-212.246	2669.432	232.757	-429.210	2669.432	232.757	-517.919	2669.432	0.000	0.000	0.000	119.480	65.939	2653.714	25.696	18.685	2694.640	18.874	-218.840	2698.982	-56.014	-20.372	2653.421	-86.633	60.775	2634.793	0.000	0.000	0.000	191.593	-351.716	2769.466	191.593	-706.862	2769.466	191.593	-1040.930	2769.466	0.000	0.000	0.000	31.302	-347.853	2758.154	31.302	-702.999	2758.154	31.302	-1037.068	2758.154	0.000	0.000	0.000	
01038	5	0.000	0.000	0.000	149.896	212.831	2559.014	119.420	126.222	2608.647	124.238	-109.263	2746.212	115.955	-269.790	2727.909	120.684	64.437	2644.740	228.411	21.269	2669.312	228.411	-216.323	2669.312	228.411	-433.223	2669.312	228.411	-521.905	2669.312	0.000	0.000	0.000	120.684	64.437	2644.740	31.528	17.067	2691.919	10.826	-219.562	2697.222	-35.752	-18.551	2630.361	-54.797	63.635	2603.024	0.000	0.000	0.000	206.545	-332.026	2751.126	206.545	-687.066	2751.126	206.545	-1021.035	2751.126	0.000	0.000	0.000	49.879	-366.390	2742.923	49.879	-721.430	2742.923	49.879	-1055.399	2742.923	0.000	0.000	0.000	
01039	5	0.000	0.000	0.000	141.765	224.445	2545.796	125.898	122.358	2550.541	116.446	-105.888	2699.607	104.515	-264.507	2669.471	123.441	63.030	2589.288	281.259	174.145	2539.041	281.259	-61.500	2539.041	281.259	-276.389	2539.041	281.259	-364.249	2539.041	0.000	0.000	0.000	123.441	63.030	2589.288	54.319	5.649	2641.133	57.776	-229.255	2622.776	68.606	-17.112	2590.290	73.035	69.626	2577.007	0.000	0.000	0.000	185.986	-301.148	2721.649	185.986	-652.896	2721.649	185.986	-983.769	2721.649	0.000	0.000	0.000	55.473	-321.159	2739.324	55.473	-672.907	2739.324	55.473	-1003.780	2739.324	0.000	0.000	0.000	
01041	5	0.000	0.000	0.000	103.567	172.916	2527.873	110.374	66.690	2530.394	72.666	-193.917	2630.213	62.196	-366.144	2591.892	100.600	-0.861	2556.268	166.136	-61.466	2632.893	136.832	57.094	2421.264	136.832	-164.132	2421.264	136.832	-254.583	2421.264	0.000	0.000	0.000	100.600	-0.861	2556.268	3.284	-63.244	2571.483	32.184	-276.781	2456.292	32.184	-498.007	2456.292	32.184	-588.458	2456.292	0.000	0.000	0.000	0.000	0.000	0.000	0.000	-362.121	0.000	0.000	-702.750	0.000	0.000	0.000	0.000	0.000	0.000	0.000	0.000	-362.121	0.000	0.000	-702.750	0.000	0.000	0.000	0.000	
01042	5	0.000	0.000	0.000	122.685	194.594	2474.264	118.003	93.851	2508.497	116.549	-109.512	2708.232	111.829	-250.718	2601.950	117.631	41.761	2559.658	176.347	-15.090	2630.322	137.428	96.444	2415.377	137.428	-124.842	2415.377	137.428	-215.317	2415.377	0.000	0.000	0.000	117.631	41.761	2559.658	18.897	37.319	2639.247	18.897	-207.948	2639.247	18.897	-429.234	2639.247	18.897	-519.709	2639.247	0.000	0.000	0.000	201.157	-210.436	2705.889	201.157	-572.655	2705.889	201.157	-913.378	2705.889	0.000	0.000	0.000	29.064	-210.640	2709.383	29.064	-572.859	2709.383	29.064	-913.582	2709.383	0.000	0.000	0.000	
01043	5	0.000	0.000	0.000	109.805	203.076	2454.293	123.305	110.766	2505.711	124.205	-107.252	2691.281	115.811	-263.710	2609.305	123.534	55.155	2553.045	203.339	41.887	2643.420	137.564	87.385	2412.116	137.564	-133.944	2412.116	137.564	-224.438	2412.116	0.000	0.000	0.000	123.534	55.155	2553.045	-37.833	93.621	2567.795	-37.833	-151.120	2567.795	-37.833	-372.449	2567.795	-37.833	-462.942	2567.795	0.000	0.000	0.000	176.580	-265.882	2707.834	176.580	-628.173	2707.834	176.580	-968.962	2707.834	0.000	0.000	0.000	15.534	-210.896	2609.927	15.534	-573.187	2609.927	15.534	-913.976	2609.927	0.000	0.000	0.000	
01044	5	0.000	0.000	0.000	73.952	185.174	2435.725	124.736	119.958	2502.946	116.335	-121.840	2657.885	97.602	-294.075	2622.344	122.600	58.488	2542.335	232.185	89.508	2635.765	136.345	71.784	2411.730	136.345	-149.578	2411.730	136.345	-240.085	2411.730	0.000	0.000	0.000	122.600	58.488	2542.335	-47.113	96.197	2507.046	-47.113	-148.120	2507.046	-47.113	-369.483	2507.046	-47.113	-459.990	2507.046	0.000	0.000	0.000	112.667	-376.711	2666.781	112.667	-739.056	2666.781	112.667	-1079.897	2666.781	0.000	0.000	0.000	51.489	-368.739	2658.645	51.489	-731.085	2658.645	51.489	-1071.925	2658.645	0.000	0.000	0.000	
01047	5	0.000	0.000	0.000	-137.546	-251.219	2486.943	-94.741	-357.144	2486.145	-200.530	-599.031	2649.016	-144.317	-778.767	2642.165	-121.281	-417.828	2527.006	-17.985	-443.868	2584.324	-17.985	-702.235	2584.324	-17.985	-938.102	2584.324	-17.985	-1034.538	2584.324	0.000	0.000	0.000	-121.281	-417.828	2527.006	-138.783	-224.387	2427.091	-138.783	-482.755	2427.091	-138.783	-718.621	2427.091	-138.783	-815.058	2427.091	0.000	0.000	0.000	-79.530	-741.938	2701.149	-79.530	-1128.024	2701.149	-79.530	-1491.349	2701.149	0.000	0.000	0.000	-262.356	-759.651	2643.801	-262.356	-1145.737	2643.801	-262.356	-1509.062	2643.801	0.000	0.000	0.000	
01050	5	0.000	0.000	0.000	-121.109	-334.068	2398.882	-112.771	-436.592	2401.636	-92.224	-648.317	2585.524	-95.906	-818.318	2601.783	-107.616	-489.710	2447.770	-161.071	-434.813	2562.014	-26.133	-622.465	2599.780	-131.487	-435.482	2636.234	-152.558	-398.085	2643.525	0.000	0.000	0.000	-107.616	-489.710	2447.770	-227.987	-374.933	2296.848	-227.987	-609.129	2296.848	-227.987	-826.823	2296.848	-227.987	-914.238	2296.848	0.000	0.000	0.000	-14.493	-886.235	2656.303	-14.493	-1236.200	2656.303	-14.493	-1565.396	2656.303	0.000	0.000	0.000	-156.515	-907.181	2670.630	-156.515	-1257.147	2670.630	-156.515	-1586.343	2670.630	0.000	0.000	0.000	
01051	5	0.000	0.000	0.000	-98.771	-231.405	2301.527	-120.357	-325.861	2336.281	-92.944	-473.873	2573.895	-105.194	-641.177	2606.418	-113.480	-362.994	2395.894	-248.998	-271.610	2423.097	-248.998	-505.886	2423.097	-248.998	-722.253	2423.097	-248.998	-809.697	2423.097	0.000	0.000	0.000	-113.480	-362.994	2395.894	-238.404	-408.684	2257.326	-238.404	-642.960	2257.326	-238.404	-859.327	2257.326	-238.404	-946.771	2257.326	0.000	0.000	0.000	-42.315	-744.720	2659.947	-42.315	-1094.806	2659.947	-42.315	-1424.115	2659.947	0.000	0.000	0.000	-175.008	-751.041	2646.968	-175.008	-1101.127	2646.968	-175.008	-1430.436	2646.968	0.000	0.000	0.000	
01052	5	0.000	0.000	0.000	-98.771	-231.405	2301.527	-120.357	-325.861	2336.281	-92.944	-473.873	2573.895	-105.194	-641.177	2606.418	-113.480	-362.994	2395.894	-248.998	-271.610	2423.097	-248.998	-505.886	2423.097	-248.998	-722.253	2423.097	-248.998	-809.697	2423.097	0.000	0.000	0.000	-113.480	-362.994	2395.894	-238.404	-408.684	2257.326	-238.404	-642.960	2257.326	-238.404	-859.327	2257.326	-238.404	-946.771	2257.326	0.000	0.000	0.000	-42.315	-744.720	2659.947	-42.315	-1094.806	2659.947	-42.315	-1424.115	2659.947	0.000	0.000	0.000	-175.008	-751.041	2646.968	-175.008	-1101.127	2646.968	-175.008	-1430.436	2646.968	0.000	0.000	0.000	
01053	5	0.000	0.000	0.000	-117.258	-237.085	2139.339	-117.981	-241.533	2253.630	-155.036	-479.335	2453.044	-160.451	-647.955	2540.162	-127.277	-301.193	2303.659	-105.938	-402.919	2324.758	-105.938	-663.241	2324.758	-105.938	-902.487	2324.758	-105.938	-999.653	2324.758	0.000	0.000	0.000	-127.277	-301.193	2303.659	-191.798	-402.004	2246.590	-264.062	-652.018	2252.790	-264.062	-891.264	2252.790	-264.062	-988.431	2252.790	0.000	0.000	0.000	-110.031	-888.317	2653.354	-110.031	-1277.323	2653.354	-110.031	-1643.243	2653.354	0.000	0.000	0.000	-215.652	-896.400	2606.594	-215.652	-1285.406	2606.594	-215.652	-1651.326	2606.594	0.000	0.000	0.000	
01055	5	0.000	0.000	0.000	-173.979	-490.992	2084.454	-209.555	-587.241	2090.918	-178.993	-782.059	2291.039	-165.681	-929.063	2376.734	-201.888	-636.116	2141.125	-144.228	-688.513	2243.697	-144.228	-922.519	2243.697	-144.228	-1136.146	2243.697	-144.228	-1223.490	2243.697	0.000	0.000	0.000	-201.888	-636.116	2141.125	-300.346	-698.312	2222.391	-331.813	-929.537	2204.960	-426.914	-1107.438	2275.267	-465.798	-1180.175	2304.013	0.000	0.000	0.000	-63.395	-1238.152	2551.372	-63.395	-1587.834	2551.372	-63.395	-1916.763	2551.372	0.000	0.000	0.000	-217.769	-1243.440	2546.259	-217.769	-1593.122	2546.259	-217.769	-1922.051	2546.259	0.000	0.000	0.000	
01056	5	0.000	0.000	0.000	-178.684	-503.335	2041.536	-209.890	-589.103	2088.884	-183.423	-778.485	2294.733	-180.131	-923.603	2384.520	-203.250	-636.615	2140.527	-128.790	-692.556	2225.307	-128.790	-926.567	2225.307	-128.790	-1140.198	2225.307	-128.790	-1227.543	2225.307	0.000	0.000	0.000	-203.250	-636.615	2140.527	-345.907	-693.734	2169.150	-354.664	-927.436	2160.914	-427.446	-1076.008	2296.071	-457.203	-1136.753	2351.332	0.000	0.000	0.000	-95.103	-1202.413	2550.591	-95.103	-1552.102	2550.591	-95.103	-1881.038	2550.591	0.000	0.000	0.000	-260.987	-1190.019	2545.572	-260.987	-1539.708	2545.572	-260.987	-1868.643	2545.572	0.000	0.000	0.000	
01057	5	0.000	0.000	0.000	-187.631	-527.510	2007.825	-210.205	-591.179	2085.374	-216.365	-781.392	2292.161	-226.303	-922.814	2387.284	-211.750	-638.899	2137.252	-155.076	-718.968	2208.728	-155.076	-953.039	2208.728	-155.076	-1166.725	2208.728	-155.076	-1254.093	2208.728	0.000	0.000	0.000	-211.750	-638.899	2137.252	-365.317	-686.416	2123.524	-390.650	-917.953	2146.725	-429.963	-1065.306	2296.402	-446.036	-1125.553	2357.599	0.000	0.000	0.000	-170.984	-1159.971	2557.210	-170.984	-1509.750	2557.210	-170.984	-1838.770	2557.210	0.000	0.000	0.000	-330.877	-1126.687	2531.037	-330.877	-1476.466	2531.037	-330.877	-1805.486	2531.037	0.000	0.000	0.000	
01058	5	0.000	0.000	0.000	-179.488	-570.742	1980.708	-211.129	-598.378	2074.888	-291.405	-795.197	2259.896	-320.973	-935.851	2352.890	-231.268	-647.756	2121.302	-170.597	-741.706	2186.164	-170.597	-976.413	2186.164	-170.597	-1190.680	2186.164	-170.597	-1278.285	2186.164	0.000	0.000	0.000	-231.268	-647.756	2121.302	-372.550	-690.128	2084.540	-436.810	-914.578	2060.452	-437.825	-1082.545	2193.479	-438.240	-1151.220	2247.870	0.000	0.000	0.000	-272.687	-1132.072	2469.976	-272.687	-1482.802	2469.976	-272.687	-1812.716	2469.976	0.000	0.000	0.000	-396.672	-1164.838	2464.167	-396.672	-1515.568	2464.167	-396.672	-1845.482	2464.167	0.000	0.000	0.000	
01059	5	0.000	0.000	0.000	-176.738	-565.492	1980.699	-211.590	-601.172	2071.241	-299.656	-813.306	2235.658	-329.790	-962.180	2315.496	-233.684	-654.392	2112.490	-171.918	-754.803	2165.035	-171.918	-990.070	2165.035	-171.918	-1204.848	2165.035	-171.918	-1292.662	2165.035	0.000	0.000	0.000	-233.684	-654.392	2112.490	-368.517	-697.832	2069.111	-431.579	-920.237	2025.415	-456.394	-1114.677	2113.204	-466.540	-1194.175	2149.098	0.000	0.000	0.000	-273.994	-1152.630	2410.457	-273.994	-1504.196	2410.457	-273.994	-1834.897	2410.457	0.000	0.000	0.000	-403.016	-1165.518	2461.327	-403.016	-1517.084	2461.327	-403.016	-1847.785	2461.327	0.000	0.000	0.000	
01060	5	0.000	0.000	0.000	-266.726	-609.254	1973.272	-221.395	-619.195	2066.355	-306.127	-865.196	2180.744	-315.825	-1023.001	2250.135	-242.653	-680.911	2095.053	-192.395	-772.428	2154.608	-192.395	-1009.152	2154.608	-192.395	-1225.260	2154.608	-192.395	-1313.618	2154.608	0.000	0.000	0.000	-242.653	-680.911	2095.053	-381.445	-699.678	2062.322	-425.295	-924.065	2000.951	-445.448	-1122.323	2084.557	-453.687	-1203.384	2118.740	0.000	0.000	0.000	-258.002	-1193.475	2394.791	-258.002	-1547.219	2394.791	-258.002	-1879.968	2394.791	0.000	0.000	0.000	-362.336	-1219.102	2408.511	-362.336	-1572.846	2408.511	-362.336	-1905.595	2408.511	0.000	0.000	0.000	
01061	5	0.000	0.000	0.000	-281.075	-583.915	1983.483	-228.024	-623.741	2064.366	-325.145	-882.260	2138.149	-315.598	-1021.352	2241.669	-252.389	-688.598	2082.876	-218.722	-765.249	2177.530	-218.722	-1003.329	2177.530	-218.722	-1220.675	2177.530	-218.722	-1309.540	2177.530	0.000	0.000	0.000	-252.389	-688.598	2082.876	-394.556	-695.591	2059.683	-431.959	-921.127	1993.222	-434.811	-1108.172	2103.881	-435.977	-1184.647	2149.125	0.000	0.000	0.000	-232.585	-1175.832	2420.146	-232.585	-1531.602	2420.146	-232.585	-1866.258	2420.146	0.000	0.000	0.000	-357.608	-1180.248	2436.599	-357.608	-1536.018	2436.599	-357.608	-1870.674	2436.599	0.000	0.000	0.000	
01062	5	0.000	0.000	0.000	-288.020	-560.920	1993.904	-240.726	-626.678	2061.426	-355.099	-888.419	2099.420	-337.974	-1021.350	2212.020	-269.420	-692.343	2070.958	-216.412	-760.978	2179.873	-216.412	-1000.979	2179.873	-216.412	-1220.079	2179.873	-216.412	-1309.661	2179.873	0.000	0.000	0.000	-269.420	-692.343	2070.958	-409.691	-690.732	2059.078	-426.978	-914.613	1974.348	-439.554	-1071.181	2127.099	-444.697	-1135.196	2189.553	0.000	0.000	0.000	-268.131	-1112.629	2365.000	-268.131	-1471.270	2365.000	-268.131	-1808.627	2365.000	0.000	0.000	0.000	-319.673	-1112.103	2383.859	-319.673	-1470.745	2383.859	-319.673	-1808.101	2383.859	0.000	0.000	0.000	
01063	5	0.000	0.000	0.000	-281.909	-527.263	2024.707	-266.572	-629.374	2057.043	-414.969	-881.042	2102.465	-398.750	-1033.357	2196.271	-303.802	-692.513	2068.438	-242.446	-749.955	2193.875	-242.446	-996.217	2193.875	-242.446	-1221.032	2193.875	-242.446	-1312.950	2193.875	0.000	0.000	0.000	-303.802	-692.513	2068.438	-443.554	-665.256	2092.180	-428.912	-887.338	1986.776	-469.777	-1045.427	2141.307	-486.486	-1110.063	2204.489	0.000	0.000	0.000	-345.685	-1068.766	2268.245	-345.685	-1436.763	2268.245	-345.685	-1782.919	2268.245	0.000	0.000	0.000	-424.955	-1086.423	2270.921	-424.955	-1454.420	2270.921	-424.955	-1800.576	2270.921	0.000	0.000	0.000	
01064	5	0.000	0.000	0.000	-333.426	-515.148	2044.985	-308.872	-629.660	2049.565	-417.819	-922.430	2120.200	-429.587	-1116.187	2133.380	-336.204	-703.109	2067.286	-267.220	-738.651	2200.234	-267.220	-1005.402	2200.234	-267.220	-1248.922	2200.234	-267.220	-1348.488	2200.234	0.000	0.000	0.000	-336.204	-703.109	2067.286	-492.823	-675.532	2068.876	-580.457	-926.996	2084.429	-448.158	-1118.858	2155.054	-394.066	-1197.302	2183.930	0.000	0.000	0.000	-375.431	-1173.597	2231.930	-375.431	-1572.210	2231.930	-375.431	-1947.166	2231.930	0.000	0.000	0.000	-473.837	-1173.035	2239.459	-473.837	-1571.649	2239.459	-473.837	-1946.605	2239.459	0.000	0.000	0.000	
01065	5	0.000	0.000	0.000	-377.405	-516.332	2045.370	-346.840	-634.680	2041.743	-398.619	-946.043	2151.439	-403.382	-1143.101	2199.948	-359.830	-712.795	2069.263	-308.868	-757.723	2187.303	-308.868	-1039.787	2187.303	-308.868	-1293.865	2187.303	-308.868	-1397.748	2187.303	0.000	0.000	0.000	-359.830	-712.795	2069.263	-523.619	-713.786	2057.887	-657.866	-908.873	2211.116	-493.213	-1101.802	2226.068	-425.893	-1180.684	2232.181	0.000	0.000	0.000	-334.783	-1273.068	2322.244	-334.783	-1688.965	2322.244	-334.783	-2080.178	2322.244	0.000	0.000	0.000	-497.227	-1288.967	2298.883	-497.227	-1704.864	2298.883	-497.227	-2096.077	2298.883	0.000	0.000	0.000	
01066	5	0.000	0.000	0.000	-386.020	-520.897	2050.397	-379.261	-645.401	2035.233	-422.717	-970.743	2135.580	-420.301	-1174.071	2181.699	-390.163	-727.022	2060.408	-306.173	-744.289	2184.353	-306.173	-1032.559	2184.353	-306.173	-1293.534	2184.353	-306.173	-1400.237	2184.353	0.000	0.000	0.000	-390.163	-727.022	2060.408	-555.523	-721.338	2058.103	-657.166	-970.139	2162.344	-657.166	-1231.114	2162.344	-657.166	-1337.816	2162.344	0.000	0.000	0.000	-340.074	-1241.080	2288.530	-340.074	-1668.266	2288.530	-340.074	-2070.099	2288.530	0.000	0.000	0.000	-508.472	-1278.128	2267.882	-508.472	-1705.314	2267.882	-508.472	-2107.147	2267.882	0.000	0.000	0.000	
01067	5	0.000	0.000	0.000	-387.295	-532.099	2051.861	-403.860	-656.885	2029.921	-460.863	-993.685	2102.276	-460.571	-1205.717	2108.207	-418.161	-741.381	2048.073	-343.653	-769.844	2171.377	-343.653	-1062.198	2171.377	-343.653	-1327.690	2171.377	-343.653	-1436.240	2171.377	0.000	0.000	0.000	-418.161	-741.381	2048.073	-577.328	-734.103	2048.385	-656.695	-995.648	2152.142	-656.695	-1261.140	2152.142	-656.695	-1369.690	2152.142	0.000	0.000	0.000	-414.329	-1210.329	2225.961	-414.329	-1644.908	2225.961	-414.329	-2053.696	2225.961	0.000	0.000	0.000	-529.280	-1219.746	2212.617	-529.280	-1654.326	2212.617	-529.280	-2063.113	2212.617	0.000	0.000	0.000	
01068	5	0.000	0.000	0.000	-393.233	-537.556	2051.900	-413.620	-662.057	2027.215	-472.792	-1003.047	2087.390	-472.422	-1216.435	2089.375	-428.465	-747.604	2042.312	-342.375	-759.726	2177.821	-342.375	-1053.531	2177.821	-342.375	-1320.627	2177.821	-342.375	-1429.832	2177.821	0.000	0.000	0.000	-428.465	-747.604	2042.312	-587.948	-743.460	2043.966	-601.514	-1035.355	2074.536	-601.514	-1302.451	2074.536	-601.514	-1411.656	2074.536	0.000	0.000	0.000	-418.931	-1185.085	2205.634	-418.931	-1622.291	2205.634	-418.931	-2033.549	2205.634	0.000	0.000	0.000	-518.898	-1185.466	2208.637	-518.898	-1622.672	2208.637	-518.898	-2033.930	2208.637	0.000	0.000	0.000	
01069	5	0.000	0.000	0.000	-396.872	-542.664	2047.406	-430.232	-665.617	2023.476	-492.782	-1010.524	2074.426	-497.773	-1223.047	2041.069	-445.924	-752.147	2036.258	-358.268	-779.947	2167.017	-358.268	-1075.756	2167.017	-358.268	-1345.087	2167.017	-358.268	-1455.206	2167.017	0.000	0.000	0.000	-445.924	-752.147	2036.258	-611.696	-740.400	2041.702	-606.166	-1035.994	2051.559	-606.166	-1305.325	2051.559	-606.166	-1415.444	2051.559	0.000	0.000	0.000	-431.117	-1159.212	2164.340	-431.117	-1600.075	2164.340	-431.117	-2014.773	2164.340	0.000	0.000	0.000	-553.458	-1151.829	2168.840	-553.458	-1592.692	2168.840	-553.458	-2007.390	2168.840	0.000	0.000	0.000	
01070	5	0.000	0.000	0.000	-397.927	-543.219	2037.286	-436.621	-666.124	2020.592	-490.326	-1010.992	2085.698	-495.603	-1226.515	2079.179	-450.095	-752.644	2036.925	-363.567	-776.566	2168.806	-363.567	-1072.909	2168.806	-363.567	-1342.869	2168.806	-363.567	-1453.245	2168.806	0.000	0.000	0.000	-450.095	-752.644	2036.925	-620.706	-739.571	2035.427	-579.047	-1029.353	1989.496	-579.047	-1299.313	1989.496	-579.047	-1409.689	1989.496	0.000	0.000	0.000	-434.148	-1187.035	2194.167	-434.148	-1628.928	2194.167	-434.148	-2044.596	2194.167	0.000	0.000	0.000	-544.973	-1176.011	2200.046	-544.973	-1617.905	2200.046	-544.973	-2033.572	2200.046	0.000	0.000	0.000	
01071	5	0.000	0.000	0.000	-395.312	-545.608	2022.445	-443.048	-666.412	2017.162	-486.838	-1010.533	2093.710	-488.962	-1225.865	2079.587	-454.034	-752.745	2036.366	-366.246	-768.477	2172.669	-366.246	-1064.756	2172.669	-366.246	-1334.866	2172.669	-366.246	-1445.303	2172.669	0.000	0.000	0.000	-454.034	-752.745	2036.366	-628.532	-739.742	2043.939	-446.227	-898.985	1873.093	-446.227	-1169.094	1873.093	-446.227	-1279.532	1873.093	0.000	0.000	0.000	-411.951	-1193.088	2187.925	-411.951	-1635.226	2187.925	-411.951	-2051.123	2187.925	0.000	0.000	0.000	-532.685	-1227.900	2198.268	-532.685	-1670.038	2198.268	-532.685	-2085.936	2198.268	0.000	0.000	0.000	
01072	5	0.000	0.000	0.000	-393.991	-547.514	2020.438	-444.425	-666.476	2015.320	-487.203	-1010.389	2084.277	-471.808	-1223.639	2103.417	-455.157	-752.756	2032.620	-353.628	-753.497	2174.199	-353.628	-1048.063	2174.199	-353.628	-1316.739	2174.199	-353.628	-1426.591	2174.199	0.000	0.000	0.000	-455.157	-752.756	2032.620	-630.470	-740.459	2046.523	-472.776	-945.655	1905.825	-472.776	-1214.332	1905.825	-472.776	-1324.184	1905.825	0.000	0.000	0.000	-413.931	-1207.157	2215.797	-413.931	-1646.950	2215.797	-413.931	-2060.641	2215.797	0.000	0.000	0.000	-526.214	-1222.314	2216.766	-526.214	-1662.107	2216.766	-526.214	-2075.799	2216.766	0.000	0.000	0.000	
01073	5	0.000	0.000	0.000	-389.636	-550.379	2022.351	-444.567	-666.486	2014.938	-484.761	-1007.962	2088.292	-462.583	-1214.164	2139.316	-454.650	-752.155	2033.341	-353.477	-751.977	2174.803	-353.477	-1045.004	2174.803	-353.477	-1312.323	2174.803	-353.477	-1421.619	2174.803	0.000	0.000	0.000	-454.650	-752.155	2033.341	-630.468	-740.752	2047.922	-503.850	-971.033	1918.295	-503.850	-1238.352	1918.295	-503.850	-1347.649	1918.295	0.000	0.000	0.000	-402.829	-1213.603	2250.886	-402.829	-1651.173	2250.886	-402.829	-2062.774	2250.886	0.000	0.000	0.000	-539.748	-1206.604	2243.139	-539.748	-1644.174	2243.139	-539.748	-2055.775	2243.139	0.000	0.000	0.000	
01074	5	0.000	0.000	0.000	-373.474	-562.326	2027.240	-444.544	-666.493	2014.631	-487.491	-998.121	2104.658	-467.454	-1197.798	2167.790	-455.319	-749.691	2037.217	-356.130	-753.307	2174.783	-322.469	-952.975	2380.379	-181.654	-1148.215	2273.670	-153.491	-1187.263	2252.329	0.000	0.000	0.000	-455.319	-749.691	2037.217	-628.916	-744.579	2044.833	-575.802	-1024.969	2002.049	-575.802	-1288.283	2002.049	-575.802	-1395.943	2002.049	0.000	0.000	0.000	-391.189	-1214.845	2264.481	-391.189	-1645.860	2264.481	-391.189	-2051.295	2264.481	0.000	0.000	0.000	-517.998	-1241.779	2270.497	-517.998	-1672.794	2270.497	-517.998	-2078.229	2270.497	0.000	0.000	0.000	
01075	3	0.000	0.000	0.000	-364.011	-569.423	2027.867	-442.438	-666.494	2014.663	-486.625	-989.330	2121.505	-466.577	-1187.731	2181.763	-453.523	-747.487	2041.467	-367.275	-750.719	2182.009	-357.827	-971.356	2364.700	-191.667	-1157.080	2288.009	-158.435	-1194.225	2272.671	0.000	0.000	0.000	-453.523	-747.487	2041.467	-625.901	-746.286	2041.540	-626.565	-1030.613	2077.653	-626.565	-1291.350	2077.653	-626.565	-1397.955	2077.653	0.000	0.000	0.000	-379.191	-1187.764	2275.012	-379.191	-1614.561	2275.012	-379.191	-2016.027	2275.012	0.000	0.000	0.000	-543.140	-1214.402	2280.005	-543.140	-1641.199	2280.005	-543.140	-2042.666	2280.005	0.000	0.000	0.000	
01076	3	0.000	0.000	0.000	-336.722	-582.271	2039.739	-419.595	-666.004	2018.746	-477.147	-979.624	2105.663	-447.986	-1173.103	2150.652	-434.034	-744.685	2040.552	-404.332	-729.095	2206.306	-368.621	-948.832	2369.073	-196.401	-1118.531	2296.744	-161.957	-1152.471	2282.279	0.000	0.000	0.000	-434.034	-744.685	2040.552	-604.838	-736.090	2031.615	-469.687	-956.093	1934.739	-238.248	-856.142	1923.108	-191.961	-836.152	1920.782	0.000	0.000	0.000	-376.361	-1124.389	2230.479	-376.361	-1535.723	2230.479	-376.361	-1922.645	2230.479	0.000	0.000	0.000	-503.902	-1132.076	2250.183	-503.902	-1543.411	2250.183	-503.902	-1930.333	2250.183	0.000	0.000	0.000	
01077	3	0.000	0.000	0.000	-327.174	-582.831	2047.613	-408.572	-665.660	2024.089	-469.966	-975.240	2104.943	-447.903	-1168.308	2142.493	-423.974	-743.327	2044.373	-387.328	-729.226	2209.250	-358.471	-941.530	2376.437	-188.969	-1108.264	2295.778	-155.068	-1141.610	2279.646	0.000	0.000	0.000	-423.974	-743.327	2044.373	-594.605	-730.123	2020.511	-484.820	-970.863	1958.479	-258.161	-871.191	1916.904	-212.829	-851.257	1908.589	0.000	0.000	0.000	-383.426	-1121.428	2226.042	-383.426	-1526.924	2226.042	-383.426	-1908.354	2226.042	0.000	0.000	0.000	-477.279	-1124.995	2247.448	-477.279	-1530.491	2247.448	-477.279	-1911.921	2247.448	0.000	0.000	0.000	
01078	3	0.000	0.000	0.000	-301.386	-585.845	2081.837	-381.198	-664.589	2045.183	-447.430	-958.617	2130.679	-409.108	-1093.305	2259.564	-397.814	-738.354	2066.632	-346.114	-736.492	2219.741	-286.140	-943.364	2369.420	-169.962	-1138.135	2288.757	-146.726	-1177.089	2272.625	0.000	0.000	0.000	-397.814	-738.354	2066.632	-568.156	-704.086	2064.103	-464.253	-919.300	1956.012	-354.301	-705.256	1950.060	-309.875	-618.771	1947.655	0.000	0.000	0.000	-336.891	-1137.111	2330.896	-336.891	-1527.032	2330.896	-336.891	-1893.812	2330.896	0.000	0.000	0.000	-501.574	-1149.685	2298.368	-501.574	-1539.606	2298.368	-501.574	-1906.386	2298.368	0.000	0.000	0.000	
01079	3	0.000	0.000	0.000	-288.969	-584.876	2087.731	-369.705	-664.243	2055.640	-440.204	-951.621	2149.978	-410.261	-1082.547	2282.484	-387.392	-736.340	2079.308	-324.358	-737.872	2221.880	-315.760	-954.068	2365.476	-171.472	-1129.824	2294.740	-142.614	-1164.975	2280.593	0.000	0.000	0.000	-387.392	-736.340	2079.308	-541.748	-705.331	2117.496	-489.038	-921.234	1983.175	-374.756	-712.462	1975.015	-328.475	-627.916	1971.710	0.000	0.000	0.000	-314.478	-1119.221	2354.974	-314.478	-1505.765	2354.974	-314.478	-1869.368	2354.974	0.000	0.000	0.000	-520.247	-1126.533	2307.752	-520.247	-1513.077	2307.752	-520.247	-1876.679	2307.752	0.000	0.000	0.000	
01080	3	0.000	0.000	0.000	-280.382	-583.404	2095.879	-360.435	-663.864	2068.113	-438.265	-943.360	2172.691	-411.791	-1084.015	2293.587	-379.961	-733.983	2094.349	-296.805	-745.256	2221.106	-347.846	-963.411	2356.027	-178.246	-1119.493	2305.629	-144.327	-1150.709	2295.550	0.000	0.000	0.000	-379.961	-733.983	2094.349	-523.811	-697.399	2147.259	-472.042	-895.725	1984.818	-316.640	-718.284	1990.292	-253.547	-646.244	1992.514	0.000	0.000	0.000	-317.104	-1126.957	2356.085	-317.104	-1510.799	2356.085	-317.104	-1871.860	2356.085	0.000	0.000	0.000	-517.538	-1134.617	2312.036	-517.538	-1518.459	2312.036	-517.538	-1879.520	2312.036	0.000	0.000	0.000	
01081	3	0.000	0.000	0.000	-275.636	-582.404	2103.701	-354.871	-663.440	2080.565	-437.299	-933.935	2199.232	-417.715	-1097.776	2285.711	-375.551	-731.301	2110.336	-274.633	-754.023	2216.029	-341.270	-962.617	2361.323	-173.863	-1121.935	2322.576	-140.381	-1153.799	2314.826	0.000	0.000	0.000	-375.551	-731.301	2110.336	-523.739	-700.703	2136.143	-459.995	-896.870	1973.301	-333.781	-704.256	2016.644	-282.468	-625.948	2034.265	0.000	0.000	0.000	-325.996	-1116.843	2338.816	-325.996	-1498.523	2338.816	-325.996	-1857.551	2338.816	0.000	0.000	0.000	-531.485	-1113.284	2267.658	-531.485	-1494.964	2267.658	-531.485	-1853.992	2267.658	0.000	0.000	0.000	
01082	3	0.000	0.000	0.000	-272.847	-581.313	2111.727	-351.356	-662.138	2093.611	-439.612	-928.887	2212.982	-424.494	-1109.952	2250.119	-373.498	-729.060	2123.559	-349.637	-728.229	2262.460	-316.263	-959.801	2376.242	-158.570	-1128.865	2346.961	-127.031	-1162.678	2341.105	0.000	0.000	0.000	-373.498	-729.060	2123.559	-524.747	-710.455	2071.649	-438.984	-930.575	1962.665	-331.184	-732.469	2021.324	-287.309	-651.839	2045.198	0.000	0.000	0.000	-340.249	-1076.791	2313.003	-340.249	-1456.742	2313.003	-340.249	-1814.143	2313.003	0.000	0.000	0.000	-509.462	-1112.771	2175.575	-509.462	-1492.722	2175.575	-509.462	-1850.123	2175.575	0.000	0.000	0.000	
