03357	4	0.000	0.000	0.000	-2.605	139.950	2464.550	24.366	48.113	2486.918	7.744	-129.227	2686.689	1.905	-291.247	2698.988	20.196	3.622	2537.036	126.469	5.275	2597.494	252.064	-178.923	2595.117	132.993	-32.425	2518.164	109.178	-3.126	2502.774	0.000	0.000	0.000	20.196	3.622	2537.036	-66.029	-1.588	2604.587	-221.808	-147.964	2541.219	-221.808	-351.830	2541.219	-221.808	-435.036	2541.219	0.000	0.000	0.000	57.321	-399.670	2697.912	57.321	-732.785	2697.912	57.321	-1046.130	2697.912	0.000	0.000	0.000	-32.797	-410.950	2717.527	-32.797	-744.065	2717.527	-32.797	-1057.410	2717.527	0.000	0.000	0.000	
03358	4	0.000	0.000	0.000	-0.944	140.316	2466.852	24.007	48.001	2493.677	16.919	-131.062	2684.957	13.225	-292.423	2693.419	22.203	2.421	2542.367	116.220	11.806	2614.540	243.944	-167.507	2589.852	132.088	-16.780	2513.848	109.717	13.365	2498.647	0.000	0.000	0.000	22.203	2.421	2542.367	-57.916	-2.648	2616.740	-57.916	-224.180	2616.740	-57.916	-426.682	2616.740	-57.916	-509.359	2616.740	0.000	0.000	0.000	68.653	-392.455	2681.218	68.653	-723.455	2681.218	68.653	-1034.810	2681.218	0.000	0.000	0.000	-8.255	-407.719	2713.440	-8.255	-738.719	2713.440	-8.255	-1050.074	2713.440	0.000	0.000	0.000	
03359	4	0.000	0.000	0.000	6.873	143.357	2482.820	23.766	47.965	2503.371	38.184	-129.041	2685.907	45.684	-288.401	2690.690	27.491	2.236	2550.529	164.757	-12.818	2528.146	244.453	-201.938	2602.992	143.623	-48.827	2524.077	123.458	-18.205	2508.294	0.000	0.000	0.000	27.491	2.236	2550.529	-76.729	-6.563	2608.796	-76.729	-225.012	2608.796	-76.729	-424.604	2608.796	-76.729	-506.134	2608.796	0.000	0.000	0.000	118.159	-372.604	2676.558	118.159	-699.011	2676.558	118.159	-1006.047	2676.558	0.000	0.000	0.000	81.016	-394.973	2721.847	81.016	-721.381	2721.847	81.016	-1028.416	2721.847	0.000	0.000	0.000	
03360	4	0.000	0.000	0.000	15.879	148.195	2493.851	30.166	51.124	2504.942	45.251	-128.497	2685.139	52.304	-287.434	2688.829	34.040	4.988	2551.226	166.142	-10.514	2462.532	166.142	-227.866	2462.532	166.142	-426.423	2462.532	166.142	-507.546	2462.532	0.000	0.000	0.000	34.040	4.988	2551.226	-56.163	1.907	2624.158	-56.163	-215.445	2624.158	-56.163	-414.003	2624.158	-56.163	-495.125	2624.158	0.000	0.000	0.000	95.068	-399.235	2685.622	95.068	-724.009	2685.622	95.068	-1029.508	2685.622	0.000	0.000	0.000	1.866	-392.578	2702.451	1.866	-717.352	2702.451	1.866	-1022.851	2702.451	0.000	0.000	0.000	
03361	4	0.000	0.000	0.000	19.487	155.987	2511.005	26.001	56.794	2516.032	2.661	-111.898	2699.825	-1.872	-269.644	2719.340	19.947	13.038	2563.705	160.692	12.050	2581.739	160.692	-203.723	2581.739	160.692	-400.791	2581.739	160.692	-481.326	2581.739	0.000	0.000	0.000	19.947	13.038	2563.705	-65.486	8.797	2633.451	-65.486	-206.976	2633.451	-65.486	-404.044	2633.451	-65.486	-484.579	2633.451	0.000	0.000	0.000	57.945	-387.610	2722.760	57.945	-710.032	2722.760	57.945	-1013.319	2722.760	0.000	0.000	0.000	-21.999	-404.854	2749.125	-21.999	-727.276	2749.125	-21.999	-1030.563	2749.125	0.000	0.000	0.000	
03362	4	0.000	0.000	0.000	18.160	160.029	2516.626	24.186	61.949	2520.759	-1.516	-106.244	2704.265	-10.469	-264.012	2726.510	17.527	18.377	2568.298	157.093	12.708	2590.915	157.093	-202.527	2590.915	157.093	-399.087	2590.915	157.093	-479.421	2590.915	0.000	0.000	0.000	17.527	18.377	2568.298	-69.279	9.868	2637.218	-69.279	-205.368	2637.218	-69.279	-401.927	2637.218	-69.279	-482.262	2637.218	0.000	0.000	0.000	46.792	-388.234	2727.198	46.792	-709.856	2727.198	46.792	-1012.389	2727.198	0.000	0.000	0.000	-31.290	-407.801	2743.315	-31.290	-729.423	2743.315	-31.290	-1031.957	2743.315	0.000	0.000	0.000	
03363	4	0.000	0.000	0.000	17.522	164.708	2525.226	24.812	65.653	2524.020	2.425	-99.564	2709.286	-6.959	-258.724	2730.792	18.991	22.696	2572.190	149.207	26.996	2612.899	149.207	-188.151	2612.899	149.207	-384.616	2612.899	149.207	-464.919	2612.899	0.000	0.000	0.000	18.991	22.696	2572.190	-67.986	11.853	2639.615	-67.986	-203.294	2639.615	-67.986	-399.759	2639.615	-67.986	-480.061	2639.615	0.000	0.000	0.000	50.444	-383.229	2729.484	50.444	-704.721	2729.484	50.444	-1007.133	2729.484	0.000	0.000	0.000	-27.026	-402.652	2752.675	-27.026	-724.144	2752.675	-27.026	-1026.556	2752.675	0.000	0.000	0.000	
03364	4	0.000	0.000	0.000	16.639	171.815	2556.028	25.493	74.617	2545.034	8.870	-94.182	2725.113	4.702	-255.174	2746.963	21.128	30.289	2592.324	147.710	16.911	2625.258	228.422	-178.424	2668.254	129.990	-27.158	2589.435	89.753	34.677	2557.214	0.000	0.000	0.000	21.128	30.289	2592.324	-64.749	17.728	2660.459	-64.749	-197.954	2660.459	-64.749	-394.888	2660.459	-64.749	-475.391	2660.459	0.000	0.000	0.000	66.334	-379.382	2743.090	66.334	-701.677	2743.090	66.334	-1004.844	2743.090	0.000	0.000	0.000	-27.877	-396.651	2773.687	-27.877	-718.946	2773.687	-27.877	-1022.113	2773.687	0.000	0.000	0.000	
03365	4	0.000	0.000	0.000	16.587	171.746	2573.639	25.640	75.787	2558.198	14.413	-94.468	2736.190	12.680	-255.961	2757.518	22.679	30.889	2605.137	146.026	19.150	2641.457	227.216	-176.915	2681.037	140.240	-21.016	2597.501	104.684	42.715	2563.352	0.000	0.000	0.000	22.679	30.889	2605.137	-66.114	17.777	2671.551	-66.114	-198.093	2671.551	-66.114	-395.191	2671.551	-66.114	-475.764	2671.551	0.000	0.000	0.000	85.114	-370.063	2761.753	85.114	-692.640	2761.753	85.114	-996.072	2761.753	0.000	0.000	0.000	-38.212	-388.839	2776.139	-38.212	-711.415	2776.139	-38.212	-1014.847	2776.139	0.000	0.000	0.000	
03366	4	0.000	0.000	0.000	16.448	173.033	2595.914	25.948	79.010	2577.475	19.611	-90.438	2754.079	20.618	-251.044	2779.332	24.264	33.968	2624.420	125.753	29.573	2687.469	232.525	-158.126	2680.268	136.432	0.807	2613.791	117.213	32.594	2600.495	0.000	0.000	0.000	24.264	33.968	2624.420	-63.167	22.496	2693.096	-164.777	-156.101	2759.891	-164.777	-353.364	2759.891	-164.777	-434.009	2759.891	0.000	0.000	0.000	78.874	-380.743	2777.393	78.874	-703.608	2777.393	78.874	-1007.311	2777.393	0.000	0.000	0.000	-22.784	-390.123	2791.833	-22.784	-712.988	2791.833	-22.784	-1016.691	2791.833	0.000	0.000	0.000	
03367	1	0.000	0.000	0.000	16.393	175.378	2604.563	25.804	81.391	2590.702	18.276	-88.963	2765.295	18.191	-249.413	2790.824	23.797	35.976	2637.247	130.663	37.554	2698.017	233.564	-152.321	2694.177	122.485	-4.607	2625.395	100.270	24.936	2611.638	0.000	0.000	0.000	23.797	35.976	2637.247	-61.524	26.417	2708.114	-166.461	-154.401	2762.417	-166.461	-351.603	2762.417	-166.461	-432.225	2762.417	0.000	0.000	0.000	80.306	-379.247	2794.145	80.306	-702.019	2794.145	80.306	-1005.634	2794.145	0.000	0.000	0.000	-36.636	-385.021	2798.065	-36.636	-707.792	2798.065	-36.636	-1011.408	2798.065	0.000	0.000	0.000	
03368	1	0.000	0.000	0.000	16.646	176.479	2608.815	25.754	81.542	2605.850	17.934	-86.576	2781.252	17.234	-246.171	2804.170	23.663	36.590	2652.749	145.808	37.475	2695.279	242.573	-155.312	2689.667	135.587	2.516	2640.133	114.189	34.082	2630.226	0.000	0.000	0.000	23.663	36.590	2652.749	-61.317	28.522	2724.003	-205.570	-130.168	2747.881	-205.570	-327.169	2747.881	-205.570	-407.710	2747.881	0.000	0.000	0.000	81.634	-365.520	2811.480	81.634	-687.968	2811.480	81.634	-991.278	2811.480	0.000	0.000	0.000	-30.824	-377.031	2820.780	-30.824	-699.479	2820.780	-30.824	-1002.789	2820.780	0.000	0.000	0.000	
03369	1	0.000	0.000	0.000	18.262	169.232	2614.913	25.725	82.460	2652.261	25.011	-81.649	2837.727	25.721	-237.149	2846.129	25.538	39.587	2700.713	152.839	21.889	2724.187	265.958	-160.697	2724.625	146.147	-19.768	2659.545	122.185	8.417	2646.529	0.000	0.000	0.000	25.538	39.587	2700.713	-79.816	19.896	2751.998	-176.081	-166.337	2798.728	-176.081	-362.427	2798.728	-176.081	-442.597	2798.728	0.000	0.000	0.000	107.266	-303.380	2820.424	107.266	-624.343	2820.424	107.266	-926.256	2820.424	0.000	0.000	0.000	-40.456	-327.672	2839.600	-40.456	-648.634	2839.600	-40.456	-950.547	2839.600	0.000	0.000	0.000	
03370	1	0.000	0.000	0.000	19.364	163.510	2647.635	25.722	85.823	2699.913	29.133	-89.614	2876.909	36.933	-240.033	2854.686	26.600	40.653	2745.484	166.718	23.967	2743.681	280.054	-155.179	2764.841	156.995	-27.853	2684.396	132.384	-2.388	2668.307	0.000	0.000	0.000	26.600	40.653	2745.484	-105.640	26.412	2769.457	-185.118	-162.710	2826.917	-185.118	-357.201	2826.917	-185.118	-436.719	2826.917	0.000	0.000	0.000	112.883	-273.231	2808.539	112.883	-591.582	2808.539	112.883	-891.038	2808.539	0.000	0.000	0.000	-35.403	-297.887	2837.918	-35.403	-616.238	2837.918	-35.403	-915.694	2837.918	0.000	0.000	0.000	
03371	1	0.000	0.000	0.000	17.396	165.299	2660.280	25.673	90.369	2715.276	17.540	-79.818	2897.137	27.198	-221.911	2849.667	23.590	46.775	2761.860	172.061	32.044	2734.004	265.224	-158.080	2743.247	158.036	-8.461	2683.610	136.599	21.462	2671.683	0.000	0.000	0.000	23.590	46.775	2761.860	-112.856	38.444	2772.680	-197.972	-143.480	2840.287	-197.972	-336.952	2840.287	-197.972	-416.054	2840.287	0.000	0.000	0.000	103.163	-262.502	2829.557	103.163	-579.186	2829.557	103.163	-877.076	2829.557	0.000	0.000	0.000	-61.232	-250.751	2844.680	-61.232	-567.436	2844.680	-61.232	-865.326	2844.680	0.000	0.000	0.000	
03372	1	0.000	0.000	0.000	13.678	181.858	2668.183	25.570	111.628	2726.576	-0.128	-56.795	2906.770	6.653	-190.930	2845.115	19.036	68.803	2772.394	163.924	40.019	2735.364	245.986	-152.218	2746.889	150.225	-1.547	2678.694	131.073	28.588	2665.055	0.000	0.000	0.000	19.036	68.803	2772.394	-109.759	52.131	2776.506	-220.153	-125.289	2789.065	-220.153	-316.398	2789.065	-220.153	-394.534	2789.065	0.000	0.000	0.000	96.174	-181.339	2825.105	96.174	-494.158	2825.105	96.174	-788.412	2825.105	0.000	0.000	0.000	-87.268	-183.702	2839.239	-87.268	-496.522	2839.239	-87.268	-790.775	2839.239	0.000	0.000	0.000	
03373	1	0.000	0.000	0.000	10.561	192.126	2670.955	25.466	124.502	2729.650	0.496	-50.266	2900.510	2.545	-186.720	2846.331	19.147	80.273	2772.890	155.262	51.972	2760.775	241.145	-135.014	2744.424	126.410	0.297	2680.890	103.463	27.359	2668.184	0.000	0.000	0.000	19.147	80.273	2772.890	-101.575	53.956	2773.924	-197.340	-124.534	2813.639	-197.340	-312.974	2813.639	-197.340	-390.020	2813.639	0.000	0.000	0.000	90.978	-182.369	2826.637	90.978	-490.821	2826.637	90.978	-780.966	2826.637	0.000	0.000	0.000	-87.427	-189.744	2836.191	-87.427	-498.195	2836.191	-87.427	-788.341	2836.191	0.000	0.000	0.000	
03374	1	0.000	0.000	0.000	8.857	195.642	2671.916	25.350	129.049	2730.529	2.944	-48.420	2897.470	5.496	-188.304	2850.956	19.690	84.213	2772.705	152.730	53.983	2755.941	241.327	-131.518	2743.918	127.595	1.480	2677.015	104.849	28.079	2663.634	0.000	0.000	0.000	19.690	84.213	2772.705	-102.472	63.934	2774.433	-192.845	-115.533	2819.480	-192.845	-302.881	2819.480	-192.845	-379.479	2819.480	0.000	0.000	0.000	91.478	-189.535	2828.307	91.478	-496.200	2828.307	91.478	-784.665	2828.307	0.000	0.000	0.000	-82.173	-193.688	2836.242	-82.173	-500.352	2836.242	-82.173	-788.817	2836.242	0.000	0.000	0.000	
03375	1	0.000	0.000	0.000	12.265	197.990	2672.187	26.194	132.046	2731.529	16.847	-49.823	2893.732	14.656	-191.000	2852.173	23.836	86.162	2772.452	156.351	57.299	2740.628	244.361	-127.551	2746.873	132.782	3.625	2675.347	110.467	29.860	2661.042	0.000	0.000	0.000	23.836	86.162	2772.452	-57.107	14.330	2774.130	-194.877	-129.371	2822.331	-194.877	-315.846	2822.331	-194.877	-392.088	2822.331	0.000	0.000	0.000	98.820	-196.579	2827.688	98.820	-501.815	2827.688	98.820	-788.935	2827.688	0.000	0.000	0.000	-62.266	-224.339	2837.096	-62.266	-529.575	2837.096	-62.266	-816.695	2837.096	0.000	0.000	0.000	
03376	1	0.000	0.000	0.000	10.224	200.269	2673.332	23.141	134.485	2732.140	-3.892	-43.479	2894.959	-1.410	-185.997	2854.645	16.335	89.676	2773.136	150.123	59.407	2723.126	248.554	-119.789	2750.031	126.265	-1.602	2676.655	75.804	47.166	2646.378	0.000	0.000	0.000	16.335	89.676	2773.136	-116.118	116.800	2778.363	-176.693	-77.021	2814.248	-176.693	-262.242	2814.248	-176.693	-337.972	2814.248	0.000	0.000	0.000	82.825	-194.327	2833.898	82.825	-497.511	2833.898	82.825	-782.701	2833.898	0.000	0.000	0.000	-86.053	-191.178	2833.000	-86.053	-494.362	2833.000	-86.053	-779.552	2833.000	0.000	0.000	0.000	
03377	1	0.000	0.000	0.000	4.390	202.959	2675.181	16.126	135.794	2732.326	-12.891	-39.596	2896.997	-7.301	-182.957	2856.989	8.825	91.664	2773.758	142.401	61.991	2740.191	251.821	-111.322	2746.875	116.174	-4.368	2681.249	60.302	39.685	2654.218	0.000	0.000	0.000	8.825	91.664	2773.758	-120.326	143.459	2785.016	-183.363	-49.835	2811.823	-183.363	-234.622	2811.823	-183.363	-310.174	2811.823	0.000	0.000	0.000	75.692	-193.743	2840.741	75.692	-496.216	2840.741	75.692	-780.739	2840.741	0.000	0.000	0.000	-86.435	-203.333	2834.055	-86.435	-505.807	2834.055	-86.435	-790.329	2834.055	0.000	0.000	0.000	
03378	1	0.000	0.000	0.000	5.238	202.874	2676.512	10.783	134.292	2732.452	26.232	-52.004	2885.849	29.002	-196.735	2856.348	14.666	87.467	2771.008	138.339	60.784	2724.010	248.871	-108.585	2750.631	132.355	9.399	2670.400	84.489	57.867	2637.440	0.000	0.000	0.000	14.666	87.467	2771.008	-24.674	-0.348	2781.031	-148.729	-155.894	2826.064	-148.729	-340.104	2826.064	-148.729	-415.421	2826.064	0.000	0.000	0.000	99.069	-229.034	2820.511	99.069	-530.564	2820.511	99.069	-814.198	2820.511	0.000	0.000	0.000	-41.389	-239.935	2836.860	-41.389	-541.465	2836.860	-41.389	-825.100	2836.860	0.000	0.000	0.000	
03379	1	0.000	0.000	0.000	12.628	199.462	2678.842	21.498	129.505	2732.466	26.440	-52.643	2891.233	29.219	-193.223	2849.418	22.740	83.740	2772.356	150.515	59.212	2731.790	252.327	-115.839	2750.409	156.525	2.867	2647.451	117.206	51.587	2605.195	0.000	0.000	0.000	22.740	83.740	2772.356	48.689	-12.438	2758.917	48.689	-215.798	2758.917	48.689	-399.835	2758.917	48.689	-475.081	2758.917	0.000	0.000	0.000	91.930	-237.624	2822.031	91.930	-538.871	2822.031	91.930	-822.240	2822.031	0.000	0.000	0.000	-51.621	-215.116	2838.023	-51.621	-516.363	2838.023	-51.621	-799.731	2838.023	0.000	0.000	0.000	
03380	1	0.000	0.000	0.000	5.563	221.862	2669.198	1.067	154.777	2726.746	10.227	-22.499	2890.611	21.342	-160.125	2837.977	3.367	110.260	2767.896	121.639	76.107	2730.694	237.977	-88.774	2748.017	115.928	8.262	2650.579	65.906	48.033	2610.643	0.000	0.000	0.000	3.367	110.260	2767.896	-121.997	131.808	2797.948	-121.997	-70.726	2797.948	-121.997	-254.590	2797.948	-121.997	-329.765	2797.948	0.000	0.000	0.000	103.009	-173.682	2829.852	103.009	-474.646	2829.852	103.009	-757.748	2829.852	0.000	0.000	0.000	-63.627	-162.619	2832.917	-63.627	-463.583	2832.917	-63.627	-746.685	2832.917	0.000	0.000	0.000	
03381	1	0.000	0.000	0.000	3.574	223.298	2668.919	-3.173	155.757	2725.692	3.445	-25.440	2885.368	14.972	-164.589	2835.441	-1.511	110.264	2765.782	118.420	78.799	2731.462	233.128	-87.019	2747.802	80.687	-5.942	2683.243	18.404	27.184	2656.867	0.000	0.000	0.000	-1.511	110.264	2765.782	-141.574	139.768	2762.164	-141.574	-62.520	2762.164	-141.574	-246.855	2762.164	-141.574	-322.023	2762.164	0.000	0.000	0.000	97.712	-173.523	2827.331	97.712	-474.457	2827.331	97.712	-757.530	2827.331	0.000	0.000	0.000	-71.125	-160.017	2832.192	-71.125	-460.951	2832.192	-71.125	-744.024	2832.192	0.000	0.000	0.000	
03382	1	0.000	0.000	0.000	2.210	223.500	2668.685	-4.953	155.338	2724.670	1.637	-27.772	2882.239	11.989	-168.826	2837.615	-3.299	109.372	2764.225	114.126	74.619	2731.573	234.520	-86.908	2747.955	123.404	18.639	2645.670	77.999	61.769	2603.874	0.000	0.000	0.000	-3.299	109.372	2764.225	-138.078	128.594	2772.688	-138.078	-73.530	2772.688	-138.078	-257.784	2772.688	-138.078	-332.957	2772.688	0.000	0.000	0.000	94.195	-178.893	2827.210	94.195	-479.853	2827.210	94.195	-762.950	2827.210	0.000	0.000	0.000	-74.349	-160.862	2831.343	-74.349	-461.822	2831.343	-74.349	-744.919	2831.343	0.000	0.000	0.000	
03383	1	0.000	0.000	0.000	7.189	201.029	2681.184	12.188	127.410	2730.135	29.317	-84.572	2842.153	33.689	-232.060	2833.688	16.513	73.877	2758.423	118.193	33.847	2732.081	102.517	-167.391	2724.552	152.439	3.789	2678.249	172.842	73.753	2659.324	0.000	0.000	0.000	16.513	73.877	2758.423	-114.817	84.249	2774.878	-114.817	-117.739	2774.878	-114.817	-301.964	2774.878	-114.817	-377.184	2774.878	0.000	0.000	0.000	74.547	-347.773	2828.648	74.547	-648.917	2828.648	74.547	-932.189	2828.648	0.000	0.000	0.000	-19.382	-338.451	2832.215	-19.382	-639.595	2832.215	-19.382	-922.866	2832.215	0.000	0.000	0.000	
03384	1	0.000	0.000	0.000	18.805	161.022	2699.408	36.261	83.334	2738.242	49.547	-140.213	2826.766	50.871	-289.309	2821.150	39.611	26.955	2760.568	160.280	15.920	2744.802	279.818	-146.758	2751.666	170.020	-12.753	2688.899	125.141	42.021	2663.244	0.000	0.000	0.000	39.611	26.955	2760.568	-90.522	33.322	2775.571	-90.522	-168.669	2775.571	-90.522	-352.931	2775.571	-90.522	-428.187	2775.571	0.000	0.000	0.000	99.270	-437.008	2820.696	99.270	-738.296	2820.696	99.270	-1021.703	2820.696	0.000	0.000	0.000	65.485	-444.404	2849.240	65.485	-745.692	2849.240	65.485	-1029.099	2849.240	0.000	0.000	0.000	
03385	1	0.000	0.000	0.000	34.204	125.802	2711.123	60.774	46.514	2740.709	43.082	-106.119	2924.840	44.703	-225.758	2832.611	56.288	7.813	2787.396	192.173	80.225	2708.471	230.359	-114.268	2748.011	146.069	29.113	2666.230	111.784	87.435	2632.965	0.000	0.000	0.000	56.288	7.813	2787.396	-60.033	116.112	2742.522	-60.033	-85.999	2742.522	-60.033	-271.339	2742.522	-60.033	-346.690	2742.522	0.000	0.000	0.000	83.314	-291.460	2825.611	83.314	-593.127	2825.611	83.314	-876.891	2825.611	0.000	0.000	0.000	-32.856	-255.179	2836.951	-32.856	-556.846	2836.951	-32.856	-840.609	2836.951	0.000	0.000	0.000	
03386	1	0.000	0.000	0.000	21.366	154.868	2708.306	45.878	71.855	2728.010	-3.957	-9.099	2948.952	10.702	-120.545	2849.684	33.269	51.373	2783.911	185.378	63.461	2736.081	211.386	-133.627	2699.005	101.473	15.867	2677.627	57.078	76.249	2668.992	0.000	0.000	0.000	33.269	51.373	2783.911	-80.993	131.012	2728.069	-80.993	-71.212	2728.069	-80.993	-257.991	2728.069	-80.993	-333.402	2728.069	0.000	0.000	0.000	95.423	-127.453	2820.493	95.423	-429.360	2820.493	95.423	-713.348	2820.493	0.000	0.000	0.000	-65.462	-148.038	2809.641	-65.462	-449.944	2809.641	-65.462	-733.932	2809.641	0.000	0.000	0.000	
03387	1	0.000	0.000	0.000	19.752	175.150	2691.497	33.484	91.166	2717.032	33.403	26.670	2949.393	44.438	-84.104	2851.703	33.464	74.875	2775.722	169.279	55.113	2716.406	205.207	-141.349	2683.810	38.424	-64.969	2717.298	-29.105	-34.044	2730.858	0.000	0.000	0.000	33.464	74.875	2775.722	-79.114	164.387	2675.795	37.505	153.271	2510.789	37.505	-33.201	2510.789	37.505	-108.678	2510.789	0.000	0.000	0.000	126.987	-109.484	2820.398	126.987	-411.654	2820.398	126.987	-695.891	2820.398	0.000	0.000	0.000	90.519	-154.357	2806.719	90.519	-456.527	2806.719	90.519	-740.764	2806.719	0.000	0.000	0.000	
03388	1	0.000	0.000	0.000	19.538	195.144	2663.589	30.340	121.176	2711.816	19.289	-7.837	2916.309	37.829	-130.354	2838.724	27.556	88.669	2763.341	151.614	54.677	2719.124	235.007	-126.974	2751.995	103.853	-8.149	2694.663	50.564	40.132	2671.368	0.000	0.000	0.000	27.556	88.669	2763.341	-86.329	111.676	2785.851	-38.228	135.086	2590.479	-38.228	-50.945	2590.479	-38.228	-126.516	2590.479	0.000	0.000	0.000	111.787	-122.217	2799.189	111.787	-424.768	2799.189	111.787	-709.363	2799.189	0.000	0.000	0.000	-48.663	-129.079	2821.788	-48.663	-431.630	2821.788	-48.663	-716.225	2821.788	0.000	0.000	0.000	
03389	1	0.000	0.000	0.000	14.040	204.986	2658.524	17.985	133.205	2710.990	-1.717	-13.920	2902.573	10.420	-144.650	2839.257	13.025	96.167	2759.220	138.686	64.583	2722.002	220.180	-120.229	2738.248	149.073	9.910	2626.189	120.146	62.853	2580.602	0.000	0.000	0.000	13.025	96.167	2759.220	-108.623	143.295	2768.153	-71.658	134.147	2569.129	-71.658	-51.727	2569.129	-71.658	-127.332	2569.129	0.000	0.000	0.000	91.806	-144.819	2820.493	91.806	-447.505	2820.493	91.806	-732.227	2820.493	0.000	0.000	0.000	-75.347	-134.323	2824.812	-75.347	-437.009	2824.812	-75.347	-721.731	2824.812	0.000	0.000	0.000	
03390	1	0.000	0.000	0.000	6.557	216.019	2656.958	7.064	144.982	2710.624	-20.471	-14.853	2891.056	-16.557	-151.850	2841.591	0.137	104.772	2756.016	126.057	75.028	2716.066	218.526	-104.661	2731.717	87.665	15.098	2672.798	34.707	63.563	2648.955	0.000	0.000	0.000	0.137	104.772	2756.016	-121.899	145.278	2760.135	-81.547	132.934	2561.886	-81.547	-53.984	2561.886	-81.547	-129.616	2561.886	0.000	0.000	0.000	67.330	-160.376	2830.471	67.330	-463.170	2830.471	67.330	-747.993	2830.471	0.000	0.000	0.000	-100.634	-152.862	2822.771	-100.634	-455.655	2822.771	-100.634	-740.479	2822.771	0.000	0.000	0.000	
03391	1	0.000	0.000	0.000	-2.115	220.837	2653.160	-2.693	151.850	2709.505	-18.891	-12.474	2887.754	-15.711	-150.190	2841.664	-6.764	110.552	2754.303	115.316	83.060	2716.284	208.133	-96.378	2733.684	194.079	45.741	2614.028	188.371	103.467	2565.427	0.000	0.000	0.000	-6.764	110.552	2754.303	-124.249	135.992	2770.143	-83.625	137.805	2571.492	-83.625	-48.509	2571.492	-83.625	-124.178	2571.492	0.000	0.000	0.000	69.921	-154.588	2831.550	69.921	-457.534	2831.550	69.921	-742.500	2831.550	0.000	0.000	0.000	-100.245	-148.274	2820.792	-100.245	-451.220	2820.792	-100.245	-736.186	2820.792	0.000	0.000	0.000	
03392	1	0.000	0.000	0.000	-0.340	204.032	2644.841	1.910	142.441	2709.172	11.995	-53.436	2854.981	12.467	-198.885	2845.590	4.430	93.491	2745.610	118.504	73.627	2709.731	209.579	-105.812	2734.887	175.813	58.893	2655.113	162.080	125.880	2622.667	0.000	0.000	0.000	4.430	93.491	2745.610	-96.755	62.677	2756.425	-99.944	-138.838	2733.899	-99.944	-324.934	2733.899	-99.944	-400.617	2733.899	0.000	0.000	0.000	71.444	-287.495	2831.426	71.444	-590.491	2831.426	71.444	-875.504	2831.426	0.000	0.000	0.000	-35.470	-296.678	2836.838	-35.470	-599.674	2836.838	-35.470	-884.687	2836.838	0.000	0.000	0.000	
03393	1	0.000	0.000	0.000	-3.045	207.861	2723.604	13.578	121.540	2709.023	31.598	-69.587	2860.794	33.113	-212.790	2844.351	18.076	73.831	2746.908	134.442	62.047	2721.542	232.894	-114.594	2737.127	138.576	28.617	2665.660	100.143	86.973	2636.538	0.000	0.000	0.000	18.076	73.831	2746.908	-102.017	73.016	2759.892	-106.480	-129.196	2744.788	-106.480	-314.972	2744.788	-106.480	-390.670	2744.788	0.000	0.000	0.000	89.296	-288.258	2819.734	89.296	-591.315	2819.734	89.296	-876.385	2819.734	0.000	0.000	0.000	-32.130	-282.865	2832.793	-32.130	-585.922	2832.793	-32.130	-870.992	2832.793	0.000	0.000	0.000	
03394	1	0.000	0.000	0.000	6.958	206.362	2714.294	16.064	117.875	2709.004	28.035	-63.008	2873.052	28.405	-202.034	2841.187	19.055	72.678	2749.995	135.816	63.038	2737.426	234.105	-114.329	2732.975	142.761	32.384	2665.150	105.515	92.208	2637.493	0.000	0.000	0.000	19.055	72.678	2749.995	-97.691	65.273	2758.485	-120.384	-133.668	2726.125	-120.384	-319.325	2726.125	-120.384	-395.026	2726.125	0.000	0.000	0.000	92.842	-252.285	2817.568	92.842	-555.353	2817.568	92.842	-840.435	2817.568	0.000	0.000	0.000	-45.273	-241.858	2821.871	-45.273	-544.927	2821.871	-45.273	-830.009	2821.871	0.000	0.000	0.000	
03395	1	0.000	0.000	0.000	12.889	193.983	2663.957	16.984	117.203	2708.992	8.400	-44.643	2891.548	14.106	-173.604	2836.204	14.836	76.704	2754.673	133.846	63.474	2744.519	231.223	-113.962	2731.597	149.118	35.992	2659.696	115.606	97.196	2630.349	0.000	0.000	0.000	14.836	76.704	2754.673	-102.983	90.676	2761.049	-123.913	-109.119	2733.171	-89.660	59.253	2663.350	-82.810	92.928	2649.386	0.000	0.000	0.000	92.770	-190.487	2820.708	92.770	-493.540	2820.708	92.770	-778.607	2820.708	0.000	0.000	0.000	-68.266	-179.813	2818.416	-68.266	-482.866	2818.416	-68.266	-767.933	2818.416	0.000	0.000	0.000	
03396	1	0.000	0.000	0.000	13.557	181.741	2646.570	17.051	118.281	2708.988	7.362	-48.137	2886.924	13.185	-177.824	2835.063	14.625	76.599	2753.555	136.425	60.523	2712.329	241.963	-110.916	2736.374	147.970	29.285	2659.934	109.582	86.544	2628.715	0.000	0.000	0.000	14.625	76.599	2753.555	-96.694	79.202	2764.954	-117.913	-121.512	2745.688	-93.287	43.221	2664.505	-88.361	76.168	2648.269	0.000	0.000	0.000	91.024	-192.163	2823.297	91.024	-495.128	2823.297	91.024	-780.113	2823.297	0.000	0.000	0.000	-65.016	-189.186	2815.861	-65.016	-492.151	2815.861	-65.016	-777.136	2815.861	0.000	0.000	0.000	
03397	1	0.000	0.000	0.000	22.235	138.932	2637.276	27.992	86.397	2710.178	35.563	-133.781	2813.758	36.944	-275.967	2802.789	29.890	31.197	2736.146	133.604	8.130	2718.550	279.942	-123.984	2671.763	157.902	14.626	2659.148	108.040	71.258	2653.994	0.000	0.000	0.000	29.890	31.197	2736.146	-60.564	-5.344	2743.214	-178.270	-170.277	2743.813	-110.385	-7.909	2686.419	-96.808	24.564	2674.941	0.000	0.000	0.000	69.349	-393.318	2791.806	69.349	-696.104	2791.806	69.349	-980.919	2791.806	0.000	0.000	0.000	6.993	-394.249	2804.784	6.993	-697.034	2804.784	6.993	-981.849	2804.784	0.000	0.000	0.000	
03398	1	0.000	0.000	0.000	26.763	106.513	2649.228	39.838	42.708	2710.754	38.728	-188.470	2792.719	24.313	-331.324	2807.548	39.562	-14.764	2731.130	156.235	-22.782	2728.865	279.786	-169.994	2665.254	171.475	-20.427	2656.072	149.813	9.486	2654.235	0.000	0.000	0.000	39.562	-14.764	2731.130	-69.953	36.218	2788.659	-113.443	-146.206	2712.420	-69.538	31.973	2689.833	-60.756	67.608	2685.315	0.000	0.000	0.000	63.996	-381.882	2810.308	63.996	-684.392	2810.308	63.996	-968.948	2810.308	0.000	0.000	0.000	-10.486	-381.294	2812.473	-10.486	-683.804	2812.473	-10.486	-968.360	2812.473	0.000	0.000	0.000	
03399	1	0.000	0.000	0.000	36.057	96.902	2663.327	47.703	17.931	2703.620	33.356	-226.510	2715.543	25.738	-320.756	2825.373	44.136	-42.837	2706.584	170.698	-35.302	2701.015	200.642	-90.420	2508.654	158.733	-11.983	2674.730	150.351	3.705	2707.946	0.000	0.000	0.000	44.136	-42.837	2706.584	-51.493	44.935	2789.639	-58.659	-120.365	2673.182	-33.617	66.244	2679.507	-28.609	103.566	2680.771	0.000	0.000	0.000	64.120	-382.148	2810.327	64.120	-684.494	2810.327	64.120	-968.895	2810.327	0.000	0.000	0.000	-10.613	-381.559	2812.500	-10.613	-683.904	2812.500	-10.613	-968.305	2812.500	0.000	0.000	0.000	
03400	1	0.000	0.000	0.000	69.053	45.233	2701.927	96.697	-35.459	2676.541	101.564	-239.283	2809.417	88.579	-357.954	2724.859	97.915	-86.434	2709.772	147.459	-22.212	2551.545	119.380	-114.919	2731.106	118.832	-4.059	2579.802	118.722	18.113	2549.542	0.000	0.000	0.000	97.915	-86.434	2709.772	22.733	16.351	2777.640	22.733	-187.671	2777.640	22.733	-375.243	2777.640	22.733	-450.663	2777.640	0.000	0.000	0.000	121.115	-441.722	2735.702	121.115	-743.666	2735.702	121.115	-1027.690	2735.702	0.000	0.000	0.000	76.363	-441.331	2757.069	76.363	-743.275	2757.069	76.363	-1027.299	2757.069	0.000	0.000	0.000	
03401	1	0.000	0.000	0.000	74.593	32.800	2709.116	104.812	-41.723	2671.168	79.846	-249.712	2794.566	69.598	-342.283	2681.535	98.565	-93.773	2702.049	81.239	-15.336	2539.407	240.298	-119.137	2612.636	110.079	-23.019	2519.196	84.035	-3.796	2500.507	0.000	0.000	0.000	98.565	-93.773	2702.049	-20.511	-62.720	2621.507	-20.511	-266.281	2621.507	-20.511	-453.168	2621.507	-20.511	-528.562	2621.507	0.000	0.000	0.000	92.602	-446.454	2668.984	92.602	-748.295	2668.984	92.602	-1032.222	2668.984	0.000	0.000	0.000	53.038	-447.993	2674.711	53.038	-749.834	2674.711	53.038	-1033.761	2674.711	0.000	0.000	0.000	
03402	1	0.000	0.000	0.000	74.613	32.751	2709.091	104.812	-41.723	2671.168	79.866	-249.552	2794.471	69.593	-342.323	2681.434	98.566	-93.758	2702.040	23.909	-12.665	2564.220	212.762	-64.503	2510.051	57.012	10.745	2440.755	25.862	25.795	2426.896	0.000	0.000	0.000	98.566	-93.758	2702.040	-21.231	-62.841	2621.222	-21.231	-266.032	2621.222	-21.231	-452.371	2621.222	-21.231	-527.745	2621.222	0.000	0.000	0.000	92.644	-446.596	2669.004	92.644	-748.355	2669.004	92.644	-1032.205	2669.004	0.000	0.000	0.000	53.014	-448.138	2674.740	53.014	-749.897	2674.740	53.014	-1033.747	2674.740	0.000	0.000	0.000	
