01048	1	0.000	0.000	0.000	123.032	176.866	2495.656	126.591	75.025	2503.763	145.232	-131.971	2672.542	146.278	-291.171	2651.615	131.308	22.646	2546.472	211.420	9.580	2624.220	338.173	-174.411	2598.348	206.373	-42.669	2512.123	152.486	11.195	2476.869	0.000	0.000	0.000	131.308	22.646	2546.472	44.241	9.327	2625.793	44.241	-215.591	2625.793	44.241	-420.924	2625.793	44.241	-504.876	2625.793	0.000	0.000	0.000	179.909	-378.208	2658.201	179.909	-714.308	2658.201	179.909	-1030.462	2658.201	0.000	0.000	0.000	76.829	-353.982	2676.355	76.829	-690.083	2676.355	76.829	-1006.236	2676.355	0.000	0.000	0.000	
01049	1	0.000	0.000	0.000	121.954	169.777	2495.258	113.291	69.809	2506.834	99.122	-137.302	2670.067	89.518	-292.666	2664.450	109.683	17.072	2548.399	207.135	8.996	2627.096	338.926	-168.722	2597.315	210.800	-30.486	2519.779	158.414	26.032	2488.078	0.000	0.000	0.000	109.683	17.072	2548.399	30.499	11.102	2635.934	-28.738	-202.526	2662.268	-66.971	-11.430	2602.623	-82.604	66.702	2578.236	0.000	0.000	0.000	152.396	-393.005	2667.216	152.396	-726.610	2667.216	152.396	-1040.416	2667.216	0.000	0.000	0.000	56.061	-409.260	2678.084	56.061	-742.865	2678.084	56.061	-1056.671	2678.084	0.000	0.000	0.000	
01050	1	0.000	0.000	0.000	121.463	167.863	2495.746	110.725	69.382	2510.473	100.423	-134.422	2675.023	93.752	-289.517	2667.026	108.090	17.247	2552.567	211.649	5.784	2624.388	349.413	-166.681	2595.387	215.009	-33.224	2521.683	160.057	21.342	2491.548	0.000	0.000	0.000	108.090	17.247	2552.567	30.535	11.899	2642.655	-31.951	-200.757	2663.558	-64.173	-8.911	2604.699	-77.346	69.527	2580.634	0.000	0.000	0.000	161.727	-383.550	2667.771	161.727	-716.231	2667.771	161.727	-1029.168	2667.771	0.000	0.000	0.000	56.193	-402.411	2678.647	56.193	-735.093	2678.647	56.193	-1048.029	2678.647	0.000	0.000	0.000	
01051	1	0.000	0.000	0.000	121.101	166.850	2495.782	109.236	69.219	2510.213	99.312	-128.293	2677.717	95.601	-282.282	2669.802	106.676	18.261	2553.429	217.962	2.250	2615.675	355.606	-170.833	2596.339	222.264	-36.227	2524.440	167.746	18.808	2495.044	0.000	0.000	0.000	106.676	18.261	2553.429	29.512	13.377	2644.207	-38.047	-197.064	2664.875	-63.529	-3.917	2609.080	-73.948	75.054	2586.268	0.000	0.000	0.000	154.195	-379.552	2665.505	154.195	-711.270	2665.505	154.195	-1023.301	2665.505	0.000	0.000	0.000	58.630	-391.250	2676.916	58.630	-722.967	2676.916	58.630	-1034.998	2676.916	0.000	0.000	0.000	
01052	1	0.000	0.000	0.000	119.762	164.657	2494.184	106.950	69.042	2508.882	107.671	-125.777	2677.697	102.895	-281.168	2659.946	107.136	18.980	2552.262	229.609	-34.641	2543.590	365.045	-186.251	2627.469	249.576	-48.622	2537.847	226.482	-21.096	2519.923	0.000	0.000	0.000	107.136	18.980	2552.262	22.422	10.794	2637.188	-39.411	-200.211	2641.397	-70.526	-3.624	2615.085	-83.248	76.753	2604.327	0.000	0.000	0.000	170.057	-343.983	2649.533	170.057	-672.613	2649.533	170.057	-981.740	2649.533	0.000	0.000	0.000	62.383	-361.474	2665.586	62.383	-690.104	2665.586	62.383	-999.230	2665.586	0.000	0.000	0.000	
01053	1	0.000	0.000	0.000	120.386	165.074	2492.735	112.795	69.032	2504.628	118.992	-124.799	2669.509	113.188	-280.385	2651.504	114.403	18.756	2547.395	221.756	-50.264	2535.690	359.845	-194.973	2625.337	253.936	-49.158	2538.371	232.755	-19.995	2520.978	0.000	0.000	0.000	114.403	18.756	2547.395	26.558	13.354	2633.205	-37.267	-195.741	2649.060	-79.982	-3.880	2611.555	-88.525	34.492	2604.054	0.000	0.000	0.000	180.279	-350.424	2654.915	180.279	-677.971	2654.915	180.279	-986.079	2654.915	0.000	0.000	0.000	80.012	-369.695	2657.198	80.012	-697.242	2657.198	80.012	-1005.350	2657.198	0.000	0.000	0.000	
01054	1	0.000	0.000	0.000	120.170	164.595	2490.633	116.036	69.019	2500.220	119.732	-126.094	2659.116	109.438	-277.186	2636.751	116.999	18.177	2541.625	197.316	-69.007	2533.024	366.869	-169.129	2625.882	229.760	-55.877	2537.142	202.339	-33.227	2519.394	0.000	0.000	0.000	116.999	18.177	2541.625	30.216	18.097	2629.741	-36.743	-187.055	2658.457	-112.437	-8.830	2613.666	-143.385	64.039	2595.353	0.000	0.000	0.000	176.946	-353.282	2664.272	176.946	-678.605	2664.272	176.946	-984.621	2664.272	0.000	0.000	0.000	75.409	-369.858	2676.728	75.409	-695.181	2676.728	75.409	-1001.197	2676.728	0.000	0.000	0.000	
01055	1	0.000	0.000	0.000	120.523	178.380	2486.251	128.001	83.009	2480.098	140.119	-100.461	2654.354	145.439	-247.733	2627.286	131.116	35.849	2524.890	225.489	-24.182	2542.222	344.629	-196.946	2594.099	226.682	-51.553	2531.673	178.256	8.142	2506.042	0.000	0.000	0.000	131.116	35.849	2524.890	47.690	22.108	2601.319	47.690	-194.069	2601.319	47.690	-391.420	2601.319	47.690	-472.110	2601.319	0.000	0.000	0.000	200.946	-322.718	2658.645	200.946	-645.759	2658.645	200.946	-949.627	2658.645	0.000	0.000	0.000	81.512	-310.032	2669.506	81.512	-633.072	2669.506	81.512	-936.941	2669.506	0.000	0.000	0.000	
01056	1	0.000	0.000	0.000	117.078	191.793	2487.645	138.115	103.892	2462.760	116.351	-68.180	2643.182	113.227	-214.091	2657.756	132.493	59.444	2509.365	191.722	-4.421	2562.174	330.625	-166.743	2582.678	205.419	-35.210	2509.114	154.089	18.714	2478.955	0.000	0.000	0.000	132.493	59.444	2509.365	55.494	17.169	2563.466	55.494	-197.453	2563.466	55.494	-393.384	2563.466	55.494	-473.493	2563.466	0.000	0.000	0.000	177.245	-320.970	2657.205	177.245	-641.687	2657.205	177.245	-943.369	2657.205	0.000	0.000	0.000	51.854	-324.346	2662.211	51.854	-645.062	2662.211	51.854	-946.744	2662.211	0.000	0.000	0.000	
01057	1	0.000	0.000	0.000	116.629	194.254	2488.422	136.069	107.448	2459.592	106.445	-59.642	2640.812	97.050	-202.881	2664.408	128.383	64.098	2506.608	192.088	13.322	2574.332	324.367	-154.573	2580.652	196.372	-29.782	2502.211	143.926	21.352	2470.070	0.000	0.000	0.000	128.383	64.098	2506.608	54.570	26.253	2568.809	54.570	-187.584	2568.809	54.570	-382.798	2568.809	54.570	-462.614	2568.809	0.000	0.000	0.000	163.897	-314.114	2661.881	163.897	-633.657	2661.881	163.897	-934.236	2661.881	0.000	0.000	0.000	38.856	-325.549	2659.867	38.856	-645.092	2659.867	38.856	-945.671	2659.867	0.000	0.000	0.000	
01058	1	0.000	0.000	0.000	114.311	205.788	2490.760	132.831	119.840	2460.517	104.453	-48.988	2636.625	92.459	-191.030	2659.208	125.444	75.892	2506.360	195.712	9.189	2557.331	331.239	-152.124	2583.078	194.978	-42.145	2500.104	139.187	2.884	2466.132	0.000	0.000	0.000	125.444	75.892	2506.360	51.601	34.789	2568.861	-29.920	-138.307	2660.756	-128.906	6.200	2577.892	-148.703	35.102	2561.320	0.000	0.000	0.000	159.432	-304.260	2656.656	159.432	-621.441	2656.656	159.432	-919.797	2656.656	0.000	0.000	0.000	40.934	-323.152	2661.524	40.934	-640.332	2661.524	40.934	-938.689	2661.524	0.000	0.000	0.000	
01059	1	0.000	0.000	0.000	113.464	209.941	2490.522	132.157	124.259	2460.528	110.041	-48.029	2631.630	99.286	-190.796	2648.809	126.380	79.251	2505.227	199.724	9.694	2547.312	330.203	-152.578	2584.177	192.492	-45.992	2500.861	136.123	-2.364	2466.758	0.000	0.000	0.000	126.380	79.251	2505.227	58.345	42.918	2575.233	-27.964	-134.833	2650.543	-120.301	16.895	2574.917	-158.055	78.930	2543.996	0.000	0.000	0.000	166.884	-302.394	2652.744	166.884	-618.388	2652.744	166.884	-915.628	2652.744	0.000	0.000	0.000	48.644	-320.644	2661.067	48.644	-636.637	2661.067	48.644	-933.877	2661.067	0.000	0.000	0.000	
01060	1	0.000	0.000	0.000	112.992	213.310	2484.268	131.802	126.046	2460.493	110.784	-46.539	2628.388	101.127	-189.040	2644.186	126.284	80.735	2504.573	182.833	3.182	2545.300	327.056	-146.152	2581.064	192.868	-42.622	2490.170	137.954	-0.255	2452.974	0.000	0.000	0.000	126.284	80.735	2504.573	58.952	44.526	2574.244	-26.472	-132.697	2649.574	-26.472	-325.016	2649.574	-26.472	-403.648	2649.574	0.000	0.000	0.000	166.701	-299.455	2651.579	166.701	-614.259	2651.579	166.701	-910.379	2651.579	0.000	0.000	0.000	35.660	-303.225	2663.570	35.660	-618.029	2663.570	35.660	-914.149	2663.570	0.000	0.000	0.000	
01061	1	0.000	0.000	0.000	116.537	217.216	2478.987	125.057	127.764	2460.479	110.031	-45.922	2630.940	105.257	-188.833	2645.219	121.176	82.904	2504.506	179.946	3.693	2537.125	321.575	-147.441	2565.571	189.106	-40.702	2479.047	134.912	2.965	2443.650	0.000	0.000	0.000	121.176	82.904	2504.506	60.440	47.449	2577.334	-19.903	-133.295	2645.054	-19.903	-324.156	2645.054	-19.903	-402.192	2645.054	0.000	0.000	0.000	173.684	-295.185	2650.124	173.684	-607.602	2650.124	173.684	-901.477	2650.124	0.000	0.000	0.000	59.265	-313.753	2664.421	59.265	-626.170	2664.421	59.265	-920.045	2664.421	0.000	0.000	0.000	
01062	1	0.000	0.000	0.000	118.031	217.806	2476.202	122.763	127.886	2460.433	109.759	-44.895	2627.522	103.770	-188.150	2643.917	119.374	82.856	2503.980	173.684	2.761	2536.243	315.992	-146.731	2564.104	185.190	-38.510	2478.497	131.685	5.758	2443.479	0.000	0.000	0.000	119.374	82.856	2503.980	54.598	45.763	2572.709	-23.756	-136.679	2635.568	-23.756	-326.809	2635.568	-23.756	-404.546	2635.568	0.000	0.000	0.000	170.760	-300.732	2648.876	170.760	-611.953	2648.876	170.760	-904.704	2648.876	0.000	0.000	0.000	61.834	-321.318	2663.205	61.834	-632.540	2663.205	61.834	-925.290	2663.205	0.000	0.000	0.000	
01063	1	0.000	0.000	0.000	122.518	222.451	2460.464	117.272	131.748	2460.343	107.868	-47.476	2623.353	100.273	-191.630	2636.520	114.855	85.675	2502.248	180.147	19.834	2544.086	310.662	-139.748	2561.794	174.281	-43.480	2473.394	118.504	-4.108	2437.240	0.000	0.000	0.000	114.855	85.675	2502.248	45.264	39.782	2559.579	-25.464	-141.968	2628.708	-78.769	24.756	2557.692	-89.429	58.101	2543.489	0.000	0.000	0.000	167.860	-292.857	2637.492	167.860	-602.058	2637.492	167.860	-892.908	2637.492	0.000	0.000	0.000	44.356	-306.146	2655.781	44.356	-615.347	2655.781	44.356	-906.196	2655.781	0.000	0.000	0.000	
01064	1	0.000	0.000	0.000	123.677	223.882	2455.766	116.371	133.533	2457.231	107.200	-54.461	2606.442	99.518	-198.074	2621.867	113.996	84.864	2495.859	186.248	9.083	2511.138	312.754	-145.165	2564.233	177.272	-51.153	2473.006	150.176	-32.351	2454.760	0.000	0.000	0.000	113.996	84.864	2495.859	46.793	21.929	2534.563	-26.809	-148.521	2624.812	-93.994	14.183	2557.511	-107.431	46.724	2544.051	0.000	0.000	0.000	162.290	-312.123	2624.134	162.290	-620.605	2624.134	162.290	-910.779	2624.134	0.000	0.000	0.000	46.566	-324.057	2635.273	46.566	-632.539	2635.273	46.566	-922.714	2635.273	0.000	0.000	0.000	
01065	1	0.000	0.000	0.000	123.454	218.427	2455.442	115.562	128.312	2452.896	106.404	-66.472	2593.101	98.623	-209.942	2608.415	113.195	77.976	2489.127	179.856	18.480	2535.891	303.687	-144.690	2558.215	174.470	-47.225	2462.364	148.626	-27.732	2443.194	0.000	0.000	0.000	113.195	77.976	2489.127	46.001	33.783	2549.387	-25.020	-146.068	2620.565	-112.787	4.550	2549.891	-148.672	66.133	2520.996	0.000	0.000	0.000	153.715	-337.698	2618.097	153.715	-645.605	2618.097	153.715	-935.239	2618.097	0.000	0.000	0.000	50.561	-345.866	2626.261	50.561	-653.773	2626.261	50.561	-943.407	2626.261	0.000	0.000	0.000	
01066	1	0.000	0.000	0.000	112.741	198.674	2437.457	114.449	108.671	2444.120	105.614	-93.815	2571.952	96.556	-238.544	2584.095	112.167	56.365	2477.141	177.302	0.327	2528.204	298.967	-164.542	2512.557	174.738	-46.083	2436.871	123.939	2.357	2405.922	0.000	0.000	0.000	112.167	56.365	2477.141	42.182	0.113	2519.959	-31.359	-185.895	2567.095	-98.091	-20.321	2509.424	-125.375	47.376	2485.844	0.000	0.000	0.000	146.852	-382.245	2581.586	146.852	-689.325	2581.586	146.852	-978.180	2581.586	0.000	0.000	0.000	48.651	-389.108	2600.703	48.651	-696.188	2600.703	48.651	-985.042	2600.703	0.000	0.000	0.000	
01067	1	0.000	0.000	0.000	108.457	181.304	2411.316	114.135	95.581	2438.749	105.807	-110.169	2560.679	96.056	-257.117	2567.455	111.983	42.414	2470.256	185.119	-24.106	2495.818	305.971	-190.063	2494.764	178.862	-64.429	2438.320	126.887	-13.057	2415.240	0.000	0.000	0.000	111.983	42.414	2470.256	40.823	-13.820	2511.394	-30.364	-202.304	2550.817	-94.729	-33.522	2500.856	-121.045	35.487	2480.429	0.000	0.000	0.000	171.303	-366.395	2548.128	171.303	-673.180	2548.128	171.303	-961.758	2548.128	0.000	0.000	0.000	36.137	-399.044	2584.646	36.137	-705.829	2584.646	36.137	-994.407	2584.646	0.000	0.000	0.000	
01068	1	0.000	0.000	0.000	99.343	153.284	2393.169	114.096	69.679	2423.246	118.700	-150.999	2514.208	118.072	-299.560	2486.905	115.287	12.596	2446.776	186.002	-62.456	2427.891	102.900	-168.171	2273.134	174.275	-79.398	2421.641	203.459	-43.100	2482.364	0.000	0.000	0.000	115.287	12.596	2446.776	28.589	-20.576	2508.065	28.589	-225.593	2508.065	28.589	-412.754	2508.065	28.589	-489.277	2508.065	0.000	0.000	0.000	176.128	-397.476	2501.436	176.128	-703.838	2501.436	176.128	-992.017	2501.436	0.000	0.000	0.000	126.014	-412.886	2518.623	126.014	-719.247	2518.623	126.014	-1007.427	2518.623	0.000	0.000	0.000	
01069	1	0.000	0.000	0.000	95.579	148.641	2386.535	114.124	63.724	2409.981	110.902	-169.584	2450.189	112.965	-313.531	2399.577	113.284	2.903	2420.463	167.095	-75.034	2388.423	167.095	-279.949	2388.423	167.095	-467.019	2388.423	167.095	-543.508	2388.423	0.000	0.000	0.000	113.284	2.903	2420.463	-25.093	45.884	2463.132	-25.093	-159.032	2463.132	-25.093	-346.101	2463.132	-25.093	-422.587	2463.132	0.000	0.000	0.000	166.985	-362.846	2452.942	166.985	-669.057	2452.942	166.985	-957.095	2452.942	0.000	0.000	0.000	121.966	-366.440	2472.681	121.966	-672.651	2472.681	121.966	-960.689	2472.681	0.000	0.000	0.000	
01071	3	0.000	0.000	0.000	115.564	15.731	2315.224	166.904	-78.479	2312.876	86.945	-284.409	2505.741	128.075	-392.027	2369.862	146.844	-130.142	2361.262	282.306	-152.695	2259.871	282.306	-396.943	2259.871	282.306	-619.919	2259.871	282.306	-711.086	2259.871	0.000	0.000	0.000	146.844	-130.142	2361.262	146.191	-139.638	2445.036	146.191	-383.885	2445.036	146.191	-606.862	2445.036	146.191	-698.028	2445.036	0.000	0.000	0.000	173.987	-404.069	2487.668	173.987	-769.055	2487.668	173.987	-1112.380	2487.668	0.000	0.000	0.000	101.171	-429.270	2493.266	101.171	-794.256	2493.266	101.171	-1137.581	2493.266	0.000	0.000	0.000	
01072	3	0.000	0.000	0.000	83.987	23.620	2300.084	137.272	-69.020	2303.712	60.633	-310.028	2452.165	57.264	-452.543	2345.325	118.045	-129.484	2340.956	257.911	-141.908	2252.835	257.911	-386.155	2252.835	257.911	-609.130	2252.835	257.911	-700.297	2252.835	0.000	0.000	0.000	118.045	-129.484	2340.956	1.111	-70.368	2366.270	1.111	-314.615	2366.270	1.111	-537.590	2366.270	1.111	-628.757	2366.270	0.000	0.000	0.000	90.798	-513.753	2412.424	90.798	-878.738	2412.424	90.798	-1222.062	2412.424	0.000	0.000	0.000	57.230	-522.436	2403.365	57.230	-887.421	2403.365	57.230	-1230.745	2403.365	0.000	0.000	0.000	
01073	3	0.000	0.000	0.000	62.792	34.064	2267.566	100.253	-61.269	2293.250	90.263	-296.381	2468.418	68.084	-470.168	2435.766	97.746	-120.254	2337.196	226.659	-137.619	2256.829	226.659	-381.957	2256.829	226.659	-605.016	2256.829	226.659	-696.216	2256.829	0.000	0.000	0.000	97.746	-120.254	2337.196	-2.963	-113.164	2392.183	-2.963	-357.503	2392.183	-2.963	-580.561	2392.183	-2.963	-671.762	2392.183	0.000	0.000	0.000	102.993	-616.986	2450.492	102.993	-982.108	2450.492	102.993	-1325.560	2450.492	0.000	0.000	0.000	54.151	-626.864	2439.196	54.151	-991.986	2439.196	54.151	-1335.438	2439.196	0.000	0.000	0.000	
01074	3	0.000	0.000	0.000	64.485	37.654	2255.599	87.554	-59.915	2291.778	91.624	-280.699	2487.534	78.066	-458.833	2502.434	88.575	-115.305	2340.889	217.092	-127.256	2349.238	217.092	-373.040	2349.238	217.092	-597.419	2349.238	217.092	-689.159	2349.238	0.000	0.000	0.000	88.575	-115.305	2340.889	-13.406	-114.066	2398.976	-13.406	-359.850	2398.976	-13.406	-584.230	2398.976	-13.406	-675.970	2398.976	0.000	0.000	0.000	138.569	-603.629	2557.714	138.569	-970.912	2557.714	138.569	-1316.397	2557.714	0.000	0.000	0.000	52.017	-614.941	2576.314	52.017	-982.224	2576.314	52.017	-1327.709	2576.314	0.000	0.000	0.000	
01075	3	0.000	0.000	0.000	81.138	37.521	2238.517	77.975	-55.957	2296.232	86.982	-273.948	2506.178	88.911	-449.502	2561.048	80.235	-110.647	2348.903	211.612	-114.499	2362.272	341.064	-299.907	2473.915	190.289	-167.965	2587.323	160.135	-141.576	2610.004	0.000	0.000	0.000	80.235	-110.647	2348.903	-34.483	-115.962	2393.185	-134.158	-332.932	2474.346	-134.158	-563.156	2474.346	-134.158	-657.286	2474.346	0.000	0.000	0.000	157.293	-609.903	2560.024	157.293	-986.753	2560.024	157.293	-1341.237	2560.024	0.000	0.000	0.000	94.926	-607.295	2509.695	94.926	-984.144	2509.695	94.926	-1338.628	2509.695	0.000	0.000	0.000	
01076	3	0.000	0.000	0.000	86.335	40.114	2234.813	77.909	-50.864	2296.115	96.783	-283.355	2494.703	106.057	-467.754	2518.021	82.644	-109.191	2345.937	214.945	-106.863	2356.456	347.079	-301.892	2454.463	347.079	-534.820	2454.463	347.079	-630.056	2454.463	0.000	0.000	0.000	82.644	-109.191	2345.937	-34.595	-108.618	2393.907	-158.845	-324.646	2448.634	-158.845	-557.574	2448.634	-158.845	-652.810	2448.634	0.000	0.000	0.000	154.463	-601.558	2522.046	154.463	-982.835	2522.046	154.463	-1341.483	2522.046	0.000	0.000	0.000	71.864	-605.572	2513.315	71.864	-986.849	2513.315	71.864	-1345.497	2513.315	0.000	0.000	0.000	
01077	3	0.000	0.000	0.000	87.067	66.689	2235.293	79.881	-32.187	2291.665	101.905	-278.121	2481.465	100.202	-466.521	2464.224	85.407	-93.886	2339.281	235.714	-54.274	2319.583	339.269	-290.121	2350.198	339.269	-526.923	2350.198	339.269	-623.743	2350.198	0.000	0.000	0.000	85.407	-93.886	2339.281	-31.050	-87.178	2392.765	-136.736	-304.045	2488.074	-136.736	-540.848	2488.074	-136.736	-637.667	2488.074	0.000	0.000	0.000	177.943	-536.254	2464.933	177.943	-923.873	2464.933	177.943	-1288.486	2464.933	0.000	0.000	0.000	199.380	-480.928	2417.659	199.380	-868.547	2417.659	199.380	-1233.161	2417.659	0.000	0.000	0.000	
01078	3	0.000	0.000	0.000	86.476	85.369	2232.640	80.814	-17.579	2282.804	101.223	-257.513	2483.017	92.684	-446.629	2464.191	85.934	-77.773	2333.033	242.387	-30.635	2266.394	320.083	-260.871	2361.193	320.083	-498.985	2361.193	320.083	-596.341	2361.193	0.000	0.000	0.000	85.934	-77.773	2333.033	-49.465	-59.174	2371.364	-131.951	-288.774	2463.625	-131.951	-526.888	2463.625	-131.951	-624.244	2463.625	0.000	0.000	0.000	174.624	-506.949	2478.596	174.624	-896.714	2478.596	174.624	-1263.347	2478.596	0.000	0.000	0.000	146.612	-521.387	2428.236	146.612	-911.152	2428.236	146.612	-1277.785	2428.236	0.000	0.000	0.000	
01079	3	0.000	0.000	0.000	86.592	138.130	2218.879	82.635	29.546	2257.710	110.002	-170.511	2499.747	116.493	-361.143	2516.563	89.501	-20.644	2318.432	245.664	11.599	2268.440	347.317	-197.227	2392.381	237.411	-38.010	2250.921	192.474	27.087	2193.083	0.000	0.000	0.000	89.501	-20.644	2318.432	-60.224	9.902	2336.583	-114.939	-212.229	2466.840	-114.939	-451.896	2466.840	-114.939	-549.887	2466.840	0.000	0.000	0.000	214.408	-396.784	2517.166	214.408	-789.091	2517.166	214.408	-1158.115	2517.166	0.000	0.000	0.000	63.981	-440.612	2505.265	63.981	-832.919	2505.265	63.981	-1201.943	2505.265	0.000	0.000	0.000	
01080	3	0.000	0.000	0.000	86.755	168.131	2211.454	83.661	57.956	2246.053	113.732	-137.652	2491.885	128.930	-328.624	2499.313	91.205	8.882	2307.727	243.529	27.913	2257.756	350.682	-183.949	2371.907	243.368	-17.719	2236.136	199.491	50.246	2180.625	0.000	0.000	0.000	91.205	8.882	2307.727	-60.554	36.365	2319.082	-118.462	-178.203	2460.521	-118.462	-418.166	2460.521	-118.462	-516.278	2460.521	0.000	0.000	0.000	225.062	-358.148	2487.480	225.062	-750.941	2487.480	225.062	-1120.422	2487.480	0.000	0.000	0.000	145.021	-386.138	2424.497	145.021	-778.931	2424.497	145.021	-1148.412	2424.497	0.000	0.000	0.000	
01081	3	0.000	0.000	0.000	86.838	230.235	2184.600	85.224	118.614	2213.648	98.037	-107.380	2432.931	115.479	-296.263	2406.980	88.438	61.917	2268.661	243.247	76.622	2235.499	337.412	-157.554	2308.915	251.244	35.670	2196.390	216.013	114.672	2150.383	0.000	0.000	0.000	88.438	61.917	2268.661	-55.305	98.442	2297.653	-109.111	-141.700	2390.026	-109.111	-381.329	2390.026	-109.111	-479.305	2390.026	0.000	0.000	0.000	201.501	-305.426	2462.271	201.501	-697.672	2462.271	201.501	-1066.639	2462.271	0.000	0.000	0.000	61.569	-346.704	2456.181	61.569	-738.950	2456.181	61.569	-1107.917	2456.181	0.000	0.000	0.000	
01082	3	0.000	0.000	0.000	86.467	298.802	2165.821	86.239	189.768	2201.225	127.249	-31.208	2413.641	146.097	-220.442	2420.146	96.660	133.616	2255.201	242.490	139.775	2224.759	329.892	-92.899	2309.412	250.908	83.281	2169.969	218.615	155.314	2112.956	0.000	0.000	0.000	96.660	133.616	2255.201	-46.657	151.086	2292.384	-95.293	-57.439	2444.353	-95.293	-295.602	2444.353	-95.293	-392.978	2444.353	0.000	0.000	0.000	227.349	-282.349	2441.766	227.349	-672.196	2441.766	227.349	-1038.905	2441.766	0.000	0.000	0.000	73.536	-288.711	2455.521	73.536	-678.558	2455.521	73.536	-1045.267	2455.521	0.000	0.000	0.000	
01083	3	0.000	0.000	0.000	86.791	357.910	2160.351	89.569	251.782	2200.495	148.705	38.506	2411.143	173.090	-141.960	2443.826	104.627	197.472	2254.135	243.354	187.892	2223.899	326.145	-51.189	2281.047	232.000	111.000	2138.086	193.507	177.313	2079.635	0.000	0.000	0.000	104.627	197.472	2254.135	-41.754	192.971	2287.530	-95.963	-8.185	2442.055	-95.963	-243.995	2442.055	-95.963	-340.409	2442.055	0.000	0.000	0.000	284.117	-177.949	2482.107	284.117	-563.943	2482.107	284.117	-927.029	2482.107	0.000	0.000	0.000	63.528	-177.625	2457.031	63.528	-563.618	2457.031	63.528	-926.704	2457.031	0.000	0.000	0.000	
01084	3	0.000	0.000	0.000	86.791	357.910	2160.351	89.569	251.782	2200.495	148.705	38.506	2411.143	173.090	-141.960	2443.826	104.627	197.472	2254.135	243.354	187.892	2223.899	326.145	-51.189	2281.047	232.000	111.000	2138.086	193.507	177.313	2079.635	0.000	0.000	0.000	104.627	197.472	2254.135	-41.754	192.971	2287.530	-95.963	-8.185	2442.055	-95.963	-243.995	2442.055	-95.963	-340.409	2442.055	0.000	0.000	0.000	284.117	-177.949	2482.107	284.117	-563.943	2482.107	284.117	-927.029	2482.107	0.000	0.000	0.000	63.528	-177.625	2457.031	63.528	-563.618	2457.031	63.528	-926.704	2457.031	0.000	0.000	0.000	
01085	3	0.000	0.000	0.000	87.904	397.493	2156.060	98.667	295.229	2200.612	143.497	80.741	2412.648	166.559	-97.111	2445.223	109.961	241.190	2254.033	248.892	215.982	2224.331	324.959	-21.505	2281.018	324.959	-254.337	2281.018	324.959	-349.533	2281.018	0.000	0.000	0.000	109.961	241.190	2254.033	-37.461	208.507	2258.565	-103.787	15.322	2412.450	-103.787	-217.510	2412.450	-103.787	-312.706	2412.450	0.000	0.000	0.000	281.389	-136.570	2449.296	281.389	-517.689	2449.296	281.389	-876.189	2449.296	0.000	0.000	0.000	62.270	-147.981	2454.264	62.270	-529.101	2454.264	62.270	-887.601	2454.264	0.000	0.000	0.000	
01086	3	0.000	0.000	0.000	89.233	423.336	2156.165	105.646	323.477	2200.628	121.655	95.735	2394.225	130.720	-83.240	2419.831	109.699	265.826	2249.636	255.593	239.811	2222.911	327.382	-0.426	2248.224	327.382	-230.084	2248.224	327.382	-323.982	2248.224	0.000	0.000	0.000	109.699	265.826	2249.636	-35.039	236.661	2252.118	-103.569	43.571	2398.842	-133.023	-183.741	2384.545	-138.914	-229.204	2381.686	0.000	0.000	0.000	234.950	-139.208	2411.655	234.950	-515.131	2411.655	234.950	-868.743	2411.655	0.000	0.000	0.000	26.862	-131.139	2436.535	26.862	-507.063	2436.535	26.862	-860.675	2436.535	0.000	0.000	0.000	
01087	3	0.000	0.000	0.000	89.233	423.336	2156.165	105.646	323.477	2200.628	121.655	95.735	2394.225	130.720	-83.240	2419.831	109.699	265.826	2249.636	255.593	239.811	2222.911	327.382	-0.426	2248.224	327.382	-230.084	2248.224	327.382	-323.982	2248.224	0.000	0.000	0.000	109.699	265.826	2249.636	-35.039	236.661	2252.118	-103.569	43.571	2398.842	-133.023	-183.741	2384.545	-138.914	-229.204	2381.686	0.000	0.000	0.000	234.950	-139.208	2411.655	234.950	-515.131	2411.655	234.950	-868.743	2411.655	0.000	0.000	0.000	26.862	-131.139	2436.535	26.862	-507.063	2436.535	26.862	-860.675	2436.535	0.000	0.000	0.000	
01088	3	0.000	0.000	0.000	89.683	441.202	2158.446	104.721	341.283	2200.587	101.418	101.731	2372.022	99.400	-76.926	2395.513	103.880	280.253	2244.263	253.818	255.879	2221.804	327.897	18.191	2237.348	327.897	-209.275	2237.348	327.897	-302.278	2237.348	0.000	0.000	0.000	103.880	280.253	2244.263	-36.215	254.860	2251.986	-98.760	55.433	2388.154	-126.585	-170.096	2377.982	-132.149	-215.202	2375.948	0.000	0.000	0.000	204.574	-125.484	2409.402	204.574	-497.820	2409.402	204.574	-848.059	2409.402	0.000	0.000	0.000	7.842	-153.132	2425.952	7.842	-525.468	2425.952	7.842	-875.706	2425.952	0.000	0.000	0.000	
01089	3	0.000	0.000	0.000	89.411	448.743	2158.539	104.405	349.178	2200.560	100.034	106.221	2367.283	97.687	-72.560	2392.765	103.295	287.513	2242.875	249.727	258.391	2220.841	327.171	22.832	2237.750	332.951	-199.744	2280.338	335.315	-290.747	2297.750	0.000	0.000	0.000	103.295	287.513	2242.875	-34.532	260.013	2250.743	-97.079	60.498	2385.105	-122.248	-164.744	2389.517	-127.282	-209.793	2390.399	0.000	0.000	0.000	193.413	-150.588	2422.245	193.413	-521.649	2422.245	193.413	-870.688	2422.245	0.000	0.000	0.000	11.143	-159.287	2436.661	11.143	-530.348	2436.661	11.143	-879.387	2436.661	0.000	0.000	0.000	
01090	3	0.000	0.000	0.000	89.341	452.639	2159.263	104.078	353.101	2200.657	104.510	107.340	2365.735	106.716	-72.109	2391.576	104.187	291.183	2242.247	248.700	262.703	2221.061	323.431	26.915	2236.223	334.855	-193.469	2285.269	339.527	-283.575	2305.323	0.000	0.000	0.000	104.187	291.183	2242.247	-32.679	261.388	2249.542	-95.936	62.480	2383.124	-122.372	-161.999	2379.207	-127.659	-206.895	2378.423	0.000	0.000	0.000	211.738	-137.182	2409.897	211.738	-507.223	2409.897	211.738	-855.302	2409.897	0.000	0.000	0.000	17.397	-167.329	2413.990	17.397	-537.370	2413.990	17.397	-885.450	2413.990	0.000	0.000	0.000	
01091	3	0.000	0.000	0.000	89.080	452.518	2161.026	103.406	353.206	2202.004	110.097	98.842	2363.910	112.720	-82.136	2389.624	105.055	290.539	2241.893	244.178	257.374	2220.469	321.762	23.538	2234.918	356.104	-193.277	2285.168	370.145	-281.924	2305.713	0.000	0.000	0.000	105.055	290.539	2241.893	-31.884	260.527	2251.488	-95.354	61.322	2382.621	-137.213	-159.898	2387.388	-145.585	-204.142	2388.342	0.000	0.000	0.000	213.215	-162.601	2406.234	213.215	-531.219	2406.234	213.215	-877.961	2406.234	0.000	0.000	0.000	13.041	-160.422	2410.794	13.041	-529.040	2410.794	13.041	-875.781	2410.794	0.000	0.000	0.000	
01092	3	0.000	0.000	0.000	88.825	452.374	2164.111	102.993	352.494	2203.383	111.243	95.527	2365.886	112.759	-86.304	2387.583	105.006	289.794	2243.034	245.568	259.592	2220.744	321.839	25.632	2234.684	354.579	-196.515	2251.701	367.949	-287.235	2258.650	0.000	0.000	0.000	105.006	289.794	2243.034	-30.385	260.951	2258.968	-95.501	58.509	2383.571	-140.617	-162.116	2383.891	-149.640	-206.241	2383.955	0.000	0.000	0.000	213.543	-160.067	2400.756	213.543	-528.241	2400.756	213.543	-874.563	2400.756	0.000	0.000	0.000	11.983	-157.426	2405.011	11.983	-525.599	2405.011	11.983	-871.922	2405.011	0.000	0.000	0.000	
01093	2	0.000	0.000	0.000	88.297	452.846	2168.589	102.439	352.127	2205.508	117.360	89.821	2362.173	125.219	-90.203	2369.271	106.057	288.520	2243.498	244.351	257.825	2220.623	325.317	25.714	2236.147	369.545	-174.894	2327.896	387.614	-256.852	2365.379	0.000	0.000	0.000	106.057	288.520	2243.498	-28.453	264.176	2271.785	-95.957	56.248	2385.281	-123.134	-166.223	2365.661	-134.223	-256.996	2357.656	0.000	0.000	0.000	228.362	-125.307	2386.482	228.362	-493.297	2386.482	228.362	-839.448	2386.482	0.000	0.000	0.000	26.777	-140.115	2379.870	26.777	-508.105	2379.870	26.777	-854.255	2379.870	0.000	0.000	0.000	
01094	2	0.000	0.000	0.000	88.029	453.175	2169.549	102.270	352.093	2205.785	119.732	88.501	2356.911	129.464	-90.165	2360.019	106.531	287.777	2242.659	244.323	257.858	2220.062	326.652	26.062	2237.195	379.750	-178.908	2313.894	401.446	-262.661	2345.233	0.000	0.000	0.000	106.531	287.777	2242.659	-32.039	261.676	2260.999	-96.320	56.932	2382.445	-144.663	-161.658	2358.036	-164.395	-250.884	2348.073	0.000	0.000	0.000	224.596	-139.903	2382.782	224.596	-508.303	2382.782	224.596	-854.838	2382.782	0.000	0.000	0.000	32.051	-135.566	2378.265	32.051	-503.966	2378.265	32.051	-850.501	2378.265	0.000	0.000	0.000	
01095	2	0.000	0.000	0.000	87.736	453.625	2170.574	102.076	352.060	2206.080	119.217	86.306	2350.788	127.945	-91.847	2355.674	106.284	286.812	2241.608	244.311	257.925	2219.610	326.092	25.445	2237.304	386.517	-180.419	2307.164	411.211	-264.548	2335.713	0.000	0.000	0.000	106.284	286.812	2241.608	-31.309	255.618	2252.799	-96.432	54.838	2381.229	-156.519	-161.589	2359.767	-181.054	-249.961	2351.003	0.000	0.000	0.000	216.659	-157.061	2375.093	216.659	-526.222	2375.093	216.659	-873.474	2375.093	0.000	0.000	0.000	33.218	-144.246	2377.098	33.218	-513.407	2377.098	33.218	-860.659	2377.098	0.000	0.000	0.000	
01096	2	0.000	0.000	0.000	87.315	454.787	2172.375	101.685	351.995	2206.633	116.783	81.799	2342.514	119.688	-97.683	2350.542	105.420	285.137	2240.256	245.063	258.812	2219.032	319.429	23.058	2247.015	422.278	-160.304	2333.063	442.848	-196.976	2350.273	0.000	0.000	0.000	105.420	285.137	2240.256	-29.252	249.282	2247.859	-105.295	46.349	2370.044	-209.282	-155.616	2369.091	-230.080	-196.009	2368.900	0.000	0.000	0.000	215.386	-161.438	2358.369	215.386	-533.166	2358.369	215.386	-882.833	2358.369	0.000	0.000	0.000	23.097	-150.941	2376.166	23.097	-522.669	2376.166	23.097	-872.336	2376.166	0.000	0.000	0.000	
01097	2	0.000	0.000	0.000	87.294	453.353	2172.913	101.493	349.889	2206.943	116.239	76.878	2339.620	119.488	-102.840	2346.613	105.147	282.244	2239.817	247.361	259.547	2218.840	318.838	21.998	2249.890	441.000	-155.411	2325.453	465.433	-190.893	2340.566	0.000	0.000	0.000	105.147	282.244	2239.817	-28.731	245.029	2247.273	-122.654	37.189	2349.664	-237.968	-157.806	2377.722	-261.030	-196.805	2383.334	0.000	0.000	0.000	223.375	-143.134	2347.953	223.375	-516.695	2347.953	223.375	-868.085	2347.953	0.000	0.000	0.000	18.620	-147.451	2363.931	18.620	-521.012	2363.931	18.620	-872.403	2363.931	0.000	0.000	0.000	
01098	2	0.000	0.000	0.000	86.558	450.784	2170.001	101.382	346.872	2206.948	115.390	65.212	2335.796	122.318	-113.348	2350.087	104.829	277.571	2238.650	254.137	263.679	2218.080	355.265	38.870	2283.994	492.016	-145.729	2318.952	519.366	-182.648	2325.943	0.000	0.000	0.000	104.829	277.571	2238.650	-39.320	250.518	2242.973	-149.678	36.576	2327.594	-284.747	-151.032	2351.235	-311.761	-188.554	2355.963	0.000	0.000	0.000	200.164	-217.741	2383.708	200.164	-596.197	2383.708	200.164	-952.192	2383.708	0.000	0.000	0.000	49.068	-212.524	2396.320	49.068	-590.980	2396.320	49.068	-946.975	2396.320	0.000	0.000	0.000	
01099	2	0.000	0.000	0.000	86.090	448.382	2166.721	101.370	342.656	2206.938	115.189	59.975	2336.688	124.026	-118.356	2362.710	104.784	272.826	2238.990	256.753	262.581	2218.071	379.944	54.138	2303.816	530.947	-122.906	2324.200	561.147	-158.314	2328.277	0.000	0.000	0.000	104.784	272.826	2238.990	-40.213	249.260	2250.656	-154.009	43.202	2353.453	-293.073	-144.292	2345.139	-320.885	-181.791	2343.476	0.000	0.000	0.000	215.355	-231.253	2403.634	215.355	-612.806	2403.634	215.355	-971.715	2403.634	0.000	0.000	0.000	36.885	-229.365	2401.869	36.885	-610.918	2401.869	36.885	-969.827	2401.869	0.000	0.000	0.000	
01100	2	0.000	0.000	0.000	87.423	444.753	2159.953	101.366	339.027	2206.803	117.389	55.777	2339.480	126.401	-123.608	2374.238	105.337	268.833	2239.683	257.165	258.565	2217.582	386.566	49.551	2298.785	550.363	-118.187	2329.497	583.122	-151.735	2335.639	0.000	0.000	0.000	105.337	268.833	2239.683	-42.446	246.457	2246.961	-162.616	35.387	2336.593	-316.472	-144.020	2329.501	-347.243	-179.901	2328.083	0.000	0.000	0.000	226.086	-245.299	2417.270	226.086	-630.346	2417.270	226.086	-992.541	2417.270	0.000	0.000	0.000	34.873	-246.936	2415.635	34.873	-631.983	2415.635	34.873	-994.178	2415.635	0.000	0.000	0.000	
01101	2	0.000	0.000	0.000	96.877	439.547	2142.163	104.776	334.281	2201.793	131.612	46.165	2344.499	137.748	-139.803	2372.700	111.375	263.442	2236.880	261.913	254.625	2213.323	394.618	32.598	2292.035	581.555	-112.558	2338.552	618.942	-141.589	2347.856	0.000	0.000	0.000	111.375	263.442	2236.880	-41.783	244.301	2241.717	-179.000	17.020	2292.874	-369.327	-129.987	2274.328	-407.393	-159.388	2270.618	0.000	0.000	0.000	246.092	-203.312	2367.127	246.092	-596.859	2367.127	246.092	-967.049	2367.127	0.000	0.000	0.000	33.062	-202.339	2360.664	33.062	-595.886	2360.664	33.062	-966.076	2360.664	0.000	0.000	0.000	
01102	2	0.000	0.000	0.000	103.592	436.970	2129.545	111.056	333.050	2194.499	140.742	45.223	2344.002	145.187	-144.698	2367.174	118.377	262.067	2231.369	268.793	252.062	2206.029	395.530	26.576	2281.890	601.479	-92.881	2335.573	642.669	-116.772	2346.310	0.000	0.000	0.000	118.377	262.067	2231.369	-36.754	245.759	2240.384	-181.344	22.740	2285.296	-372.092	-126.278	2254.063	-410.242	-156.081	2247.817	0.000	0.000	0.000	240.510	-209.106	2407.937	240.510	-607.588	2407.937	240.510	-982.420	2407.937	0.000	0.000	0.000	48.739	-208.214	2403.399	48.739	-606.695	2403.399	48.739	-981.527	2403.399	0.000	0.000	0.000	
01103	2	0.000	0.000	0.000	109.658	433.420	2113.155	122.150	328.285	2181.594	142.620	38.075	2339.268	143.011	-157.415	2369.445	127.254	255.921	2220.910	280.493	241.024	2196.628	424.121	11.305	2279.515	649.334	-92.912	2321.161	694.376	-113.755	2329.490	0.000	0.000	0.000	127.254	255.921	2220.910	-29.562	246.054	2237.583	-193.543	19.169	2281.213	-398.381	-121.381	2241.169	-439.349	-149.491	2233.160	0.000	0.000	0.000	233.284	-240.638	2417.182	233.284	-649.985	2417.182	233.284	-1035.037	2417.182	0.000	0.000	0.000	50.106	-234.808	2418.917	50.106	-644.154	2418.917	50.106	-1029.207	2418.917	0.000	0.000	0.000	
01104	2	0.000	0.000	0.000	109.072	431.016	2109.298	126.023	323.590	2176.058	142.720	30.506	2336.495	141.762	-166.992	2372.583	130.194	250.374	2216.137	285.458	234.990	2195.613	429.097	2.085	2281.087	661.164	-88.141	2333.898	707.577	-106.186	2344.460	0.000	0.000	0.000	130.194	250.374	2216.137	-27.225	242.725	2236.288	-205.661	23.045	2281.940	-407.040	-118.517	2217.198	-447.316	-146.830	2204.250	0.000	0.000	0.000	238.842	-246.706	2424.142	238.842	-661.310	2424.142	238.842	-1051.307	2424.142	0.000	0.000	0.000	43.867	-246.341	2423.435	43.867	-660.944	2423.435	43.867	-1050.941	2423.435	0.000	0.000	0.000	
01105	2	0.000	0.000	0.000	106.061	425.986	2104.163	129.885	314.936	2167.721	142.715	16.546	2334.173	138.950	-184.539	2375.090	133.081	240.599	2209.189	293.968	228.793	2194.809	446.212	-3.108	2274.774	693.280	-82.943	2306.435	742.694	-98.909	2312.767	0.000	0.000	0.000	133.081	240.599	2209.189	-24.254	231.697	2233.978	-218.253	23.136	2281.071	-429.353	-117.202	2216.571	-471.573	-145.270	2203.670	0.000	0.000	0.000	244.046	-255.801	2423.605	244.046	-678.384	2423.605	244.046	-1075.887	2423.605	0.000	0.000	0.000	33.272	-253.544	2427.138	33.272	-676.127	2427.138	33.272	-1073.630	2427.138	0.000	0.000	0.000	
01106	2	0.000	0.000	0.000	103.627	422.776	2101.218	129.269	311.138	2164.473	142.598	13.473	2336.299	138.000	-190.194	2372.030	132.592	236.926	2207.311	296.386	228.714	2194.321	468.783	8.476	2283.991	715.937	-81.203	2296.703	765.367	-99.138	2299.246	0.000	0.000	0.000	132.592	236.926	2207.311	-25.838	229.123	2233.956	-225.272	18.741	2281.207	-440.129	-114.678	2208.240	-483.101	-141.362	2193.646	0.000	0.000	0.000	247.093	-245.050	2412.636	247.093	-670.470	2412.636	247.093	-1070.642	2412.636	0.000	0.000	0.000	31.867	-249.273	2419.573	31.867	-674.693	2419.573	31.867	-1074.865	2419.573	0.000	0.000	0.000	
01107	2	0.000	0.000	0.000	99.453	418.409	2097.399	126.079	307.519	2161.895	142.508	12.882	2336.781	137.281	-194.196	2356.701	130.208	233.470	2205.847	296.020	228.169	2193.082	478.328	11.580	2280.746	723.277	-83.974	2303.931	772.267	-103.085	2308.568	0.000	0.000	0.000	130.208	233.470	2205.847	-30.247	225.858	2232.906	-231.374	12.747	2277.224	-460.909	-90.057	2197.140	-506.816	-110.617	2181.123	0.000	0.000	0.000	254.620	-204.437	2379.356	254.620	-632.127	2379.356	254.620	-1034.433	2379.356	0.000	0.000	0.000	18.775	-206.750	2371.165	18.775	-634.439	2371.165	18.775	-1036.746	2371.165	0.000	0.000	0.000	
