01018	4	0.000	0.000	0.000	106.374	199.982	2197.782	84.842	83.048	2198.593	79.353	-147.261	2420.952	66.526	-341.644	2452.115	83.443	24.354	2255.260	213.782	-5.915	2302.848	339.274	-222.445	2406.586	226.019	-40.511	2283.112	179.715	33.873	2232.630	0.000	0.000	0.000	83.443	24.354	2255.260	-37.320	-15.805	2302.100	-96.023	-236.034	2448.551	-4.772	-48.161	2316.076	32.532	28.643	2261.918	0.000	0.000	0.000	157.736	-442.663	2467.806	157.736	-847.465	2467.806	157.736	-1228.243	2467.806	0.000	0.000	0.000	124.694	-453.105	2396.913	124.694	-857.907	2396.913	124.694	-1238.685	2396.913	0.000	0.000	0.000	
01019	4	0.000	0.000	0.000	104.561	187.996	2198.229	85.025	70.661	2199.293	92.122	-149.316	2434.366	87.347	-339.803	2485.944	86.823	14.918	2258.861	215.643	-16.911	2301.966	365.415	-226.496	2385.887	233.206	-46.620	2279.395	179.151	26.923	2235.855	0.000	0.000	0.000	86.823	14.918	2258.861	-32.536	-11.771	2320.354	-84.301	-231.864	2469.619	-3.300	-46.776	2326.942	29.816	28.893	2268.611	0.000	0.000	0.000	145.589	-466.528	2562.041	145.589	-871.358	2562.041	145.589	-1252.161	2562.041	0.000	0.000	0.000	21.087	-425.180	2587.917	21.087	-830.010	2587.917	21.087	-1210.813	2587.917	0.000	0.000	0.000	
01020	4	0.000	0.000	0.000	104.508	188.039	2198.275	84.995	70.696	2199.709	86.240	-139.836	2438.313	79.364	-327.827	2498.234	85.314	16.710	2260.894	206.292	-23.261	2306.494	352.698	-240.434	2375.711	227.319	-56.910	2267.244	176.057	18.125	2222.896	0.000	0.000	0.000	85.314	16.710	2260.894	-30.117	-1.632	2328.012	-88.110	-229.234	2463.009	-0.145	-43.351	2325.618	35.818	32.644	2269.448	0.000	0.000	0.000	131.737	-483.247	2555.381	131.737	-888.052	2555.381	131.737	-1268.833	2555.381	0.000	0.000	0.000	30.924	-456.263	2599.156	30.924	-861.069	2599.156	30.924	-1241.850	2599.156	0.000	0.000	0.000	
01021	4	0.000	0.000	0.000	104.537	188.822	2198.044	85.114	71.503	2200.536	94.402	-150.332	2431.841	88.547	-346.195	2455.826	87.477	15.068	2259.381	230.232	-6.964	2284.474	307.015	-236.315	2406.279	213.256	-53.342	2268.989	174.922	21.469	2212.857	0.000	0.000	0.000	87.477	15.068	2259.381	-15.192	-19.654	2326.594	-100.245	-244.255	2451.713	-12.739	-44.428	2335.391	23.037	37.270	2287.833	0.000	0.000	0.000	118.529	-462.354	2531.260	118.529	-867.012	2531.260	118.529	-1247.653	2531.260	0.000	0.000	0.000	36.632	-410.445	2558.415	36.632	-815.103	2558.415	36.632	-1195.744	2558.415	0.000	0.000	0.000	
01022	4	0.000	0.000	0.000	103.406	188.855	2197.215	85.163	71.668	2205.784	80.915	-141.883	2445.957	74.421	-334.418	2488.858	84.085	17.492	2266.713	203.448	-6.255	2323.843	329.744	-233.347	2399.743	220.559	-47.765	2278.445	175.917	28.111	2228.852	0.000	0.000	0.000	84.085	17.492	2266.713	-22.325	-18.042	2325.784	-99.151	-252.329	2437.540	-12.264	-48.924	2327.302	23.260	34.237	2282.232	0.000	0.000	0.000	121.247	-459.957	2563.153	121.247	-864.473	2563.153	121.247	-1244.982	2563.153	0.000	0.000	0.000	2.061	-452.408	2550.436	2.061	-856.924	2550.436	2.061	-1237.433	2550.436	0.000	0.000	0.000	
01023	4	0.000	0.000	0.000	100.768	186.777	2195.854	85.312	71.765	2221.208	76.393	-124.507	2466.279	64.968	-289.929	2572.953	82.999	20.873	2284.753	197.031	-7.569	2345.876	342.078	-235.744	2342.600	206.243	-42.910	2269.816	150.706	35.933	2240.057	0.000	0.000	0.000	82.999	20.873	2284.753	-17.660	-21.102	2344.049	-105.880	-248.088	2461.556	-3.514	-67.800	2327.573	38.339	5.911	2272.794	0.000	0.000	0.000	126.219	-451.856	2670.819	126.219	-855.909	2670.819	126.219	-1235.982	2670.819	0.000	0.000	0.000	-11.809	-436.090	2686.564	-11.809	-840.144	2686.564	-11.809	-1220.217	2686.564	0.000	0.000	0.000	
01024	4	0.000	0.000	0.000	100.360	187.108	2202.796	85.360	71.787	2226.516	77.534	-134.536	2465.655	50.916	-290.933	2582.465	83.345	18.644	2288.112	196.163	-40.630	2325.348	374.417	-229.787	2399.076	235.471	-58.457	2288.751	178.662	11.592	2243.644	0.000	0.000	0.000	83.345	18.644	2288.112	-10.885	-38.184	2341.953	-120.925	-255.984	2457.905	-4.526	-72.859	2340.655	43.064	2.013	2292.717	0.000	0.000	0.000	39.986	-459.203	2692.639	39.986	-862.917	2692.639	39.986	-1242.672	2692.639	0.000	0.000	0.000	-25.718	-436.429	2691.439	-25.718	-840.143	2691.439	-25.718	-1219.897	2691.439	0.000	0.000	0.000	
01025	4	0.000	0.000	0.000	94.937	164.673	2279.515	86.326	57.292	2229.284	116.237	-183.872	2439.570	92.458	-377.856	2412.459	93.910	-3.861	2282.607	212.961	-23.214	2359.471	328.031	-247.379	2457.962	209.905	-62.613	2344.356	161.608	12.930	2297.907	0.000	0.000	0.000	93.910	-3.861	2282.607	-19.192	-63.344	2346.670	-50.686	-165.900	2595.028	-78.699	-83.665	2363.833	-84.301	-67.218	2317.594	0.000	0.000	0.000	124.849	-460.859	2494.602	124.849	-865.132	2494.602	124.849	-1245.411	2494.602	0.000	0.000	0.000	18.544	-430.732	2491.829	18.544	-835.005	2491.829	18.544	-1215.284	2491.829	0.000	0.000	0.000	
01026	4	0.000	0.000	0.000	94.987	155.465	2286.343	86.636	46.726	2238.115	118.917	-203.041	2440.528	112.232	-392.086	2396.663	94.804	-16.471	2289.330	230.654	-41.332	2345.237	167.730	29.216	2090.818	204.179	-66.598	2316.394	219.082	-105.773	2408.623	0.000	0.000	0.000	94.804	-16.471	2289.330	-42.047	-66.837	2340.654	-103.614	-238.056	2542.047	-94.545	-54.216	2376.173	-92.731	-17.449	2342.999	0.000	0.000	0.000	168.444	-505.309	2426.724	168.444	-910.888	2426.724	168.444	-1292.397	2426.724	0.000	0.000	0.000	101.756	-521.113	2421.998	101.756	-926.693	2421.998	101.756	-1308.201	2421.998	0.000	0.000	0.000	
01027	4	0.000	0.000	0.000	95.151	145.522	2287.556	87.218	33.392	2247.908	120.705	-223.751	2441.357	121.467	-407.587	2383.574	95.676	-31.560	2296.772	258.250	-52.841	2310.657	256.743	-263.602	2481.480	206.945	-73.552	2330.674	186.584	4.152	2269.014	0.000	0.000	0.000	95.676	-31.560	2296.772	-50.229	-82.688	2338.788	-136.434	-279.706	2504.185	-106.477	-56.253	2401.651	-100.486	-11.563	2381.145	0.000	0.000	0.000	163.020	-519.004	2437.005	163.020	-924.413	2437.005	163.020	-1305.762	2437.005	0.000	0.000	0.000	120.291	-535.760	2419.025	120.291	-941.169	2419.025	120.291	-1322.517	2419.025	0.000	0.000	0.000	
01028	4	0.000	0.000	0.000	105.655	120.956	2287.728	105.573	4.651	2287.534	115.323	-254.917	2468.701	125.245	-420.253	2391.015	108.027	-60.702	2333.147	276.968	-82.221	2243.226	348.117	-151.066	2488.725	200.008	-63.049	2319.270	139.453	-27.062	2249.986	0.000	0.000	0.000	108.027	-60.702	2333.147	-6.875	-72.448	2430.004	-63.521	-326.325	2380.921	-59.564	-95.790	2453.280	-58.773	-49.683	2467.751	0.000	0.000	0.000	147.907	-507.824	2447.921	147.907	-903.388	2447.921	147.907	-1275.475	2447.921	0.000	0.000	0.000	104.086	-514.497	2431.967	104.086	-910.061	2431.967	104.086	-1282.148	2431.967	0.000	0.000	0.000	
01029	4	0.000	0.000	0.000	107.152	114.112	2298.628	112.687	-0.332	2301.532	116.845	-254.281	2483.248	117.541	-423.624	2416.118	113.733	-64.227	2347.252	284.848	-91.169	2267.526	349.065	-152.755	2512.745	201.130	-78.091	2341.709	140.646	-47.564	2271.780	0.000	0.000	0.000	113.733	-64.227	2347.252	-1.736	-80.020	2441.547	-9.436	-308.041	2568.023	-56.746	-98.798	2464.623	-66.208	-56.949	2443.943	0.000	0.000	0.000	174.388	-495.323	2470.422	174.388	-885.136	2470.422	174.388	-1251.813	2470.422	0.000	0.000	0.000	119.457	-509.354	2475.151	119.457	-899.167	2475.151	119.457	-1265.844	2475.151	0.000	0.000	0.000	
01030	4	0.000	0.000	0.000	109.769	93.254	2319.748	122.432	-10.186	2352.263	129.181	-263.614	2515.173	135.719	-421.590	2438.174	124.129	-73.888	2393.212	229.548	-97.348	2487.269	107.656	-71.435	2268.844	257.671	-121.283	2439.828	318.140	-141.375	2508.749	0.000	0.000	0.000	124.129	-73.888	2393.212	-14.886	-84.305	2466.051	-14.886	-335.778	2466.051	-14.886	-568.640	2466.051	-14.886	-662.504	2466.051	0.000	0.000	0.000	180.187	-496.030	2487.813	180.187	-871.813	2487.813	180.187	-1225.294	2487.813	0.000	0.000	0.000	118.270	-508.393	2475.017	118.270	-884.177	2475.017	118.270	-1237.658	2475.017	0.000	0.000	0.000	
01031	4	0.000	0.000	0.000	110.680	89.396	2357.507	124.335	-7.633	2391.449	157.849	-245.333	2557.061	172.708	-387.891	2457.699	132.754	-67.342	2433.050	280.115	-83.700	2455.361	250.000	-314.632	2385.256	216.727	-92.994	2382.815	203.251	-3.226	2381.826	0.000	0.000	0.000	132.754	-67.342	2433.050	-5.659	-82.469	2499.335	-5.659	-325.679	2499.335	-5.659	-549.814	2499.335	-5.659	-640.593	2499.335	0.000	0.000	0.000	186.473	-474.067	2505.924	186.473	-837.503	2505.924	186.473	-1179.370	2505.924	0.000	0.000	0.000	170.579	-472.757	2512.923	170.579	-836.193	2512.923	170.579	-1178.060	2512.923	0.000	0.000	0.000	
01032	4	0.000	0.000	0.000	110.335	93.025	2382.207	123.651	-6.533	2405.184	173.109	-247.965	2554.563	177.542	-391.622	2458.141	136.071	-67.165	2442.698	277.585	-102.171	2399.569	215.824	-312.285	2498.403	177.681	-129.382	2380.309	162.204	-55.169	2332.393	0.000	0.000	0.000	136.071	-67.165	2442.698	-24.733	-95.040	2460.162	-24.733	-335.312	2460.162	-24.733	-556.344	2460.162	-24.733	-646.027	2460.162	0.000	0.000	0.000	187.297	-477.939	2502.298	187.297	-836.985	2502.298	187.297	-1174.722	2502.298	0.000	0.000	0.000	137.250	-473.956	2489.008	137.250	-833.002	2489.008	137.250	-1170.739	2489.008	0.000	0.000	0.000	
01033	4	0.000	0.000	0.000	111.435	96.969	2433.284	121.976	-2.884	2426.121	173.280	-241.358	2570.019	146.117	-381.716	2475.949	134.856	-62.752	2462.246	261.332	-54.856	2514.154	224.205	-282.052	2462.008	155.480	-83.831	2408.294	127.521	-3.190	2386.441	0.000	0.000	0.000	134.856	-62.752	2462.246	-6.480	-116.672	2446.672	-6.480	-352.714	2446.672	-6.480	-569.277	2446.672	-6.480	-657.380	2446.672	0.000	0.000	0.000	181.140	-465.210	2529.810	181.140	-817.934	2529.810	181.140	-1149.724	2529.810	0.000	0.000	0.000	104.828	-455.518	2538.945	104.828	-808.242	2538.945	104.828	-1140.031	2538.945	0.000	0.000	0.000	
01034	4	0.000	0.000	0.000	112.160	99.991	2443.056	121.143	0.255	2436.033	172.476	-234.498	2582.545	144.638	-376.464	2491.675	134.028	-58.672	2472.810	234.503	-20.521	2560.289	254.391	-216.679	2433.270	143.899	-32.408	2440.271	98.904	42.632	2443.122	0.000	0.000	0.000	134.028	-58.672	2472.810	31.664	-143.320	2446.121	31.664	-377.857	2446.121	31.664	-592.831	2446.121	31.664	-680.373	2446.121	0.000	0.000	0.000	184.478	-454.158	2552.855	184.478	-804.633	2552.855	184.478	-1134.308	2552.855	0.000	0.000	0.000	108.164	-443.189	2566.896	108.164	-793.664	2566.896	108.164	-1123.339	2566.896	0.000	0.000	0.000	
01035	4	0.000	0.000	0.000	113.051	108.340	2450.773	119.510	7.616	2454.751	161.946	-224.647	2603.191	140.238	-379.465	2541.851	130.160	-50.674	2492.004	238.827	-49.748	2554.054	257.134	-227.224	2405.184	177.654	-30.484	2419.709	145.242	49.746	2425.633	0.000	0.000	0.000	130.160	-50.674	2492.004	93.693	-126.012	2360.595	93.693	-358.381	2360.595	93.693	-571.065	2360.595	93.693	-657.797	2360.595	0.000	0.000	0.000	118.709	-431.480	2629.569	118.709	-778.716	2629.569	118.709	-1105.344	2629.569	0.000	0.000	0.000	82.171	-424.520	2615.041	82.171	-771.756	2615.041	82.171	-1098.384	2615.041	0.000	0.000	0.000	
01036	4	0.000	0.000	0.000	112.686	112.282	2454.260	114.224	11.808	2463.258	155.454	-216.301	2616.693	140.713	-375.506	2572.579	124.570	-45.436	2501.763	246.589	-40.531	2540.990	268.252	-268.943	2509.436	202.862	-76.048	2451.094	176.182	2.656	2427.289	0.000	0.000	0.000	124.570	-45.436	2501.763	2.735	-90.663	2521.328	2.735	-322.260	2521.328	2.735	-534.128	2521.328	2.735	-620.573	2521.328	0.000	0.000	0.000	99.861	-405.410	2666.577	99.861	-751.492	2666.577	99.861	-1077.034	2666.577	0.000	0.000	0.000	34.485	-375.152	2565.521	34.485	-721.234	2565.521	34.485	-1046.776	2565.521	0.000	0.000	0.000	
01037	4	0.000	0.000	0.000	114.379	114.951	2458.465	114.408	14.797	2469.765	146.845	-203.803	2630.616	140.205	-365.390	2603.744	122.664	-40.845	2510.707	248.593	-35.032	2546.277	310.762	-247.516	2612.120	226.420	-100.775	2485.769	191.993	-40.879	2434.195	0.000	0.000	0.000	122.664	-40.845	2510.707	-11.535	-62.105	2537.345	-11.535	-293.081	2537.345	-11.535	-504.295	2537.345	-11.535	-590.508	2537.345	0.000	0.000	0.000	199.065	-451.613	2633.717	199.065	-796.767	2633.717	199.065	-1121.437	2633.717	0.000	0.000	0.000	115.949	-468.713	2628.615	115.949	-813.867	2628.615	115.949	-1138.537	2628.615	0.000	0.000	0.000	
01038	4	0.000	0.000	0.000	121.129	127.106	2470.984	119.070	26.708	2477.681	155.501	-186.581	2636.885	142.583	-346.363	2614.759	128.468	-28.314	2518.751	247.707	-22.139	2564.148	357.515	-49.689	2764.435	272.971	-105.750	2580.267	238.441	-128.647	2505.048	0.000	0.000	0.000	128.468	-28.314	2518.751	5.442	-68.694	2543.991	5.442	-298.763	2543.991	5.442	-509.021	2543.991	5.442	-594.896	2543.991	0.000	0.000	0.000	213.911	-436.096	2603.150	213.911	-779.895	2603.150	213.911	-1103.289	2603.150	0.000	0.000	0.000	95.764	-451.337	2638.505	95.764	-795.136	2638.505	95.764	-1118.531	2638.505	0.000	0.000	0.000	
01039	4	0.000	0.000	0.000	124.282	132.496	2477.871	120.083	32.154	2483.441	152.438	-177.214	2645.839	142.664	-337.219	2625.817	128.470	-22.122	2525.541	248.780	-19.707	2563.384	335.051	-231.799	2582.176	233.460	-50.240	2554.283	191.960	23.928	2542.889	0.000	0.000	0.000	128.470	-22.122	2525.541	17.635	-48.987	2575.984	-70.068	-237.028	2674.612	-70.068	-446.938	2674.612	-70.068	-532.688	2674.612	0.000	0.000	0.000	162.363	-456.963	2639.000	162.363	-800.265	2639.000	162.363	-1123.192	2639.000	0.000	0.000	0.000	88.046	-431.400	2672.541	88.046	-774.702	2672.541	88.046	-1097.630	2672.541	0.000	0.000	0.000	
01040	1	0.000	0.000	0.000	124.514	138.742	2482.757	120.575	38.435	2488.250	148.145	-170.757	2649.371	142.371	-331.181	2629.736	127.753	-16.027	2530.197	247.006	-34.335	2549.570	350.837	-226.091	2620.992	242.744	-61.885	2548.233	198.580	5.206	2518.505	0.000	0.000	0.000	127.753	-16.027	2530.197	12.587	-44.038	2569.349	-63.961	-245.010	2649.367	-63.961	-454.632	2649.367	-63.961	-540.279	2649.367	0.000	0.000	0.000	206.836	-433.034	2653.000	206.836	-775.924	2653.000	206.836	-1098.463	2653.000	0.000	0.000	0.000	75.247	-435.150	2640.192	75.247	-778.039	2640.192	75.247	-1100.579	2640.192	0.000	0.000	0.000	
01041	1	0.000	0.000	0.000	123.759	148.588	2488.923	120.962	46.412	2493.745	145.467	-163.236	2649.683	144.413	-324.728	2633.903	127.404	-8.698	2534.736	254.151	-31.554	2493.933	341.541	-188.973	2635.474	229.622	-62.312	2512.255	183.883	-10.548	2461.897	0.000	0.000	0.000	127.404	-8.698	2534.736	26.382	-29.525	2589.171	-61.326	-237.221	2548.910	-61.326	-446.391	2548.910	-61.326	-531.875	2548.910	0.000	0.000	0.000	200.495	-435.801	2651.947	200.495	-778.037	2651.947	200.495	-1099.961	2651.947	0.000	0.000	0.000	102.479	-445.656	2629.183	102.479	-787.892	2629.183	102.479	-1109.816	2629.183	0.000	0.000	0.000	
01042	1	0.000	0.000	0.000	122.841	152.699	2493.758	128.215	49.510	2496.787	157.428	-162.863	2645.197	161.116	-323.632	2632.346	135.932	-6.590	2535.991	250.320	-42.598	2497.257	348.051	-197.596	2634.034	223.468	-81.056	2513.635	172.546	-33.421	2464.423	0.000	0.000	0.000	135.932	-6.590	2535.991	31.125	-4.528	2601.893	-33.216	-221.407	2635.164	5.043	-36.849	2545.316	12.694	0.063	2527.346	0.000	0.000	0.000	220.744	-430.462	2653.169	220.744	-772.149	2653.169	220.744	-1093.558	2653.169	0.000	0.000	0.000	99.510	-428.462	2652.420	99.510	-770.150	2652.420	99.510	-1091.558	2652.420	0.000	0.000	0.000	
01043	1	0.000	0.000	0.000	121.701	153.471	2497.775	115.468	50.390	2506.477	117.592	-156.357	2663.405	112.135	-316.324	2658.199	116.030	-4.379	2548.048	214.821	-47.079	2571.786	361.828	-213.799	2623.803	228.022	-86.232	2527.528	173.323	-34.084	2488.172	0.000	0.000	0.000	116.030	-4.379	2548.048	30.787	-21.360	2612.862	-54.080	-218.300	2691.122	-102.599	-33.432	2607.959	-122.433	42.140	2573.963	0.000	0.000	0.000	176.133	-422.963	2671.352	176.133	-764.089	2671.352	176.133	-1084.971	2671.352	0.000	0.000	0.000	60.694	-431.581	2676.844	60.694	-772.708	2676.844	60.694	-1093.589	2676.844	0.000	0.000	0.000	
01044	1	0.000	0.000	0.000	121.904	161.139	2497.714	109.645	57.944	2508.340	113.739	-143.178	2676.566	101.498	-300.726	2667.668	110.715	5.367	2552.318	217.104	-40.209	2567.143	363.372	-209.709	2608.046	234.863	-69.067	2525.091	182.325	-11.569	2491.177	0.000	0.000	0.000	110.715	5.367	2552.318	26.934	-16.622	2618.966	-43.107	-225.548	2675.901	-59.145	-32.137	2601.663	-65.702	46.934	2571.313	0.000	0.000	0.000	165.157	-395.139	2673.060	165.157	-735.234	2673.060	165.157	-1055.144	2673.060	0.000	0.000	0.000	85.535	-415.945	2677.455	85.535	-756.040	2677.455	85.535	-1075.951	2677.455	0.000	0.000	0.000	
01045	1	0.000	0.000	0.000	122.769	169.088	2497.967	109.413	66.975	2511.679	128.660	-137.069	2680.437	119.388	-291.068	2665.954	114.370	14.425	2555.142	204.860	-58.046	2543.833	365.858	-202.412	2612.865	232.161	-67.565	2529.863	177.500	-12.434	2495.929	0.000	0.000	0.000	114.370	14.425	2555.142	31.050	9.457	2639.450	-27.486	-207.447	2671.900	-66.685	-16.312	2602.052	-82.710	61.832	2573.496	0.000	0.000	0.000	186.103	-374.952	2675.053	186.103	-714.158	2675.053	186.103	-1033.233	2675.053	0.000	0.000	0.000	81.137	-389.581	2690.037	81.137	-728.787	2690.037	81.137	-1047.861	2690.037	0.000	0.000	0.000	
01046	1	0.000	0.000	0.000	121.538	168.691	2498.192	109.352	67.437	2511.957	128.615	-140.314	2677.733	123.486	-296.520	2664.776	114.287	14.213	2554.427	198.953	-68.351	2516.621	361.554	-187.750	2619.943	226.868	-59.890	2528.685	171.802	-7.616	2491.375	0.000	0.000	0.000	114.287	14.213	2554.427	34.294	12.608	2645.555	-22.913	-205.584	2667.698	-64.501	-12.742	2605.255	-81.504	66.099	2579.725	0.000	0.000	0.000	195.918	-372.223	2674.541	195.918	-710.914	2674.541	195.918	-1029.503	2674.541	0.000	0.000	0.000	97.090	-395.321	2688.965	97.090	-734.012	2688.965	97.090	-1052.602	2688.965	0.000	0.000	0.000	
01047	1	0.000	0.000	0.000	122.894	181.276	2495.823	135.174	80.386	2500.322	180.029	-123.576	2667.871	198.723	-280.326	2641.435	146.549	28.664	2542.810	218.558	-45.163	2558.078	362.779	-207.748	2617.861	237.806	-65.205	2537.808	186.711	-6.926	2505.078	0.000	0.000	0.000	146.549	28.664	2542.810	58.936	18.805	2628.567	58.936	-206.601	2628.567	58.936	-412.381	2628.567	58.936	-496.514	2628.567	0.000	0.000	0.000	247.674	-346.337	2676.769	247.674	-683.166	2676.769	247.674	-1000.005	2676.769	0.000	0.000	0.000	115.465	-320.597	2673.980	115.465	-657.426	2673.980	115.465	-974.266	2673.980	0.000	0.000	0.000	
01048	1	0.000	0.000	0.000	123.032	176.866	2495.656	126.591	75.025	2503.763	145.232	-131.971	2672.542	146.278	-291.171	2651.615	131.308	22.646	2546.472	211.420	9.580	2624.220	338.173	-174.411	2598.348	206.373	-42.669	2512.123	152.486	11.195	2476.869	0.000	0.000	0.000	131.308	22.646	2546.472	44.241	9.327	2625.793	44.241	-215.591	2625.793	44.241	-420.924	2625.793	44.241	-504.876	2625.793	0.000	0.000	0.000	179.909	-378.208	2658.201	179.909	-714.308	2658.201	179.909	-1030.462	2658.201	0.000	0.000	0.000	76.829	-353.982	2676.355	76.829	-690.083	2676.355	76.829	-1006.236	2676.355	0.000	0.000	0.000	
01049	1	0.000	0.000	0.000	121.954	169.777	2495.258	113.291	69.809	2506.834	99.122	-137.302	2670.067	89.518	-292.666	2664.450	109.683	17.072	2548.399	207.135	8.996	2627.096	338.926	-168.722	2597.315	210.800	-30.486	2519.779	158.414	26.032	2488.078	0.000	0.000	0.000	109.683	17.072	2548.399	30.499	11.102	2635.934	-28.738	-202.526	2662.268	-66.971	-11.430	2602.623	-82.604	66.702	2578.236	0.000	0.000	0.000	152.396	-393.005	2667.216	152.396	-726.610	2667.216	152.396	-1040.416	2667.216	0.000	0.000	0.000	56.061	-409.260	2678.084	56.061	-742.865	2678.084	56.061	-1056.671	2678.084	0.000	0.000	0.000	
01050	1	0.000	0.000	0.000	121.463	167.863	2495.746	110.725	69.382	2510.473	100.423	-134.422	2675.023	93.752	-289.517	2667.026	108.090	17.247	2552.567	211.649	5.784	2624.388	349.413	-166.681	2595.387	215.009	-33.224	2521.683	160.057	21.342	2491.548	0.000	0.000	0.000	108.090	17.247	2552.567	30.535	11.899	2642.655	-31.951	-200.757	2663.558	-64.173	-8.911	2604.699	-77.346	69.527	2580.634	0.000	0.000	0.000	161.727	-383.550	2667.771	161.727	-716.231	2667.771	161.727	-1029.168	2667.771	0.000	0.000	0.000	56.193	-402.411	2678.647	56.193	-735.093	2678.647	56.193	-1048.029	2678.647	0.000	0.000	0.000	
01051	1	0.000	0.000	0.000	121.101	166.850	2495.782	109.236	69.219	2510.213	99.312	-128.293	2677.717	95.601	-282.282	2669.802	106.676	18.261	2553.429	217.962	2.250	2615.675	355.606	-170.833	2596.339	222.264	-36.227	2524.440	167.746	18.808	2495.044	0.000	0.000	0.000	106.676	18.261	2553.429	29.512	13.377	2644.207	-38.047	-197.064	2664.875	-63.529	-3.917	2609.080	-73.948	75.054	2586.268	0.000	0.000	0.000	154.195	-379.552	2665.505	154.195	-711.270	2665.505	154.195	-1023.301	2665.505	0.000	0.000	0.000	58.630	-391.250	2676.916	58.630	-722.967	2676.916	58.630	-1034.998	2676.916	0.000	0.000	0.000	
01052	1	0.000	0.000	0.000	119.762	164.657	2494.184	106.950	69.042	2508.882	107.671	-125.777	2677.697	102.895	-281.168	2659.946	107.136	18.980	2552.262	229.609	-34.641	2543.590	365.045	-186.251	2627.469	249.576	-48.622	2537.847	226.482	-21.096	2519.923	0.000	0.000	0.000	107.136	18.980	2552.262	22.422	10.794	2637.188	-39.411	-200.211	2641.397	-70.526	-3.624	2615.085	-83.248	76.753	2604.327	0.000	0.000	0.000	170.057	-343.983	2649.533	170.057	-672.613	2649.533	170.057	-981.740	2649.533	0.000	0.000	0.000	62.383	-361.474	2665.586	62.383	-690.104	2665.586	62.383	-999.230	2665.586	0.000	0.000	0.000	
01053	1	0.000	0.000	0.000	120.386	165.074	2492.735	112.795	69.032	2504.628	118.992	-124.799	2669.509	113.188	-280.385	2651.504	114.403	18.756	2547.395	221.756	-50.264	2535.690	359.845	-194.973	2625.337	253.936	-49.158	2538.371	232.755	-19.995	2520.978	0.000	0.000	0.000	114.403	18.756	2547.395	26.558	13.354	2633.205	-37.267	-195.741	2649.060	-79.982	-3.880	2611.555	-88.525	34.492	2604.054	0.000	0.000	0.000	180.279	-350.424	2654.915	180.279	-677.971	2654.915	180.279	-986.079	2654.915	0.000	0.000	0.000	80.012	-369.695	2657.198	80.012	-697.242	2657.198	80.012	-1005.350	2657.198	0.000	0.000	0.000	
01054	1	0.000	0.000	0.000	120.170	164.595	2490.633	116.036	69.019	2500.220	119.732	-126.094	2659.116	109.438	-277.186	2636.751	116.999	18.177	2541.625	197.316	-69.007	2533.024	366.869	-169.129	2625.882	229.760	-55.877	2537.142	202.339	-33.227	2519.394	0.000	0.000	0.000	116.999	18.177	2541.625	30.216	18.097	2629.741	-36.743	-187.055	2658.457	-112.437	-8.830	2613.666	-143.385	64.039	2595.353	0.000	0.000	0.000	176.946	-353.282	2664.272	176.946	-678.605	2664.272	176.946	-984.621	2664.272	0.000	0.000	0.000	75.409	-369.858	2676.728	75.409	-695.181	2676.728	75.409	-1001.197	2676.728	0.000	0.000	0.000	
01055	1	0.000	0.000	0.000	120.523	178.380	2486.251	128.001	83.009	2480.098	140.119	-100.461	2654.354	145.439	-247.733	2627.286	131.116	35.849	2524.890	225.489	-24.182	2542.222	344.629	-196.946	2594.099	226.682	-51.553	2531.673	178.256	8.142	2506.042	0.000	0.000	0.000	131.116	35.849	2524.890	47.690	22.108	2601.319	47.690	-194.069	2601.319	47.690	-391.420	2601.319	47.690	-472.110	2601.319	0.000	0.000	0.000	200.946	-322.718	2658.645	200.946	-645.759	2658.645	200.946	-949.627	2658.645	0.000	0.000	0.000	81.512	-310.032	2669.506	81.512	-633.072	2669.506	81.512	-936.941	2669.506	0.000	0.000	0.000	
01056	1	0.000	0.000	0.000	117.078	191.793	2487.645	138.115	103.892	2462.760	116.351	-68.180	2643.182	113.227	-214.091	2657.756	132.493	59.444	2509.365	191.722	-4.421	2562.174	330.625	-166.743	2582.678	205.419	-35.210	2509.114	154.089	18.714	2478.955	0.000	0.000	0.000	132.493	59.444	2509.365	55.494	17.169	2563.466	55.494	-197.453	2563.466	55.494	-393.384	2563.466	55.494	-473.493	2563.466	0.000	0.000	0.000	177.245	-320.970	2657.205	177.245	-641.687	2657.205	177.245	-943.369	2657.205	0.000	0.000	0.000	51.854	-324.346	2662.211	51.854	-645.062	2662.211	51.854	-946.744	2662.211	0.000	0.000	0.000	
01057	1	0.000	0.000	0.000	116.629	194.254	2488.422	136.069	107.448	2459.592	106.445	-59.642	2640.812	97.050	-202.881	2664.408	128.383	64.098	2506.608	192.088	13.322	2574.332	324.367	-154.573	2580.652	196.372	-29.782	2502.211	143.926	21.352	2470.070	0.000	0.000	0.000	128.383	64.098	2506.608	54.570	26.253	2568.809	54.570	-187.584	2568.809	54.570	-382.798	2568.809	54.570	-462.614	2568.809	0.000	0.000	0.000	163.897	-314.114	2661.881	163.897	-633.657	2661.881	163.897	-934.236	2661.881	0.000	0.000	0.000	38.856	-325.549	2659.867	38.856	-645.092	2659.867	38.856	-945.671	2659.867	0.000	0.000	0.000	
01058	1	0.000	0.000	0.000	114.311	205.788	2490.760	132.831	119.840	2460.517	104.453	-48.988	2636.625	92.459	-191.030	2659.208	125.444	75.892	2506.360	195.712	9.189	2557.331	331.239	-152.124	2583.078	194.978	-42.145	2500.104	139.187	2.884	2466.132	0.000	0.000	0.000	125.444	75.892	2506.360	51.601	34.789	2568.861	-29.920	-138.307	2660.756	-128.906	6.200	2577.892	-148.703	35.102	2561.320	0.000	0.000	0.000	159.432	-304.260	2656.656	159.432	-621.441	2656.656	159.432	-919.797	2656.656	0.000	0.000	0.000	40.934	-323.152	2661.524	40.934	-640.332	2661.524	40.934	-938.689	2661.524	0.000	0.000	0.000	
01059	1	0.000	0.000	0.000	113.464	209.941	2490.522	132.157	124.259	2460.528	110.041	-48.029	2631.630	99.286	-190.796	2648.809	126.380	79.251	2505.227	199.724	9.694	2547.312	330.203	-152.578	2584.177	192.492	-45.992	2500.861	136.123	-2.364	2466.758	0.000	0.000	0.000	126.380	79.251	2505.227	58.345	42.918	2575.233	-27.964	-134.833	2650.543	-120.301	16.895	2574.917	-158.055	78.930	2543.996	0.000	0.000	0.000	166.884	-302.394	2652.744	166.884	-618.388	2652.744	166.884	-915.628	2652.744	0.000	0.000	0.000	48.644	-320.644	2661.067	48.644	-636.637	2661.067	48.644	-933.877	2661.067	0.000	0.000	0.000	
01060	1	0.000	0.000	0.000	112.992	213.310	2484.268	131.802	126.046	2460.493	110.784	-46.539	2628.388	101.127	-189.040	2644.186	126.284	80.735	2504.573	182.833	3.182	2545.300	327.056	-146.152	2581.064	192.868	-42.622	2490.170	137.954	-0.255	2452.974	0.000	0.000	0.000	126.284	80.735	2504.573	58.952	44.526	2574.244	-26.472	-132.697	2649.574	-26.472	-325.016	2649.574	-26.472	-403.648	2649.574	0.000	0.000	0.000	166.701	-299.455	2651.579	166.701	-614.259	2651.579	166.701	-910.379	2651.579	0.000	0.000	0.000	35.660	-303.225	2663.570	35.660	-618.029	2663.570	35.660	-914.149	2663.570	0.000	0.000	0.000	
01061	1	0.000	0.000	0.000	116.537	217.216	2478.987	125.057	127.764	2460.479	110.031	-45.922	2630.940	105.257	-188.833	2645.219	121.176	82.904	2504.506	179.946	3.693	2537.125	321.575	-147.441	2565.571	189.106	-40.702	2479.047	134.912	2.965	2443.650	0.000	0.000	0.000	121.176	82.904	2504.506	60.440	47.449	2577.334	-19.903	-133.295	2645.054	-19.903	-324.156	2645.054	-19.903	-402.192	2645.054	0.000	0.000	0.000	173.684	-295.185	2650.124	173.684	-607.602	2650.124	173.684	-901.477	2650.124	0.000	0.000	0.000	59.265	-313.753	2664.421	59.265	-626.170	2664.421	59.265	-920.045	2664.421	0.000	0.000	0.000	
01062	1	0.000	0.000	0.000	118.031	217.806	2476.202	122.763	127.886	2460.433	109.759	-44.895	2627.522	103.770	-188.150	2643.917	119.374	82.856	2503.980	173.684	2.761	2536.243	315.992	-146.731	2564.104	185.190	-38.510	2478.497	131.685	5.758	2443.479	0.000	0.000	0.000	119.374	82.856	2503.980	54.598	45.763	2572.709	-23.756	-136.679	2635.568	-23.756	-326.809	2635.568	-23.756	-404.546	2635.568	0.000	0.000	0.000	170.760	-300.732	2648.876	170.760	-611.953	2648.876	170.760	-904.704	2648.876	0.000	0.000	0.000	61.834	-321.318	2663.205	61.834	-632.540	2663.205	61.834	-925.290	2663.205	0.000	0.000	0.000	
01063	1	0.000	0.000	0.000	122.518	222.451	2460.464	117.272	131.748	2460.343	107.868	-47.476	2623.353	100.273	-191.630	2636.520	114.855	85.675	2502.248	180.147	19.834	2544.086	310.662	-139.748	2561.794	174.281	-43.480	2473.394	118.504	-4.108	2437.240	0.000	0.000	0.000	114.855	85.675	2502.248	45.264	39.782	2559.579	-25.464	-141.968	2628.708	-78.769	24.756	2557.692	-89.429	58.101	2543.489	0.000	0.000	0.000	167.860	-292.857	2637.492	167.860	-602.058	2637.492	167.860	-892.908	2637.492	0.000	0.000	0.000	44.356	-306.146	2655.781	44.356	-615.347	2655.781	44.356	-906.196	2655.781	0.000	0.000	0.000	
01064	1	0.000	0.000	0.000	123.677	223.882	2455.766	116.371	133.533	2457.231	107.200	-54.461	2606.442	99.518	-198.074	2621.867	113.996	84.864	2495.859	186.248	9.083	2511.138	312.754	-145.165	2564.233	177.272	-51.153	2473.006	150.176	-32.351	2454.760	0.000	0.000	0.000	113.996	84.864	2495.859	46.793	21.929	2534.563	-26.809	-148.521	2624.812	-93.994	14.183	2557.511	-107.431	46.724	2544.051	0.000	0.000	0.000	162.290	-312.123	2624.134	162.290	-620.605	2624.134	162.290	-910.779	2624.134	0.000	0.000	0.000	46.566	-324.057	2635.273	46.566	-632.539	2635.273	46.566	-922.714	2635.273	0.000	0.000	0.000	
01065	1	0.000	0.000	0.000	123.454	218.427	2455.442	115.562	128.312	2452.896	106.404	-66.472	2593.101	98.623	-209.942	2608.415	113.195	77.976	2489.127	179.856	18.480	2535.891	303.687	-144.690	2558.215	174.470	-47.225	2462.364	148.626	-27.732	2443.194	0.000	0.000	0.000	113.195	77.976	2489.127	46.001	33.783	2549.387	-25.020	-146.068	2620.565	-112.787	4.550	2549.891	-148.672	66.133	2520.996	0.000	0.000	0.000	153.715	-337.698	2618.097	153.715	-645.605	2618.097	153.715	-935.239	2618.097	0.000	0.000	0.000	50.561	-345.866	2626.261	50.561	-653.773	2626.261	50.561	-943.407	2626.261	0.000	0.000	0.000	
01066	1	0.000	0.000	0.000	112.741	198.674	2437.457	114.449	108.671	2444.120	105.614	-93.815	2571.952	96.556	-238.544	2584.095	112.167	56.365	2477.141	177.302	0.327	2528.204	298.967	-164.542	2512.557	174.738	-46.083	2436.871	123.939	2.357	2405.922	0.000	0.000	0.000	112.167	56.365	2477.141	42.182	0.113	2519.959	-31.359	-185.895	2567.095	-98.091	-20.321	2509.424	-125.375	47.376	2485.844	0.000	0.000	0.000	146.852	-382.245	2581.586	146.852	-689.325	2581.586	146.852	-978.180	2581.586	0.000	0.000	0.000	48.651	-389.108	2600.703	48.651	-696.188	2600.703	48.651	-985.042	2600.703	0.000	0.000	0.000	
01067	1	0.000	0.000	0.000	108.457	181.304	2411.316	114.135	95.581	2438.749	105.807	-110.169	2560.679	96.056	-257.117	2567.455	111.983	42.414	2470.256	185.119	-24.106	2495.818	305.971	-190.063	2494.764	178.862	-64.429	2438.320	126.887	-13.057	2415.240	0.000	0.000	0.000	111.983	42.414	2470.256	40.823	-13.820	2511.394	-30.364	-202.304	2550.817	-94.729	-33.522	2500.856	-121.045	35.487	2480.429	0.000	0.000	0.000	171.303	-366.395	2548.128	171.303	-673.180	2548.128	171.303	-961.758	2548.128	0.000	0.000	0.000	36.137	-399.044	2584.646	36.137	-705.829	2584.646	36.137	-994.407	2584.646	0.000	0.000	0.000	
01068	1	0.000	0.000	0.000	99.343	153.284	2393.169	114.096	69.679	2423.246	118.700	-150.999	2514.208	118.072	-299.560	2486.905	115.287	12.596	2446.776	186.002	-62.456	2427.891	102.900	-168.171	2273.134	174.275	-79.398	2421.641	203.459	-43.100	2482.364	0.000	0.000	0.000	115.287	12.596	2446.776	28.589	-20.576	2508.065	28.589	-225.593	2508.065	28.589	-412.754	2508.065	28.589	-489.277	2508.065	0.000	0.000	0.000	176.128	-397.476	2501.436	176.128	-703.838	2501.436	176.128	-992.017	2501.436	0.000	0.000	0.000	126.014	-412.886	2518.623	126.014	-719.247	2518.623	126.014	-1007.427	2518.623	0.000	0.000	0.000	
01069	1	0.000	0.000	0.000	95.579	148.641	2386.535	114.124	63.724	2409.981	110.902	-169.584	2450.189	112.965	-313.531	2399.577	113.284	2.903	2420.463	167.095	-75.034	2388.423	167.095	-279.949	2388.423	167.095	-467.019	2388.423	167.095	-543.508	2388.423	0.000	0.000	0.000	113.284	2.903	2420.463	-25.093	45.884	2463.132	-25.093	-159.032	2463.132	-25.093	-346.101	2463.132	-25.093	-422.587	2463.132	0.000	0.000	0.000	166.985	-362.846	2452.942	166.985	-669.057	2452.942	166.985	-957.095	2452.942	0.000	0.000	0.000	121.966	-366.440	2472.681	121.966	-672.651	2472.681	121.966	-960.689	2472.681	0.000	0.000	0.000	
01071	3	0.000	0.000	0.000	115.564	15.731	2315.224	166.904	-78.479	2312.876	86.945	-284.409	2505.741	128.075	-392.027	2369.862	146.844	-130.142	2361.262	282.306	-152.695	2259.871	282.306	-396.943	2259.871	282.306	-619.919	2259.871	282.306	-711.086	2259.871	0.000	0.000	0.000	146.844	-130.142	2361.262	146.191	-139.638	2445.036	146.191	-383.885	2445.036	146.191	-606.862	2445.036	146.191	-698.028	2445.036	0.000	0.000	0.000	173.987	-404.069	2487.668	173.987	-769.055	2487.668	173.987	-1112.380	2487.668	0.000	0.000	0.000	101.171	-429.270	2493.266	101.171	-794.256	2493.266	101.171	-1137.581	2493.266	0.000	0.000	0.000	
01072	3	0.000	0.000	0.000	83.987	23.620	2300.084	137.272	-69.020	2303.712	60.633	-310.028	2452.165	57.264	-452.543	2345.325	118.045	-129.484	2340.956	257.911	-141.908	2252.835	257.911	-386.155	2252.835	257.911	-609.130	2252.835	257.911	-700.297	2252.835	0.000	0.000	0.000	118.045	-129.484	2340.956	1.111	-70.368	2366.270	1.111	-314.615	2366.270	1.111	-537.590	2366.270	1.111	-628.757	2366.270	0.000	0.000	0.000	90.798	-513.753	2412.424	90.798	-878.738	2412.424	90.798	-1222.062	2412.424	0.000	0.000	0.000	57.230	-522.436	2403.365	57.230	-887.421	2403.365	57.230	-1230.745	2403.365	0.000	0.000	0.000	
01073	3	0.000	0.000	0.000	62.792	34.064	2267.566	100.253	-61.269	2293.250	90.263	-296.381	2468.418	68.084	-470.168	2435.766	97.746	-120.254	2337.196	226.659	-137.619	2256.829	226.659	-381.957	2256.829	226.659	-605.016	2256.829	226.659	-696.216	2256.829	0.000	0.000	0.000	97.746	-120.254	2337.196	-2.963	-113.164	2392.183	-2.963	-357.503	2392.183	-2.963	-580.561	2392.183	-2.963	-671.762	2392.183	0.000	0.000	0.000	102.993	-616.986	2450.492	102.993	-982.108	2450.492	102.993	-1325.560	2450.492	0.000	0.000	0.000	54.151	-626.864	2439.196	54.151	-991.986	2439.196	54.151	-1335.438	2439.196	0.000	0.000	0.000	
01074	3	0.000	0.000	0.000	64.485	37.654	2255.599	87.554	-59.915	2291.778	91.624	-280.699	2487.534	78.066	-458.833	2502.434	88.575	-115.305	2340.889	217.092	-127.256	2349.238	217.092	-373.040	2349.238	217.092	-597.419	2349.238	217.092	-689.159	2349.238	0.000	0.000	0.000	88.575	-115.305	2340.889	-13.406	-114.066	2398.976	-13.406	-359.850	2398.976	-13.406	-584.230	2398.976	-13.406	-675.970	2398.976	0.000	0.000	0.000	138.569	-603.629	2557.714	138.569	-970.912	2557.714	138.569	-1316.397	2557.714	0.000	0.000	0.000	52.017	-614.941	2576.314	52.017	-982.224	2576.314	52.017	-1327.709	2576.314	0.000	0.000	0.000	
01075	3	0.000	0.000	0.000	81.138	37.521	2238.517	77.975	-55.957	2296.232	86.982	-273.948	2506.178	88.911	-449.502	2561.048	80.235	-110.647	2348.903	211.612	-114.499	2362.272	341.064	-299.907	2473.915	190.289	-167.965	2587.323	160.135	-141.576	2610.004	0.000	0.000	0.000	80.235	-110.647	2348.903	-34.483	-115.962	2393.185	-134.158	-332.932	2474.346	-134.158	-563.156	2474.346	-134.158	-657.286	2474.346	0.000	0.000	0.000	157.293	-609.903	2560.024	157.293	-986.753	2560.024	157.293	-1341.237	2560.024	0.000	0.000	0.000	94.926	-607.295	2509.695	94.926	-984.144	2509.695	94.926	-1338.628	2509.695	0.000	0.000	0.000	
01076	3	0.000	0.000	0.000	86.335	40.114	2234.813	77.909	-50.864	2296.115	96.783	-283.355	2494.703	106.057	-467.754	2518.021	82.644	-109.191	2345.937	214.945	-106.863	2356.456	347.079	-301.892	2454.463	347.079	-534.820	2454.463	347.079	-630.056	2454.463	0.000	0.000	0.000	82.644	-109.191	2345.937	-34.595	-108.618	2393.907	-158.845	-324.646	2448.634	-158.845	-557.574	2448.634	-158.845	-652.810	2448.634	0.000	0.000	0.000	154.463	-601.558	2522.046	154.463	-982.835	2522.046	154.463	-1341.483	2522.046	0.000	0.000	0.000	71.864	-605.572	2513.315	71.864	-986.849	2513.315	71.864	-1345.497	2513.315	0.000	0.000	0.000	
01077	3	0.000	0.000	0.000	87.067	66.689	2235.293	79.881	-32.187	2291.665	101.905	-278.121	2481.465	100.202	-466.521	2464.224	85.407	-93.886	2339.281	235.714	-54.274	2319.583	339.269	-290.121	2350.198	339.269	-526.923	2350.198	339.269	-623.743	2350.198	0.000	0.000	0.000	85.407	-93.886	2339.281	-31.050	-87.178	2392.765	-136.736	-304.045	2488.074	-136.736	-540.848	2488.074	-136.736	-637.667	2488.074	0.000	0.000	0.000	177.943	-536.254	2464.933	177.943	-923.873	2464.933	177.943	-1288.486	2464.933	0.000	0.000	0.000	199.380	-480.928	2417.659	199.380	-868.547	2417.659	199.380	-1233.161	2417.659	0.000	0.000	0.000	
