02371	2	0.000	0.000	0.000	89.486	312.243	1736.239	93.303	225.661	1787.882	101.705	4.949	1952.852	108.223	-140.127	1881.800	95.411	170.289	1829.269	235.322	147.692	1830.325	315.964	-65.582	1856.833	315.964	-275.197	1856.833	315.964	-360.900	1856.833	0.000	0.000	0.000	95.411	170.289	1829.269	-38.864	125.825	1812.669	-113.232	-88.151	1849.755	-81.817	36.327	1684.054	-68.982	87.182	1616.357	0.000	0.000	0.000	196.965	-113.938	1885.831	196.965	-457.053	1885.831	196.965	-779.805	1885.831	0.000	0.000	0.000	20.202	-119.641	1871.347	20.202	-462.756	1871.347	20.202	-785.508	1871.347	0.000	0.000	0.000	
02372	2	0.000	0.000	0.000	89.433	312.361	1736.196	92.895	225.800	1787.899	103.455	0.273	1946.095	113.959	-150.645	1883.401	95.544	169.220	1827.587	235.446	146.645	1828.643	316.155	-66.290	1857.748	316.155	-275.905	1857.748	316.155	-361.608	1857.748	0.000	0.000	0.000	95.544	169.220	1827.587	-38.946	124.581	1812.777	-113.096	-89.594	1849.296	-85.349	37.505	1684.935	-74.010	89.445	1617.767	0.000	0.000	0.000	201.689	-119.657	1886.990	201.689	-462.772	1886.990	201.689	-785.524	1886.990	0.000	0.000	0.000	26.148	-134.542	1872.465	26.148	-477.658	1872.465	26.148	-800.409	1872.465	0.000	0.000	0.000	
02373	2	0.000	0.000	0.000	89.375	312.380	1736.188	92.579	225.820	1787.910	104.294	-2.122	1942.522	117.740	-155.916	1885.709	95.518	168.635	1826.699	235.630	146.406	1827.628	316.106	-66.324	1858.861	316.106	-275.939	1858.861	316.106	-361.643	1858.861	0.000	0.000	0.000	95.518	168.635	1826.699	-38.901	124.689	1816.771	-112.937	-90.233	1848.918	-87.916	42.768	1688.846	-77.690	97.126	1623.424	0.000	0.000	0.000	204.208	-132.522	1887.073	204.208	-475.637	1887.073	204.208	-798.389	1887.073	0.000	0.000	0.000	30.524	-145.016	1873.423	30.524	-488.132	1873.423	30.524	-810.884	1873.423	0.000	0.000	0.000	
02374	2	0.000	0.000	0.000	89.273	312.374	1736.137	91.973	225.839	1787.929	106.039	-0.171	1945.161	119.335	-154.219	1885.945	95.502	169.138	1827.375	235.452	146.574	1829.029	315.933	-66.297	1859.379	315.933	-275.913	1859.379	315.933	-361.617	1859.379	0.000	0.000	0.000	95.502	169.138	1827.375	-39.266	124.665	1821.078	-114.025	-90.703	1848.277	-72.117	43.668	1692.949	-54.986	98.594	1629.457	0.000	0.000	0.000	205.170	-130.134	1889.270	205.170	-473.251	1889.270	205.170	-796.004	1889.270	0.000	0.000	0.000	32.995	-143.271	1874.351	32.995	-486.388	1874.351	32.995	-809.141	1874.351	0.000	0.000	0.000	
02375	2	0.000	0.000	0.000	89.191	312.355	1736.085	91.569	225.847	1787.940	106.793	0.922	1946.614	119.407	-152.778	1885.315	95.388	169.419	1827.748	235.478	146.550	1828.680	316.035	-66.236	1859.458	316.035	-275.852	1859.458	316.035	-361.556	1859.458	0.000	0.000	0.000	95.388	169.419	1827.748	-39.793	124.395	1821.243	-115.320	-90.809	1847.653	-70.353	39.749	1689.945	-51.971	93.118	1625.477	0.000	0.000	0.000	205.282	-125.725	1891.201	205.282	-468.843	1891.201	205.282	-791.597	1891.201	0.000	0.000	0.000	33.282	-139.999	1874.420	33.282	-483.117	1874.420	33.282	-805.871	1874.420	0.000	0.000	0.000	
02376	2	0.000	0.000	0.000	89.175	312.326	1736.028	91.449	225.850	1787.943	107.151	1.442	1947.303	118.697	-151.632	1883.453	95.388	169.551	1827.923	235.589	146.499	1828.731	316.130	-66.313	1859.403	316.130	-275.931	1859.403	316.130	-361.635	1859.403	0.000	0.000	0.000	95.388	169.551	1827.923	-40.208	124.392	1821.251	-116.613	-90.653	1846.448	-80.067	69.253	1715.932	-65.128	134.621	1662.578	0.000	0.000	0.000	204.120	-117.961	1889.530	204.120	-461.081	1889.530	204.120	-783.837	1889.530	0.000	0.000	0.000	32.650	-133.840	1874.222	32.650	-476.960	1874.222	32.650	-799.716	1874.222	0.000	0.000	0.000	
02377	2	0.000	0.000	0.000	89.185	311.695	1734.958	91.164	225.857	1787.934	108.416	7.921	1955.895	114.166	-138.605	1876.613	95.492	171.182	1830.072	235.733	146.207	1827.709	316.610	-66.329	1859.458	316.610	-275.951	1859.458	316.610	-361.657	1859.458	0.000	0.000	0.000	95.492	171.182	1830.072	-40.918	123.929	1819.421	-115.764	-91.645	1844.856	-83.683	83.288	1733.903	-77.267	118.274	1711.713	0.000	0.000	0.000	198.829	-108.346	1885.973	198.829	-451.472	1885.973	198.829	-774.234	1885.973	0.000	0.000	0.000	28.851	-105.073	1873.211	28.851	-448.199	1873.211	28.851	-770.961	1873.211	0.000	0.000	0.000	
02378	2	0.000	0.000	0.000	89.211	313.947	1733.109	91.087	229.273	1787.933	108.846	12.839	1957.778	115.631	-133.698	1878.265	95.542	174.974	1830.543	235.171	146.250	1823.338	316.313	-65.382	1860.094	316.313	-275.006	1860.094	316.313	-360.714	1860.094	0.000	0.000	0.000	95.542	174.974	1830.543	-39.490	124.956	1819.148	-114.663	-90.419	1845.334	-75.551	77.170	1725.640	-67.728	110.688	1701.701	0.000	0.000	0.000	200.282	-108.256	1887.276	200.282	-451.387	1887.276	200.282	-774.153	1887.276	0.000	0.000	0.000	29.814	-100.485	1873.315	29.814	-443.616	1873.315	29.814	-766.382	1873.315	0.000	0.000	0.000	
02379	2	0.000	0.000	0.000	91.500	311.046	1731.753	91.132	227.243	1787.932	109.242	10.987	1957.974	117.677	-133.092	1880.701	95.675	172.989	1830.592	236.054	145.895	1824.541	318.565	-65.452	1859.899	318.565	-275.079	1859.899	318.565	-360.788	1859.899	0.000	0.000	0.000	95.675	172.989	1830.592	-40.592	124.214	1819.465	-115.112	-91.521	1844.569	-68.425	58.199	1705.473	-59.088	88.144	1677.654	0.000	0.000	0.000	203.234	-107.969	1888.417	203.234	-451.105	1888.417	203.234	-773.876	1888.417	0.000	0.000	0.000	31.077	-106.016	1873.674	31.077	-449.152	1873.674	31.077	-771.924	1873.674	0.000	0.000	0.000	
02380	2	0.000	0.000	0.000	97.370	307.833	1727.907	91.219	226.923	1787.871	110.161	10.677	1957.853	123.850	-130.665	1884.127	95.971	172.671	1830.516	238.091	144.661	1811.358	318.812	-64.253	1862.052	318.812	-273.889	1862.052	318.812	-359.601	1862.052	0.000	0.000	0.000	95.971	172.671	1830.516	-41.091	124.074	1816.264	-111.100	-92.682	1845.354	-50.124	27.981	1685.137	-37.929	52.114	1653.093	0.000	0.000	0.000	210.124	-107.984	1890.295	210.124	-451.134	1890.295	210.124	-773.918	1890.295	0.000	0.000	0.000	35.444	-112.641	1874.872	35.444	-455.791	1874.872	35.444	-778.576	1874.872	0.000	0.000	0.000	
02381	2	0.000	0.000	0.000	98.268	306.462	1727.762	91.264	225.703	1787.842	110.416	7.835	1955.726	126.026	-133.969	1885.793	96.069	171.045	1829.960	238.702	144.393	1809.656	319.624	-63.973	1862.273	305.686	112.111	1749.359	299.988	184.105	1703.193	0.000	0.000	0.000	96.069	171.045	1829.960	-42.432	123.151	1808.663	-108.862	-93.342	1846.758	-56.963	20.193	1678.337	-46.583	42.900	1644.653	0.000	0.000	0.000	212.165	-108.724	1891.214	212.165	-451.883	1891.214	212.165	-774.675	1891.214	0.000	0.000	0.000	37.910	-121.214	1875.517	37.910	-464.373	1875.517	37.910	-787.165	1875.517	0.000	0.000	0.000	
02382	2	0.000	0.000	0.000	100.325	304.273	1728.024	91.357	223.486	1787.814	111.113	3.961	1953.483	127.248	-140.997	1891.978	96.313	168.412	1829.377	239.169	144.299	1811.022	321.415	-63.951	1862.092	302.711	100.346	1733.206	295.063	167.520	1680.509	0.000	0.000	0.000	96.313	168.412	1829.377	-43.481	122.651	1805.381	-105.900	-94.030	1848.896	-60.413	27.722	1684.390	-51.316	52.072	1651.489	0.000	0.000	0.000	213.644	-123.859	1898.545	213.644	-467.039	1898.545	213.644	-789.851	1898.545	0.000	0.000	0.000	41.215	-137.597	1876.946	41.215	-480.777	1876.946	41.215	-803.589	1876.946	0.000	0.000	0.000	
02383	2	0.000	0.000	0.000	101.499	303.795	1727.915	91.408	223.207	1787.801	111.566	3.062	1952.614	127.519	-143.891	1895.170	96.465	167.978	1829.149	239.178	144.367	1810.980	322.188	-63.590	1862.047	306.421	101.966	1734.373	299.975	169.656	1682.172	0.000	0.000	0.000	96.465	167.978	1829.149	-42.574	123.722	1815.018	-106.177	-94.297	1849.183	-62.148	32.859	1688.400	-53.342	58.290	1656.244	0.000	0.000	0.000	214.118	-127.754	1901.612	214.118	-470.947	1901.612	214.118	-793.771	1901.612	0.000	0.000	0.000	42.040	-141.725	1877.817	42.040	-484.917	1877.817	42.040	-807.742	1877.817	0.000	0.000	0.000	
02384	2	0.000	0.000	0.000	102.734	303.304	1727.792	91.466	222.949	1787.788	112.233	3.668	1953.694	127.931	-144.309	1898.779	96.676	167.936	1829.410	239.126	144.396	1811.221	322.955	-63.317	1861.990	315.692	105.219	1737.471	312.723	174.126	1686.559	0.000	0.000	0.000	96.676	167.936	1829.410	-41.740	124.790	1821.611	-106.439	-93.389	1852.614	-65.938	35.002	1691.874	-57.838	60.680	1659.726	0.000	0.000	0.000	214.539	-122.618	1905.042	214.539	-465.825	1905.042	214.539	-788.663	1905.042	0.000	0.000	0.000	42.768	-139.170	1879.351	42.768	-482.378	1879.351	42.768	-805.216	1879.351	0.000	0.000	0.000	
02385	2	0.000	0.000	0.000	103.272	301.677	1725.831	91.580	222.849	1787.758	117.214	5.821	1955.980	129.167	-143.907	1908.217	98.011	168.401	1829.961	238.942	144.863	1812.060	324.964	-62.224	1861.815	333.309	118.553	1755.885	336.721	192.466	1712.574	0.000	0.000	0.000	98.011	168.401	1829.961	-40.944	124.669	1822.195	-104.813	-86.518	1886.080	-75.335	-17.165	1690.396	-69.439	-3.294	1651.259	0.000	0.000	0.000	215.815	-119.957	1906.329	215.815	-463.201	1906.329	215.815	-786.073	1906.329	0.000	0.000	0.000	44.089	-128.373	1885.283	44.089	-471.617	1885.283	44.089	-794.489	1885.283	0.000	0.000	0.000	
02386	2	0.000	0.000	0.000	103.135	299.916	1723.603	91.644	222.838	1787.744	123.997	8.801	1958.647	128.789	-141.508	1914.717	99.761	169.141	1830.620	238.508	145.077	1811.347	325.399	-61.523	1861.689	353.624	119.782	1760.157	365.164	193.911	1718.644	0.000	0.000	0.000	99.761	169.141	1830.620	-40.196	125.211	1823.240	-107.900	-93.017	1846.910	-65.578	46.224	1695.921	-57.113	74.072	1665.723	0.000	0.000	0.000	216.370	-119.046	1908.055	216.370	-462.313	1908.055	216.370	-785.207	1908.055	0.000	0.000	0.000	43.564	-123.745	1893.565	43.564	-467.012	1893.565	43.564	-789.906	1893.565	0.000	0.000	0.000	
02387	2	0.000	0.000	0.000	103.374	299.010	1718.399	91.729	226.354	1787.506	127.124	20.931	1968.171	128.075	-124.216	1907.491	100.609	174.818	1832.831	234.903	147.019	1809.579	325.310	-57.794	1861.184	379.219	124.241	1772.030	401.260	198.669	1735.578	0.000	0.000	0.000	100.609	174.818	1832.831	-33.205	120.178	1807.457	-109.501	-93.690	1842.449	-74.688	84.872	1738.070	-67.725	120.585	1717.194	0.000	0.000	0.000	214.571	-112.723	1906.576	214.571	-456.045	1906.576	214.571	-778.992	1906.576	0.000	0.000	0.000	41.349	-95.052	1896.572	41.349	-438.374	1896.572	41.349	-761.321	1896.572	0.000	0.000	0.000	
02388	2	0.000	0.000	0.000	103.712	296.335	1715.359	91.774	226.519	1787.300	126.594	20.681	1967.645	128.144	-124.675	1910.227	100.510	174.879	1832.545	233.710	147.659	1809.194	324.964	-56.748	1861.019	375.995	128.518	1775.080	396.786	203.998	1740.067	0.000	0.000	0.000	100.510	174.879	1832.545	-32.494	120.858	1802.697	-101.967	-80.831	1888.082	-21.729	80.198	1778.790	-5.682	112.404	1756.932	0.000	0.000	0.000	215.411	-114.696	1907.277	215.411	-458.052	1907.277	215.411	-781.030	1907.277	0.000	0.000	0.000	41.188	-105.547	1897.978	41.188	-448.903	1897.978	41.188	-771.881	1897.978	0.000	0.000	0.000	
02389	2	0.000	0.000	0.000	103.964	291.604	1713.472	91.825	223.705	1787.207	123.669	21.613	1972.323	123.146	-121.014	1909.491	99.814	173.004	1833.649	233.755	147.589	1808.302	327.173	-59.652	1862.052	327.173	-270.032	1862.052	327.173	-355.806	1862.052	0.000	0.000	0.000	99.814	173.004	1833.649	-33.113	120.434	1797.621	-96.557	-79.735	1899.955	-30.832	59.985	1757.062	-17.687	87.929	1728.483	0.000	0.000	0.000	211.047	-111.223	1907.418	211.047	-454.617	1907.418	211.047	-777.630	1907.418	0.000	0.000	0.000	38.020	-113.855	1896.622	38.020	-457.248	1896.622	38.020	-780.262	1896.622	0.000	0.000	0.000	
02390	2	0.000	0.000	0.000	104.575	290.088	1707.432	91.863	224.770	1783.402	117.661	22.325	1969.176	113.583	-121.332	1910.503	98.336	173.980	1830.009	231.961	150.779	1807.762	326.841	-54.454	1860.986	326.841	-264.673	1860.986	326.841	-350.468	1860.986	0.000	0.000	0.000	98.336	173.980	1830.009	-30.073	122.349	1801.758	-100.463	-92.259	1856.015	-39.233	58.733	1723.183	-26.987	88.931	1696.617	0.000	0.000	0.000	201.394	-111.093	1908.049	201.394	-454.573	1908.049	201.394	-777.668	1908.049	0.000	0.000	0.000	31.418	-118.182	1892.808	31.418	-461.662	1892.808	31.418	-784.757	1892.808	0.000	0.000	0.000	
02391	2	0.000	0.000	0.000	105.787	288.545	1705.040	94.925	223.127	1781.230	118.085	21.632	1968.436	113.125	-121.823	1910.652	100.736	172.576	1828.196	234.121	152.625	1814.215	328.244	-54.546	1860.596	328.244	-264.718	1860.596	328.244	-350.525	1860.596	0.000	0.000	0.000	100.736	172.576	1828.196	-28.224	123.821	1801.391	-88.873	-85.076	1882.716	-45.162	51.340	1728.922	-36.420	78.623	1698.164	0.000	0.000	0.000	200.778	-110.703	1909.511	200.778	-454.232	1909.511	200.778	-777.372	1909.511	0.000	0.000	0.000	30.481	-112.411	1893.028	30.481	-455.940	1893.028	30.481	-779.081	1893.028	0.000	0.000	0.000	
02392	4	0.000	0.000	0.000	108.634	286.285	1702.385	101.241	220.970	1779.120	118.907	20.693	1968.350	112.606	-126.393	1907.121	105.673	170.725	1826.594	239.017	153.771	1815.752	316.924	-63.580	1799.568	316.924	-273.710	1799.568	316.924	-359.544	1799.568	0.000	0.000	0.000	105.673	170.725	1826.594	-19.424	122.170	1801.894	-89.659	-86.466	1873.386	-13.881	41.183	1724.665	1.274	66.713	1694.921	0.000	0.000	0.000	200.438	-105.543	1912.852	200.438	-449.181	1912.852	200.438	-772.424	1912.852	0.000	0.000	0.000	31.214	-112.923	1895.184	31.214	-456.560	1895.184	31.214	-779.803	1895.184	0.000	0.000	0.000	
02393	4	0.000	0.000	0.000	110.262	285.291	1701.374	104.132	220.379	1778.584	119.976	18.830	1966.692	112.199	-130.185	1905.888	108.107	169.815	1825.776	240.124	153.034	1818.303	385.108	-26.998	1813.716	385.108	-237.125	1813.716	385.108	-322.974	1813.716	0.000	0.000	0.000	108.107	169.815	1825.776	-15.548	123.919	1809.872	-91.085	-91.389	1847.146	-5.635	67.552	1739.494	11.456	99.340	1717.963	0.000	0.000	0.000	202.218	-105.630	1915.698	202.218	-449.327	1915.698	202.218	-772.626	1915.698	0.000	0.000	0.000	28.819	-109.858	1896.246	28.819	-453.555	1896.246	28.819	-776.854	1896.246	0.000	0.000	0.000	
02394	4	0.000	0.000	0.000	112.313	282.863	1700.034	108.142	219.069	1778.323	120.783	15.271	1964.312	111.714	-135.629	1904.738	111.314	167.940	1824.983	241.795	151.720	1823.478	329.531	-60.852	1801.634	329.531	-270.986	1801.634	329.531	-356.851	1801.634	0.000	0.000	0.000	111.314	167.940	1824.983	-10.844	124.882	1815.861	-81.684	-94.185	1834.643	-21.601	92.391	1758.911	-9.585	129.707	1743.764	0.000	0.000	0.000	203.810	-105.482	1919.748	203.810	-449.242	1919.748	203.810	-772.600	1919.748	0.000	0.000	0.000	26.625	-106.228	1897.763	26.625	-449.989	1897.763	26.625	-773.347	1897.763	0.000	0.000	0.000	
02395	4	0.000	0.000	0.000	116.437	274.000	1695.094	114.639	216.329	1778.131	123.748	5.543	1956.547	119.457	-154.949	1920.887	116.924	163.448	1822.892	242.721	147.380	1832.218	343.810	-56.774	1868.913	343.810	-266.946	1868.913	343.810	-352.845	1868.913	0.000	0.000	0.000	116.924	163.448	1822.892	-4.108	125.015	1818.696	-87.302	-90.165	1814.118	-29.050	107.302	1771.858	-17.400	146.795	1763.406	0.000	0.000	0.000	212.483	-123.427	1935.739	212.483	-467.324	1935.739	212.483	-790.810	1935.739	0.000	0.000	0.000	29.850	-126.673	1915.897	29.850	-470.569	1915.897	29.850	-794.056	1915.897	0.000	0.000	0.000	
02396	4	0.000	0.000	0.000	123.419	267.961	1694.200	118.371	211.714	1778.102	126.649	4.946	1961.286	131.681	-159.050	1942.231	120.448	159.841	1824.058	245.336	140.754	1831.397	340.898	-58.659	1897.067	340.898	-268.860	1897.067	340.898	-354.777	1897.067	0.000	0.000	0.000	120.448	159.841	1824.058	-1.279	123.269	1821.194	-79.746	-93.644	1819.730	17.525	68.832	1728.493	36.979	101.327	1710.246	0.000	0.000	0.000	221.572	-151.875	1949.804	221.572	-495.844	1949.804	221.572	-819.399	1949.804	0.000	0.000	0.000	37.986	-141.441	1942.558	37.986	-485.410	1942.558	37.986	-808.965	1942.558	0.000	0.000	0.000	
02397	4	0.000	0.000	0.000	138.291	250.492	1691.722	125.762	199.492	1778.208	135.650	-2.945	1966.274	147.378	-168.744	1964.037	128.242	148.705	1825.390	245.708	113.145	1825.175	353.189	-78.883	1894.094	353.189	-289.155	1894.094	353.189	-375.111	1894.094	0.000	0.000	0.000	128.242	148.705	1825.390	9.058	109.406	1826.308	84.574	146.644	1611.629	24.262	-15.825	1730.711	12.199	-48.319	1754.527	0.000	0.000	0.000	237.639	-183.728	1966.604	237.639	-527.853	1966.604	237.639	-851.553	1966.604	0.000	0.000	0.000	59.903	-194.543	1953.941	59.903	-538.667	1953.941	59.903	-862.368	1953.941	0.000	0.000	0.000	
02398	4	0.000	0.000	0.000	141.222	240.499	1689.056	129.400	194.178	1778.260	146.893	-4.930	1969.397	161.318	-170.915	1968.111	133.789	144.226	1826.212	246.917	103.523	1823.426	357.157	-85.606	1895.884	357.157	-295.920	1895.884	357.157	-381.896	1895.884	0.000	0.000	0.000	133.789	144.226	1826.212	14.989	100.119	1824.428	-90.183	-105.091	1825.412	38.807	21.666	1718.052	64.605	47.018	1696.579	0.000	0.000	0.000	253.602	-183.795	1968.184	253.602	-528.001	1968.184	253.602	-851.778	1968.184	0.000	0.000	0.000	73.936	-202.148	1964.709	73.936	-546.354	1964.709	73.936	-870.132	1964.709	0.000	0.000	0.000	
02399	4	0.000	0.000	0.000	144.252	215.963	1690.074	140.543	168.297	1779.394	157.203	-46.473	1953.283	152.032	-213.670	1942.728	144.722	114.416	1823.019	264.263	85.956	1830.052	365.985	-107.065	1904.947	365.985	-317.576	1904.947	365.985	-403.640	1904.947	0.000	0.000	0.000	144.722	114.416	1823.019	18.942	86.060	1835.099	-58.181	-130.778	1819.365	39.850	36.155	1736.672	79.948	104.436	1702.847	0.000	0.000	0.000	237.086	-228.326	1951.685	237.086	-572.886	1951.685	237.086	-896.997	1951.685	0.000	0.000	0.000	68.843	-225.050	1962.919	68.843	-569.611	1962.919	68.843	-893.722	1962.919	0.000	0.000	0.000	
02400	4	0.000	0.000	0.000	145.129	200.184	1692.976	142.107	148.110	1779.892	151.769	-80.536	1931.082	140.468	-248.011	1926.921	144.555	90.180	1818.198	267.151	67.718	1831.411	372.896	-120.122	1913.814	372.896	-330.745	1913.814	372.896	-416.857	1913.814	0.000	0.000	0.000	144.555	90.180	1818.198	18.038	71.885	1839.474	-14.020	-146.814	1773.150	38.711	56.179	1753.775	60.277	139.197	1745.851	0.000	0.000	0.000	219.077	-293.833	1955.502	219.077	-638.585	1955.502	219.077	-962.876	1955.502	0.000	0.000	0.000	68.136	-307.040	1948.370	68.136	-651.792	1948.370	68.136	-976.083	1948.370	0.000	0.000	0.000	
02401	4	0.000	0.000	0.000	147.821	169.906	1693.157	143.645	118.152	1780.355	144.199	-105.556	1939.400	143.442	-267.742	1940.645	143.785	61.449	1820.669	269.230	37.203	1835.215	379.196	-140.447	1933.759	304.530	13.937	1811.062	274.003	77.058	1760.897	0.000	0.000	0.000	143.785	61.449	1820.669	20.893	36.751	1840.686	-66.898	-173.114	1880.835	22.493	-16.552	1771.467	59.046	47.467	1726.745	0.000	0.000	0.000	216.351	-345.326	1965.517	216.351	-690.482	1965.517	216.351	-1015.152	1965.517	0.000	0.000	0.000	100.863	-371.872	1943.127	100.863	-717.027	1943.127	100.863	-1041.698	1943.127	0.000	0.000	0.000	
02402	4	0.000	0.000	0.000	149.936	159.206	1691.364	144.038	110.684	1780.373	144.391	-107.852	1945.274	149.880	-272.187	1951.748	144.128	55.114	1822.305	271.528	33.039	1836.127	382.301	-143.763	1935.593	312.203	18.596	1815.478	283.917	84.112	1767.009	0.000	0.000	0.000	144.128	55.114	1822.305	15.781	32.944	1834.204	-37.961	-185.912	1782.856	61.575	0.875	1752.772	101.743	76.254	1740.631	0.000	0.000	0.000	222.313	-347.232	1991.537	222.313	-692.596	1991.537	222.313	-1017.463	1991.537	0.000	0.000	0.000	101.364	-375.730	1949.161	101.364	-721.095	1949.161	101.364	-1045.962	1949.161	0.000	0.000	0.000	
02403	4	0.000	0.000	0.000	158.745	139.098	1689.990	147.877	93.969	1780.377	145.114	-136.644	1933.588	139.975	-300.566	1937.703	147.182	35.951	1818.922	275.827	19.447	1837.760	395.843	-149.031	1941.186	312.933	-11.575	1801.329	279.318	44.155	1744.627	0.000	0.000	0.000	147.182	35.951	1818.922	17.672	9.800	1814.729	38.205	-219.174	1789.539	116.324	-30.717	1728.633	147.997	45.694	1703.939	0.000	0.000	0.000	200.719	-415.126	1909.046	200.719	-760.703	1909.046	200.719	-1085.769	1909.046	0.000	0.000	0.000	129.260	-440.847	1932.583	129.260	-786.423	1932.583	129.260	-1111.490	1932.583	0.000	0.000	0.000	
02404	4	0.000	0.000	0.000	165.429	128.443	1688.825	152.826	86.116	1780.370	146.442	-152.096	1925.073	141.148	-316.922	1925.030	151.230	26.578	1816.536	277.503	16.295	1843.485	396.769	-156.136	1941.263	323.699	-13.427	1801.625	294.024	44.530	1744.916	0.000	0.000	0.000	151.230	26.578	1816.536	30.408	-6.417	1809.596	30.960	-230.694	1866.317	60.507	-66.972	1733.930	72.506	-0.480	1680.163	0.000	0.000	0.000	205.640	-427.392	1902.899	205.640	-773.075	1902.899	205.640	-1098.242	1902.899	0.000	0.000	0.000	164.029	-451.360	1922.817	164.029	-797.042	1922.817	164.029	-1122.209	1922.817	0.000	0.000	0.000	
02405	4	0.000	0.000	0.000	171.827	117.938	1685.671	158.613	80.591	1779.306	154.544	-164.286	1910.815	151.755	-329.709	1896.445	157.593	19.192	1812.280	280.464	10.885	1849.970	401.394	-165.600	1938.155	330.074	-9.894	1806.616	301.549	52.382	1754.006	0.000	0.000	0.000	157.593	19.192	1812.280	54.150	-35.089	1799.440	52.134	-242.570	1901.887	63.213	-64.759	1779.847	67.644	6.360	1731.035	0.000	0.000	0.000	223.013	-425.281	1897.304	223.013	-771.064	1897.304	223.013	-1096.326	1897.304	0.000	0.000	0.000	179.914	-449.183	1909.682	179.914	-794.966	1909.682	179.914	-1120.228	1909.682	0.000	0.000	0.000	
02406	4	0.000	0.000	0.000	180.696	98.780	1666.682	170.300	54.326	1757.309	165.495	-171.954	1908.034	149.537	-336.675	1903.495	169.068	-3.707	1795.964	257.881	-43.887	1838.248	431.183	-160.644	1937.956	319.325	-50.493	1792.857	274.106	-5.964	1734.200	0.000	0.000	0.000	169.068	-3.707	1795.964	72.739	-58.514	1797.510	33.514	-273.643	1873.592	77.056	-78.063	1799.083	94.658	1.003	1768.962	0.000	0.000	0.000	192.920	-448.664	1913.253	192.920	-794.644	1913.253	192.920	-1120.091	1913.253	0.000	0.000	0.000	105.617	-450.466	1910.952	105.617	-796.446	1910.952	105.617	-1121.893	1910.952	0.000	0.000	0.000	
02407	4	0.000	0.000	0.000	148.437	68.130	1802.073	200.292	6.092	1740.296	168.390	-257.382	1818.154	167.519	-410.543	1747.670	192.244	-60.377	1759.938	251.760	-45.139	1598.052	165.823	-190.530	1756.603	168.990	2.544	1669.747	169.624	41.159	1652.375	0.000	0.000	0.000	192.244	-60.377	1759.938	224.428	-116.085	1840.282	98.103	-29.705	1666.377	160.052	169.581	1702.140	185.350	250.962	1716.744	0.000	0.000	0.000	211.606	-439.848	1824.157	211.606	-786.010	1824.157	211.606	-1111.629	1824.157	0.000	0.000	0.000	135.131	-395.627	1861.901	135.131	-741.790	1861.901	135.131	-1067.409	1861.901	0.000	0.000	0.000	
02408	4	0.000	0.000	0.000	148.437	68.130	1802.073	200.292	6.092	1740.296	168.390	-257.382	1818.154	167.519	-410.543	1747.670	192.244	-60.377	1759.938	251.760	-45.139	1598.052	165.823	-190.530	1756.603	168.990	2.544	1669.747	169.624	41.159	1652.375	0.000	0.000	0.000	192.244	-60.377	1759.938	224.428	-116.085	1840.282	98.103	-29.705	1666.377	160.052	169.581	1702.140	185.350	250.962	1716.744	0.000	0.000	0.000	211.606	-439.848	1824.157	211.606	-786.010	1824.157	211.606	-1111.629	1824.157	0.000	0.000	0.000	135.131	-395.627	1861.901	135.131	-741.790	1861.901	135.131	-1067.409	1861.901	0.000	0.000	0.000	
02409	4	0.000	0.000	0.000	175.935	44.132	1885.354	184.856	-17.661	1804.978	137.875	-287.531	1837.062	159.483	-397.901	1714.233	172.970	-85.938	1813.095	252.678	-13.247	1657.752	340.215	-50.014	1877.490	157.108	-17.129	1770.979	120.486	-10.552	1749.677	0.000	0.000	0.000	172.970	-85.938	1813.095	204.155	-156.754	1886.067	378.546	-83.220	1739.507	188.633	15.170	1753.889	112.031	54.856	1759.691	0.000	0.000	0.000	198.275	-446.949	1797.807	198.275	-793.119	1797.807	198.275	-1118.743	1797.807	0.000	0.000	0.000	139.819	-405.210	1835.088	139.819	-751.379	1835.088	139.819	-1077.003	1835.088	0.000	0.000	0.000	
02410	4	0.000	0.000	0.000	182.431	37.069	1891.883	179.510	-28.902	1814.438	132.382	-298.859	1849.457	145.619	-380.150	1705.267	167.607	-97.086	1823.283	251.990	0.590	1672.008	352.943	-22.478	1886.109	164.012	-8.478	1787.033	126.226	-5.677	1767.218	0.000	0.000	0.000	167.607	-97.086	1823.283	205.840	-165.321	1898.735	129.428	34.152	1794.167	297.007	-55.603	1696.349	364.783	-91.903	1656.788	0.000	0.000	0.000	189.346	-437.407	1784.757	189.346	-783.576	1784.757	189.346	-1109.200	1784.757	0.000	0.000	0.000	136.291	-394.585	1821.135	136.291	-740.754	1821.135	136.291	-1066.379	1821.135	0.000	0.000	0.000	
02411	4	0.000	0.000	0.000	185.621	47.062	1896.668	176.842	-34.313	1836.171	130.786	-303.729	1878.878	139.702	-377.574	1732.914	165.225	-102.268	1846.943	258.458	4.725	1700.792	371.751	0.805	1911.997	182.058	-3.579	1811.131	144.119	-4.456	1790.958	0.000	0.000	0.000	165.225	-102.268	1846.943	205.672	-165.616	1928.046	-6.369	-56.587	1952.728	115.127	30.859	1798.557	164.015	66.045	1736.522	0.000	0.000	0.000	188.385	-437.511	1808.014	188.385	-783.681	1808.014	188.385	-1109.305	1808.014	0.000	0.000	0.000	133.021	-394.782	1850.728	133.021	-740.952	1850.728	133.021	-1066.576	1850.728	0.000	0.000	0.000	
02412	4	0.000	0.000	0.000	182.941	56.494	1895.706	172.659	-35.534	1853.466	124.696	-301.651	1897.371	131.211	-387.382	1756.716	160.442	-103.318	1864.649	264.353	6.902	1725.414	175.357	-201.405	1798.740	174.207	11.416	1823.032	173.977	53.980	1827.890	0.000	0.000	0.000	160.442	-103.318	1864.649	205.800	-169.100	1941.031	205.800	-407.194	1941.031	205.800	-621.400	1941.031	205.800	-707.866	1941.031	0.000	0.000	0.000	185.826	-439.991	1835.841	185.826	-786.161	1835.841	185.826	-1111.786	1835.841	0.000	0.000	0.000	130.649	-401.831	1887.544	130.649	-748.001	1887.544	130.649	-1073.626	1887.544	0.000	0.000	0.000	
02413	4	0.000	0.000	0.000	162.342	65.877	1920.117	165.383	-25.810	1876.036	113.655	-287.659	1926.212	114.466	-403.070	1806.442	152.093	-93.085	1888.927	261.683	-0.940	1746.142	207.608	-201.196	1858.220	158.304	4.704	1832.970	148.444	45.883	1827.920	0.000	0.000	0.000	152.093	-93.085	1888.927	197.401	-161.588	1961.500	197.401	-397.359	1961.500	197.401	-610.580	1961.500	197.401	-697.044	1961.500	0.000	0.000	0.000	177.921	-444.853	1868.964	177.921	-791.015	1868.964	177.921	-1116.633	1868.964	0.000	0.000	0.000	140.117	-429.842	1920.860	140.117	-776.004	1920.860	140.117	-1101.622	1920.860	0.000	0.000	0.000	
02414	4	0.000	0.000	0.000	149.304	62.016	1942.349	160.814	-20.963	1884.556	112.041	-283.014	1931.825	107.729	-397.176	1810.227	148.243	-88.504	1896.739	259.404	-3.883	1754.865	256.626	-132.637	1951.357	142.879	7.959	1839.089	120.129	36.079	1816.636	0.000	0.000	0.000	148.243	-88.504	1896.739	194.470	-159.154	1965.808	194.470	-394.089	1965.808	194.470	-606.950	1965.808	194.470	-693.410	1965.808	0.000	0.000	0.000	173.426	-444.960	1866.860	173.426	-791.105	1866.860	173.426	-1116.706	1866.860	0.000	0.000	0.000	141.197	-428.760	1917.488	141.197	-774.904	1917.488	141.197	-1100.505	1917.488	0.000	0.000	0.000	
02415	4	0.000	0.000	0.000	144.194	57.652	1967.416	153.765	-15.624	1897.470	103.219	-276.469	1942.910	98.431	-373.250	1807.831	140.684	-83.127	1909.230	245.735	-6.809	1761.804	310.226	-27.599	1985.461	143.539	-1.467	1856.588	110.201	3.759	1830.814	0.000	0.000	0.000	140.684	-83.127	1909.230	189.808	-154.475	1977.239	189.808	-388.171	1977.239	189.808	-600.481	1977.239	189.808	-686.921	1977.239	0.000	0.000	0.000	163.196	-440.235	1848.379	163.196	-786.301	1848.379	163.196	-1111.827	1848.379	0.000	0.000	0.000	133.523	-412.414	1899.246	133.523	-758.479	1899.246	133.523	-1084.006	1899.246	0.000	0.000	0.000	
02416	4	0.000	0.000	0.000	144.250	58.474	1974.225	149.882	-13.258	1902.304	97.602	-272.841	1951.185	90.602	-366.507	1812.321	136.340	-80.494	1914.965	237.364	-8.311	1763.350	317.643	4.218	1981.972	142.471	-4.931	1862.747	107.436	-6.760	1838.902	0.000	0.000	0.000	136.340	-80.494	1914.965	186.259	-149.721	1986.212	186.259	-382.953	1986.212	186.259	-595.047	1986.212	186.259	-681.472	1986.212	0.000	0.000	0.000	156.268	-438.177	1844.426	156.268	-784.181	1844.426	156.268	-1109.650	1844.426	0.000	0.000	0.000	131.188	-408.861	1893.322	131.188	-754.865	1893.322	131.188	-1080.334	1893.322	0.000	0.000	0.000	
02417	4	0.000	0.000	0.000	147.000	60.426	1978.327	144.632	-14.128	1909.179	91.689	-272.218	1964.007	83.109	-365.089	1822.331	130.914	-81.002	1923.386	228.477	-8.279	1767.901	318.332	24.976	1980.121	138.528	-3.673	1871.706	102.567	-9.403	1850.023	0.000	0.000	0.000	130.914	-81.002	1923.386	182.885	-148.931	1995.137	182.885	-381.776	1995.137	182.885	-593.681	1995.137	182.885	-680.088	1995.137	0.000	0.000	0.000	150.446	-437.194	1849.242	150.446	-783.123	1849.242	150.446	-1108.522	1849.242	0.000	0.000	0.000	132.566	-409.662	1895.253	132.566	-755.592	1895.253	132.566	-1080.990	1895.253	0.000	0.000	0.000	
02418	4	0.000	0.000	0.000	156.573	62.402	1982.724	125.149	-14.983	1924.771	81.502	-276.694	1977.988	78.944	-368.747	1835.103	113.908	-82.384	1938.476	221.005	-8.682	1791.150	319.006	49.367	1993.535	138.436	1.331	1894.257	102.322	-8.277	1874.402	0.000	0.000	0.000	113.908	-82.384	1938.476	176.332	-146.583	2009.294	176.332	-378.819	2009.294	176.332	-590.407	2009.294	176.332	-676.768	2009.294	0.000	0.000	0.000	146.619	-435.827	1860.909	146.619	-781.573	1860.909	146.619	-1106.800	1860.909	0.000	0.000	0.000	137.986	-413.552	1900.355	137.986	-759.298	1900.355	137.986	-1084.525	1900.355	0.000	0.000	0.000	
02419	4	0.000	0.000	0.000	156.325	59.736	1987.391	116.955	-15.233	1931.180	75.326	-279.985	1977.532	78.870	-369.674	1833.507	106.291	-83.057	1943.054	225.873	-8.690	1807.889	324.337	58.642	2006.888	147.135	4.180	1905.143	111.695	-6.712	1884.794	0.000	0.000	0.000	106.291	-83.057	1943.054	173.719	-144.883	2015.295	173.719	-376.894	2015.295	173.719	-588.362	2015.295	173.719	-674.703	2015.295	0.000	0.000	0.000	145.694	-434.987	1860.514	145.694	-780.655	1860.514	145.694	-1105.809	1860.514	0.000	0.000	0.000	137.186	-412.937	1899.470	137.186	-758.606	1899.470	137.186	-1083.760	1899.470	0.000	0.000	0.000	
02420	4	0.000	0.000	0.000	154.514	56.319	2004.162	115.389	-18.516	1943.934	55.062	-288.484	1985.662	76.550	-375.747	1838.054	100.055	-87.136	1954.541	242.350	-6.737	1836.796	242.350	-243.248	1836.796	242.350	-458.946	1836.796	242.350	-546.702	1836.796	0.000	0.000	0.000	100.055	-87.136	1954.541	171.554	-147.498	2033.073	171.554	-384.010	2033.073	171.554	-599.708	2033.073	171.554	-687.821	2033.073	0.000	0.000	0.000	144.724	-436.647	1871.032	144.724	-789.413	1871.032	144.724	-1121.242	1871.032	0.000	0.000	0.000	144.160	-417.468	1902.508	144.160	-770.233	1902.508	144.160	-1102.062	1902.508	0.000	0.000	0.000	
02421	4	0.000	0.000	0.000	149.604	59.024	2008.951	109.439	-19.676	1952.429	53.761	-295.763	1986.311	77.321	-377.383	1833.746	95.326	-89.659	1961.018	248.661	-7.174	1859.740	248.661	-246.250	1859.740	248.661	-464.332	1859.740	248.661	-553.150	1859.740	0.000	0.000	0.000	95.326	-89.659	1961.018	168.702	-147.344	2043.639	168.702	-386.420	2043.639	168.702	-604.502	2043.639	168.702	-693.606	2043.639	0.000	0.000	0.000	145.546	-437.446	1871.279	145.546	-794.175	1871.279	145.546	-1129.733	1871.279	0.000	0.000	0.000	144.975	-418.041	1903.125	144.975	-774.771	1903.125	144.975	-1110.328	1903.125	0.000	0.000	0.000	
02422	4	0.000	0.000	0.000	143.332	62.361	2008.024	100.319	-20.144	1958.607	14.724	-291.158	1986.069	77.508	-372.179	1843.868	78.668	-88.696	1965.553	257.628	-7.799	1899.781	257.628	-247.862	1899.781	257.628	-466.879	1899.781	257.628	-556.148	1899.781	0.000	0.000	0.000	78.668	-88.696	1965.553	163.637	-145.221	2051.910	163.637	-385.284	2051.910	163.637	-604.301	2051.910	163.637	-693.799	2051.910	0.000	0.000	0.000	146.118	-438.002	1871.452	146.118	-796.311	1871.452	146.118	-1133.355	1871.452	0.000	0.000	0.000	145.543	-418.440	1903.555	145.543	-776.750	1903.555	145.543	-1113.793	1903.555	0.000	0.000	0.000	
02423	4	0.000	0.000	0.000	130.911	69.707	2011.746	91.453	-12.547	1968.684	23.140	-284.684	1993.798	72.453	-370.271	1852.617	74.223	-81.186	1975.019	250.932	-22.519	2014.557	250.932	-258.583	2014.557	250.932	-473.999	2014.557	250.932	-561.897	2014.557	0.000	0.000	0.000	74.223	-81.186	1975.019	151.380	-136.559	2061.781	151.380	-372.622	2061.781	151.380	-588.038	2061.781	151.380	-676.083	2061.781	0.000	0.000	0.000	143.381	-435.780	1876.702	143.381	-788.266	1876.702	143.381	-1119.832	1876.702	0.000	0.000	0.000	148.303	-415.665	1902.366	148.303	-768.151	1902.366	148.303	-1099.718	1902.366	0.000	0.000	0.000	
02424	4	0.000	0.000	0.000	128.158	70.738	2022.862	91.940	-9.078	1973.888	19.136	-272.263	2032.029	61.988	-351.194	1887.050	73.596	-75.391	1988.537	226.019	-41.376	2067.303	226.019	-275.060	2067.303	226.019	-488.321	2067.303	226.019	-575.373	2067.303	0.000	0.000	0.000	73.596	-75.391	1988.537	145.098	-127.807	2077.929	145.098	-361.490	2077.929	145.098	-574.752	2077.929	145.098	-661.921	2077.929	0.000	0.000	0.000	143.262	-435.668	1876.672	143.262	-784.651	1876.672	143.262	-1112.923	1876.672	0.000	0.000	0.000	148.176	-415.586	1902.293	148.176	-764.569	1902.293	148.176	-1092.841	1902.293	0.000	0.000	0.000	
02425	4	0.000	0.000	0.000	127.128	75.837	2037.345	105.510	-6.672	1985.690	64.237	-267.504	2064.456	78.676	-361.151	1925.716	95.126	-72.292	2005.506	252.023	-67.231	2021.081	252.023	-297.489	2021.081	252.023	-507.649	2021.081	252.023	-593.484	2021.081	0.000	0.000	0.000	95.126	-72.292	2005.506	146.929	-124.763	2089.252	146.929	-355.021	2089.252	146.929	-565.181	2089.252	146.929	-651.091	2089.252	0.000	0.000	0.000	151.983	-431.833	1920.261	151.983	-775.776	1920.261	151.983	-1099.306	1920.261	0.000	0.000	0.000	154.797	-409.203	1877.245	154.797	-753.145	1877.245	154.797	-1076.676	1877.245	0.000	0.000	0.000	
02427	1	0.000	0.000	0.000	125.929	53.002	2021.323	69.918	-15.005	2008.944	0.000	0.000	0.000	0.000	0.000	0.000	34.402	-71.908	2043.687	-18.529	-106.587	2183.331	-18.529	-413.759	2183.331	-18.529	-694.180	2183.331	-18.529	-808.834	2183.331	0.000	0.000	0.000	34.402	-71.908	2043.687	-58.276	-102.356	1858.755	-58.276	-409.529	1858.755	-58.276	-689.950	1858.755	-58.276	-804.603	1858.755	0.000	0.000	0.000	0.000	0.000	0.000	0.000	-459.017	0.000	0.000	-890.791	0.000	0.000	0.000	0.000	0.000	0.000	0.000	0.000	-459.017	0.000	0.000	-890.791	0.000	0.000	0.000	0.000	
02428	1	0.000	0.000	0.000	122.627	50.110	2022.458	72.592	-15.944	2009.180	-94.190	-439.020	2216.000	0.000	0.000	0.000	27.852	-79.596	2051.778	-19.940	-102.484	2185.431	-19.940	-415.013	2185.431	-19.940	-700.324	2185.431	-19.940	-816.977	2185.431	0.000	0.000	0.000	27.852	-79.596	2051.778	-63.684	-101.665	1863.591	-63.684	-414.195	1863.591	-63.684	-699.506	1863.591	-63.684	-816.159	1863.591	0.000	0.000	0.000	0.000	0.000	0.000	0.000	-467.022	0.000	0.000	-906.326	0.000	0.000	0.000	0.000	0.000	0.000	0.000	0.000	-467.022	0.000	0.000	-906.326	0.000	0.000	0.000	0.000	
02429	1	0.000	0.000	0.000	121.749	53.180	2024.014	73.991	-13.171	2010.010	-94.190	-439.020	2216.000	0.000	0.000	0.000	23.313	-79.900	2059.054	-21.852	-93.661	2189.789	-21.852	-414.152	2189.789	-21.852	-706.732	2189.789	-21.852	-826.357	2189.789	0.000	0.000	0.000	23.313	-79.900	2059.054	-72.609	-96.620	1870.262	-72.609	-417.112	1870.262	-72.609	-709.692	1870.262	-72.609	-829.317	1870.262	0.000	0.000	0.000	0.000	0.000	0.000	0.000	-478.920	0.000	0.000	-929.416	0.000	0.000	0.000	0.000	0.000	0.000	0.000	0.000	-478.920	0.000	0.000	-929.416	0.000	0.000	0.000	0.000	
02430	1	0.000	0.000	0.000	121.863	72.210	2030.743	74.841	-1.230	2018.801	-94.190	-439.020	2216.000	0.000	0.000	0.000	19.446	-69.088	2074.138	-22.164	-83.998	2202.570	-22.164	-415.955	2202.570	-22.164	-719.002	2202.570	-22.164	-842.906	2202.570	0.000	0.000	0.000	19.446	-69.088	2074.138	-77.101	-91.541	1881.729	-77.101	-423.498	1881.729	-77.101	-726.545	1881.729	-77.101	-850.450	1881.729	0.000	0.000	0.000	0.000	0.000	0.000	0.000	-496.053	0.000	0.000	-962.666	0.000	0.000	0.000	0.000	0.000	0.000	0.000	0.000	-496.053	0.000	0.000	-962.666	0.000	0.000	0.000	0.000	
