02341	3	0.000	0.000	0.000	150.199	167.951	1747.349	147.933	73.910	1786.857	149.780	-104.505	1995.050	160.428	-265.566	1968.012	148.399	28.879	1839.404	269.572	27.975	1881.632	374.860	-159.227	1963.209	333.521	30.312	1883.449	316.620	107.804	1850.840	0.000	0.000	0.000	148.399	28.879	1839.404	14.784	6.251	1846.710	-59.121	-209.486	1818.777	23.413	-16.727	1813.487	39.920	21.824	1812.429	0.000	0.000	0.000	255.569	-248.909	2000.200	255.569	-592.231	2000.200	255.569	-915.176	2000.200	0.000	0.000	0.000	57.837	-252.289	1967.613	57.837	-595.611	1967.613	57.837	-918.556	1967.613	0.000	0.000	0.000	
02342	3	0.000	0.000	0.000	148.079	190.509	1742.579	146.702	98.721	1786.204	149.866	-62.695	2008.551	164.128	-218.620	1956.295	147.499	58.069	1842.201	275.450	68.141	1877.522	370.541	-124.488	1958.974	333.734	49.034	1847.047	318.685	119.978	1801.286	0.000	0.000	0.000	147.499	58.069	1842.201	9.688	44.773	1850.759	-51.938	-173.720	1815.472	23.242	22.073	1813.220	38.279	61.232	1812.770	0.000	0.000	0.000	259.626	-190.017	1997.072	259.626	-533.331	1997.072	259.626	-856.270	1997.072	0.000	0.000	0.000	63.094	-207.947	1950.317	63.094	-551.261	1950.317	63.094	-874.200	1950.317	0.000	0.000	0.000	
02343	3	0.000	0.000	0.000	146.867	205.237	1740.046	145.992	114.805	1786.123	149.266	-34.826	2016.814	161.709	-186.125	1950.744	146.816	77.150	1844.177	274.901	68.637	1871.187	374.644	-119.140	1958.209	338.919	48.210	1836.931	324.312	116.631	1787.346	0.000	0.000	0.000	146.816	77.150	1844.177	10.902	47.444	1842.675	-51.653	-173.389	1832.635	0.866	27.269	1801.514	11.370	67.401	1795.290	0.000	0.000	0.000	259.987	-158.719	1986.406	259.987	-502.029	1986.406	259.987	-824.964	1986.406	0.000	0.000	0.000	59.266	-160.721	1939.287	59.266	-504.031	1939.287	59.266	-826.966	1939.287	0.000	0.000	0.000	
02344	3	0.000	0.000	0.000	144.219	230.527	1736.851	144.580	142.436	1786.856	147.155	-7.472	2017.730	149.309	-158.061	1947.251	145.227	104.753	1844.891	271.998	71.046	1856.582	356.289	-128.338	1933.518	337.542	49.724	1823.424	329.893	122.368	1778.510	0.000	0.000	0.000	145.227	104.753	1844.891	9.575	67.826	1835.853	-78.388	-141.320	1871.893	10.661	-19.307	1725.738	28.470	5.095	1696.506	0.000	0.000	0.000	247.012	-159.526	1973.138	247.012	-502.826	1973.138	247.012	-825.751	1973.138	0.000	0.000	0.000	51.269	-151.216	1934.419	51.269	-494.516	1934.419	51.269	-817.441	1934.419	0.000	0.000	0.000	
02345	3	0.000	0.000	0.000	142.572	240.669	1737.620	143.837	152.481	1787.291	145.681	-7.786	2011.233	141.315	-161.830	1948.105	144.300	112.210	1843.562	274.102	84.394	1854.897	349.950	-121.380	1923.309	351.603	69.911	1836.461	352.277	147.987	1801.014	0.000	0.000	0.000	144.300	112.210	1843.562	6.367	75.029	1823.052	-85.287	-126.294	1885.057	22.457	-71.030	1713.374	44.006	-59.977	1679.037	0.000	0.000	0.000	241.556	-153.384	1964.801	241.556	-496.676	1964.801	241.556	-819.595	1964.801	0.000	0.000	0.000	43.883	-144.227	1936.356	43.883	-487.520	1936.356	43.883	-810.439	1936.356	0.000	0.000	0.000	
02346	3	0.000	0.000	0.000	140.667	250.027	1738.895	142.889	161.437	1787.689	144.393	-3.800	2008.092	140.323	-156.861	1950.325	143.267	119.931	1843.053	277.201	98.042	1850.654	349.215	-107.443	1923.891	436.014	81.974	1897.584	471.453	159.311	1886.844	0.000	0.000	0.000	143.267	119.931	1843.053	2.530	92.464	1827.255	-79.726	-119.736	1858.540	13.695	-48.900	1684.299	32.379	-34.733	1649.451	0.000	0.000	0.000	242.044	-144.020	1960.801	242.044	-487.305	1960.801	242.044	-810.216	1960.801	0.000	0.000	0.000	42.730	-134.767	1932.847	42.730	-478.052	1932.847	42.730	-800.963	1932.847	0.000	0.000	0.000	
02347	3	0.000	0.000	0.000	134.685	271.403	1738.515	140.921	183.288	1787.638	141.418	10.715	2002.489	141.245	-141.599	1947.575	141.046	139.958	1841.583	277.300	126.615	1849.133	345.376	-81.080	1916.562	345.376	-290.973	1916.562	345.376	-376.714	1916.562	0.000	0.000	0.000	141.046	139.958	1841.583	1.870	115.539	1828.473	-77.438	-97.882	1850.380	-24.779	5.154	1675.263	-14.247	25.761	1640.240	0.000	0.000	0.000	238.250	-134.072	1937.300	238.250	-477.336	1937.300	238.250	-800.228	1937.300	0.000	0.000	0.000	50.112	-149.827	1922.892	50.112	-493.091	1922.892	50.112	-815.983	1922.892	0.000	0.000	0.000	
02348	3	0.000	0.000	0.000	130.016	284.554	1738.578	137.307	196.496	1787.589	139.401	15.479	1995.412	141.527	-137.177	1939.607	137.833	151.053	1839.761	267.598	127.108	1847.293	343.348	-77.767	1910.596	343.348	-287.615	1910.596	343.348	-373.353	1910.596	0.000	0.000	0.000	137.833	151.053	1839.761	0.602	121.755	1820.455	-82.195	-87.013	1856.231	-3.691	-33.308	1669.177	28.341	-11.394	1592.853	0.000	0.000	0.000	238.054	-128.361	1931.648	238.054	-471.612	1931.648	238.054	-794.492	1931.648	0.000	0.000	0.000	52.340	-134.759	1905.810	52.340	-478.011	1905.810	52.340	-800.891	1905.810	0.000	0.000	0.000	
02349	3	0.000	0.000	0.000	117.609	303.301	1738.115	122.358	215.388	1787.554	132.299	13.895	1975.418	143.027	-133.086	1908.827	124.853	164.821	1834.701	255.676	141.374	1825.164	339.893	-65.538	1881.634	339.893	-275.288	1881.634	339.893	-361.015	1881.634	0.000	0.000	0.000	124.853	164.821	1834.701	-11.821	139.251	1816.969	-89.964	-72.647	1862.655	-7.734	-46.081	1671.534	25.852	-35.230	1593.473	0.000	0.000	0.000	236.743	-122.427	1913.606	236.743	-465.636	1913.606	236.743	-788.476	1913.606	0.000	0.000	0.000	47.727	-115.140	1897.369	47.727	-458.349	1897.369	47.727	-781.189	1897.369	0.000	0.000	0.000	
02350	3	0.000	0.000	0.000	117.609	303.301	1738.115	122.358	215.388	1787.554	132.299	13.895	1975.418	143.027	-133.086	1908.827	124.853	164.821	1834.701	255.676	141.374	1825.164	339.893	-65.538	1881.634	339.893	-275.288	1881.634	339.893	-361.015	1881.634	0.000	0.000	0.000	124.853	164.821	1834.701	-11.821	139.251	1816.969	-89.964	-72.647	1862.655	-7.734	-46.081	1671.534	25.852	-35.230	1593.473	0.000	0.000	0.000	236.743	-122.427	1913.606	236.743	-465.636	1913.606	236.743	-788.476	1913.606	0.000	0.000	0.000	47.727	-115.140	1897.369	47.727	-458.349	1897.369	47.727	-781.189	1897.369	0.000	0.000	0.000	
02351	3	0.000	0.000	0.000	115.049	306.647	1737.881	117.236	218.781	1787.550	128.580	14.401	1972.196	143.647	-131.990	1908.034	120.082	167.493	1833.886	250.825	144.985	1823.798	337.781	-61.277	1879.302	337.781	-271.001	1879.302	337.781	-356.724	1879.302	0.000	0.000	0.000	120.082	167.493	1833.886	-12.344	134.937	1815.570	-90.758	-76.632	1863.273	-0.207	-40.280	1677.630	36.786	-25.429	1601.791	0.000	0.000	0.000	235.452	-122.920	1914.294	235.452	-466.114	1914.294	235.452	-788.939	1914.294	0.000	0.000	0.000	48.726	-116.257	1897.247	48.726	-459.451	1897.247	48.726	-782.276	1897.247	0.000	0.000	0.000	
02352	3	0.000	0.000	0.000	111.723	311.952	1738.363	109.426	223.846	1787.547	123.955	13.181	1964.763	144.100	-133.236	1908.510	113.071	170.986	1832.015	243.952	148.648	1821.946	331.894	-59.759	1872.082	331.894	-269.443	1872.082	331.894	-355.159	1872.082	0.000	0.000	0.000	113.071	170.986	1832.015	-20.910	139.752	1817.151	-92.498	-75.738	1863.191	-23.868	32.140	1696.999	-10.142	53.716	1663.760	0.000	0.000	0.000	233.669	-123.744	1914.310	233.669	-466.909	1914.310	233.669	-789.708	1914.310	0.000	0.000	0.000	51.243	-119.928	1893.367	51.243	-463.094	1893.367	51.243	-785.893	1893.367	0.000	0.000	0.000	
02353	3	0.000	0.000	0.000	110.417	310.802	1739.156	106.992	222.304	1787.547	122.943	9.206	1961.706	144.013	-136.842	1908.599	110.994	168.835	1831.246	244.233	151.271	1822.128	330.982	-57.226	1872.044	330.982	-266.897	1872.044	330.982	-352.611	1872.044	0.000	0.000	0.000	110.994	168.835	1831.246	-23.768	138.250	1817.771	-94.517	-77.183	1863.282	-31.504	52.303	1710.886	-5.664	105.400	1648.394	0.000	0.000	0.000	233.099	-123.318	1912.902	233.099	-466.473	1912.902	233.099	-789.262	1912.902	0.000	0.000	0.000	52.588	-123.145	1890.311	52.588	-466.300	1890.311	52.588	-789.090	1890.311	0.000	0.000	0.000	
02354	3	0.000	0.000	0.000	102.668	310.547	1739.503	101.449	221.817	1787.547	121.023	2.513	1953.438	134.912	-150.314	1905.876	106.360	166.793	1829.169	242.057	156.345	1822.274	328.325	-50.914	1870.093	328.325	-260.564	1870.093	328.325	-346.274	1870.093	0.000	0.000	0.000	106.360	166.793	1829.169	-29.253	137.021	1819.006	-110.371	-75.904	1846.709	-29.261	66.798	1716.285	3.965	125.253	1662.859	0.000	0.000	0.000	223.366	-122.401	1901.135	223.366	-465.541	1901.135	223.366	-788.317	1901.135	0.000	0.000	0.000	50.376	-142.259	1877.949	50.376	-485.400	1877.949	50.376	-808.175	1877.949	0.000	0.000	0.000	
02355	3	0.000	0.000	0.000	98.430	310.556	1739.590	99.828	221.787	1787.546	120.412	1.125	1951.506	124.958	-153.904	1904.642	104.993	166.424	1828.683	241.208	157.185	1822.510	326.686	-47.758	1869.061	326.686	-257.401	1869.061	326.686	-343.110	1869.061	0.000	0.000	0.000	104.993	166.424	1828.683	-31.663	137.631	1819.356	-99.844	-76.803	1848.415	-49.040	81.293	1720.451	-28.237	146.029	1668.053	0.000	0.000	0.000	214.451	-125.885	1893.351	214.451	-469.020	1893.351	214.451	-791.791	1893.351	0.000	0.000	0.000	42.472	-146.469	1875.947	42.472	-489.604	1875.947	42.472	-812.375	1875.947	0.000	0.000	0.000	
02356	2	0.000	0.000	0.000	94.527	310.485	1739.597	97.893	221.774	1787.555	120.284	0.549	1950.515	120.101	-155.762	1903.908	103.511	166.271	1828.440	239.246	156.047	1822.820	325.665	-47.191	1868.284	325.665	-256.828	1868.284	325.665	-342.536	1868.284	0.000	0.000	0.000	103.511	166.271	1828.440	-34.587	138.413	1819.872	-100.118	-74.178	1856.637	-68.017	64.082	1702.360	-54.877	120.680	1639.206	0.000	0.000	0.000	211.919	-129.126	1897.906	211.919	-472.258	1897.906	211.919	-795.025	1897.906	0.000	0.000	0.000	38.490	-150.528	1875.649	38.490	-493.659	1875.649	38.490	-816.426	1875.649	0.000	0.000	0.000	
02357	2	0.000	0.000	0.000	90.550	310.305	1739.504	96.051	221.768	1787.576	120.052	-0.112	1949.414	116.343	-157.492	1901.063	102.073	166.101	1828.179	236.524	155.382	1826.126	322.000	-48.556	1868.344	322.000	-258.185	1868.344	322.000	-343.891	1868.344	0.000	0.000	0.000	102.073	166.101	1828.179	-36.318	138.258	1821.194	-102.906	-72.804	1862.402	-94.952	77.957	1716.964	-93.362	108.109	1687.877	0.000	0.000	0.000	209.572	-131.145	1895.582	209.572	-474.270	1895.582	209.572	-797.031	1895.582	0.000	0.000	0.000	33.687	-152.464	1875.910	33.687	-495.589	1875.910	33.687	-818.350	1875.910	0.000	0.000	0.000	
02358	2	0.000	0.000	0.000	89.464	310.155	1739.323	95.618	221.768	1787.586	118.017	-0.439	1949.207	116.326	-157.696	1898.498	101.238	166.019	1828.135	236.172	156.132	1828.229	319.668	-50.169	1867.632	319.668	-259.796	1867.632	319.668	-345.501	1867.632	0.000	0.000	0.000	101.238	166.019	1828.135	-36.830	137.949	1821.457	-104.799	-73.795	1861.818	-91.596	65.681	1705.884	-86.195	122.742	1642.090	0.000	0.000	0.000	209.359	-130.445	1894.924	209.359	-473.568	1894.924	209.359	-796.327	1894.924	0.000	0.000	0.000	32.234	-150.578	1876.050	32.234	-493.701	1876.050	32.234	-816.460	1876.050	0.000	0.000	0.000	
02359	2	0.000	0.000	0.000	87.938	309.879	1738.966	94.951	221.767	1787.608	113.975	-1.193	1948.623	117.064	-156.796	1890.756	99.724	165.830	1828.004	234.137	152.992	1830.705	312.623	-57.536	1865.181	312.623	-267.158	1865.181	312.623	-352.863	1865.181	0.000	0.000	0.000	99.724	165.830	1828.004	-34.066	133.915	1827.568	-106.162	-79.303	1859.361	-86.509	21.909	1676.847	-78.471	63.307	1602.195	0.000	0.000	0.000	209.803	-128.596	1894.002	209.803	-471.716	1894.002	209.803	-794.472	1894.002	0.000	0.000	0.000	30.114	-149.227	1874.776	30.114	-492.347	1874.776	30.114	-815.104	1874.776	0.000	0.000	0.000	
02360	2	0.000	0.000	0.000	87.806	309.796	1738.821	94.767	221.767	1787.618	111.309	-1.628	1948.305	117.562	-156.153	1887.082	98.917	165.721	1827.932	233.168	153.553	1836.147	313.518	-57.769	1863.837	313.518	-267.389	1863.837	313.518	-353.094	1863.837	0.000	0.000	0.000	98.917	165.721	1827.932	-33.034	130.924	1827.333	-106.031	-82.455	1859.283	-90.770	64.632	1710.712	-84.528	124.789	1649.948	0.000	0.000	0.000	209.838	-128.221	1893.647	209.838	-471.341	1893.647	209.838	-794.096	1893.647	0.000	0.000	0.000	29.416	-149.076	1873.661	29.416	-492.195	1873.661	29.416	-814.951	1873.661	0.000	0.000	0.000	
02361	2	0.000	0.000	0.000	87.708	309.684	1738.618	94.576	221.767	1787.629	107.166	1.706	1953.199	118.464	-148.462	1882.041	97.735	166.558	1829.167	232.200	154.110	1841.404	314.177	-57.760	1862.353	314.177	-267.379	1862.353	314.177	-353.083	1862.353	0.000	0.000	0.000	97.735	166.558	1829.167	-34.814	132.049	1827.856	-106.820	-82.173	1859.037	-86.982	42.836	1691.945	-78.869	93.960	1623.611	0.000	0.000	0.000	209.412	-123.594	1893.084	209.412	-466.713	1893.084	209.412	-789.467	1893.084	0.000	0.000	0.000	29.411	-142.892	1873.008	29.411	-486.010	1873.008	29.411	-808.765	1873.008	0.000	0.000	0.000	
02362	2	0.000	0.000	0.000	87.609	312.185	1737.365	94.292	224.991	1787.674	104.159	5.248	1953.851	118.793	-143.568	1879.752	96.768	169.862	1829.365	232.488	154.246	1840.647	314.313	-58.338	1860.716	314.313	-267.955	1860.716	314.313	-353.659	1860.716	0.000	0.000	0.000	96.768	169.862	1829.365	-34.844	130.990	1825.047	-109.354	-82.939	1856.226	-82.845	54.767	1700.426	-77.543	82.308	1669.265	0.000	0.000	0.000	208.683	-116.763	1890.981	208.683	-459.880	1890.981	208.683	-782.634	1890.981	0.000	0.000	0.000	26.254	-126.056	1873.236	26.254	-469.174	1873.236	26.254	-791.927	1873.236	0.000	0.000	0.000	
02363	2	0.000	0.000	0.000	87.767	312.197	1737.297	94.216	225.038	1787.696	105.439	2.527	1950.059	118.348	-149.007	1881.056	97.032	169.215	1828.429	233.270	153.866	1839.775	314.562	-59.169	1859.357	314.562	-268.786	1859.357	314.562	-354.490	1859.357	0.000	0.000	0.000	97.032	169.215	1828.429	-35.703	130.857	1824.639	-109.682	-83.665	1854.360	-84.039	61.046	1704.892	-73.648	119.688	1644.322	0.000	0.000	0.000	208.314	-122.118	1889.282	208.314	-465.235	1889.282	208.314	-787.988	1889.282	0.000	0.000	0.000	26.507	-131.612	1873.222	26.507	-474.729	1873.222	26.507	-797.482	1873.222	0.000	0.000	0.000	
02364	2	0.000	0.000	0.000	88.124	311.982	1737.074	94.210	224.965	1787.762	108.120	-0.533	1945.738	117.632	-154.577	1881.498	97.700	168.392	1827.395	234.751	153.103	1837.888	314.952	-60.752	1856.174	314.952	-270.368	1856.174	314.952	-356.072	1856.174	0.000	0.000	0.000	97.700	168.392	1827.395	-36.731	130.625	1824.951	-111.090	-85.028	1846.513	-82.848	57.113	1695.063	-71.366	114.899	1633.492	0.000	0.000	0.000	207.865	-119.512	1886.822	207.865	-462.629	1886.822	207.865	-785.381	1886.822	0.000	0.000	0.000	27.391	-137.892	1873.167	27.391	-481.008	1873.167	27.391	-803.760	1873.167	0.000	0.000	0.000	
02365	2	0.000	0.000	0.000	88.288	311.898	1736.924	94.204	224.966	1787.777	109.502	-0.792	1945.253	117.323	-154.901	1880.786	98.042	168.328	1827.285	235.461	152.731	1836.434	315.053	-61.532	1853.774	315.053	-271.148	1853.774	315.053	-356.852	1853.774	0.000	0.000	0.000	98.042	168.328	1827.285	-36.897	130.194	1824.791	-112.028	-85.752	1841.130	-81.866	65.822	1699.517	-69.590	127.514	1641.879	0.000	0.000	0.000	207.710	-118.154	1886.489	207.710	-461.270	1886.489	207.710	-784.022	1886.489	0.000	0.000	0.000	27.343	-135.445	1873.026	27.343	-478.561	1873.026	27.343	-801.314	1873.026	0.000	0.000	0.000	
02366	2	0.000	0.000	0.000	88.445	311.801	1736.751	94.196	224.969	1787.792	109.867	0.101	1946.500	117.220	-153.145	1879.835	98.128	168.554	1827.609	235.783	152.575	1836.243	315.047	-61.832	1854.307	315.047	-271.448	1854.307	315.047	-357.152	1854.307	0.000	0.000	0.000	98.128	168.554	1827.609	-37.814	128.368	1817.406	-113.117	-87.362	1836.634	-80.269	69.652	1701.703	-66.887	133.616	1646.735	0.000	0.000	0.000	207.325	-118.649	1884.872	207.325	-461.764	1884.872	207.325	-784.517	1884.872	0.000	0.000	0.000	27.168	-131.494	1873.020	27.168	-474.610	1873.020	27.168	-797.362	1873.020	0.000	0.000	0.000	
02367	2	0.000	0.000	0.000	88.768	311.665	1736.504	94.181	224.975	1787.822	109.965	2.118	1949.331	116.922	-150.229	1880.425	98.141	169.065	1828.341	237.437	151.647	1829.735	314.914	-62.700	1855.876	314.914	-272.315	1855.876	314.914	-358.019	1855.876	0.000	0.000	0.000	98.141	169.065	1828.341	-37.883	128.428	1817.719	-113.124	-87.331	1838.154	-79.723	68.017	1701.443	-73.043	99.086	1674.100	0.000	0.000	0.000	206.943	-114.587	1884.663	206.943	-457.703	1884.663	206.943	-780.455	1884.663	0.000	0.000	0.000	27.115	-129.000	1873.067	27.115	-472.115	1873.067	27.115	-794.867	1873.067	0.000	0.000	0.000	
02368	2	0.000	0.000	0.000	88.945	311.598	1736.495	94.174	224.911	1787.837	105.440	1.796	1949.367	113.663	-150.475	1880.372	97.001	168.936	1828.361	236.089	152.269	1836.028	314.884	-62.407	1854.859	314.884	-272.022	1854.859	314.884	-357.726	1854.859	0.000	0.000	0.000	97.001	168.936	1828.361	-38.144	128.271	1817.699	-112.751	-86.199	1850.639	-84.224	63.559	1706.773	-72.583	124.675	1648.061	0.000	0.000	0.000	203.042	-114.719	1884.261	203.042	-457.834	1884.261	203.042	-780.586	1884.261	0.000	0.000	0.000	24.061	-129.473	1872.558	24.061	-472.589	1872.558	24.061	-795.341	1872.558	0.000	0.000	0.000	
02369	2	0.000	0.000	0.000	89.424	311.563	1736.480	94.083	224.868	1787.864	100.871	3.128	1951.524	106.523	-147.900	1879.520	95.786	169.238	1828.923	235.591	149.527	1834.309	315.500	-64.580	1855.468	315.500	-274.195	1855.468	315.500	-359.899	1855.468	0.000	0.000	0.000	95.786	169.238	1828.923	-38.372	127.430	1816.486	-113.160	-86.983	1849.784	-82.581	53.564	1697.305	-70.094	110.960	1635.036	0.000	0.000	0.000	195.983	-113.951	1885.269	195.983	-457.066	1885.269	195.983	-779.818	1885.269	0.000	0.000	0.000	18.290	-124.588	1870.980	18.290	-467.704	1870.980	18.290	-790.456	1870.980	0.000	0.000	0.000	
02370	2	0.000	0.000	0.000	89.461	312.039	1736.312	93.547	225.421	1787.873	101.184	5.225	1953.569	107.069	-142.171	1880.994	95.463	170.178	1829.443	236.259	147.553	1826.641	315.687	-65.607	1857.275	315.687	-275.222	1857.275	315.687	-360.925	1857.275	0.000	0.000	0.000	95.463	170.178	1829.443	-37.659	127.349	1821.039	-113.304	-87.486	1849.462	-82.240	47.970	1692.538	-69.551	103.300	1628.439	0.000	0.000	0.000	196.181	-113.900	1885.568	196.181	-457.015	1885.568	196.181	-779.767	1885.568	0.000	0.000	0.000	19.040	-121.097	1871.088	19.040	-464.213	1871.088	19.040	-786.964	1871.088	0.000	0.000	0.000	
02371	2	0.000	0.000	0.000	89.486	312.243	1736.239	93.303	225.661	1787.882	101.705	4.949	1952.852	108.223	-140.127	1881.800	95.411	170.289	1829.269	235.322	147.692	1830.325	315.964	-65.582	1856.833	315.964	-275.197	1856.833	315.964	-360.900	1856.833	0.000	0.000	0.000	95.411	170.289	1829.269	-38.864	125.825	1812.669	-113.232	-88.151	1849.755	-81.817	36.327	1684.054	-68.982	87.182	1616.357	0.000	0.000	0.000	196.965	-113.938	1885.831	196.965	-457.053	1885.831	196.965	-779.805	1885.831	0.000	0.000	0.000	20.202	-119.641	1871.347	20.202	-462.756	1871.347	20.202	-785.508	1871.347	0.000	0.000	0.000	
02372	2	0.000	0.000	0.000	89.433	312.361	1736.196	92.895	225.800	1787.899	103.455	0.273	1946.095	113.959	-150.645	1883.401	95.544	169.220	1827.587	235.446	146.645	1828.643	316.155	-66.290	1857.748	316.155	-275.905	1857.748	316.155	-361.608	1857.748	0.000	0.000	0.000	95.544	169.220	1827.587	-38.946	124.581	1812.777	-113.096	-89.594	1849.296	-85.349	37.505	1684.935	-74.010	89.445	1617.767	0.000	0.000	0.000	201.689	-119.657	1886.990	201.689	-462.772	1886.990	201.689	-785.524	1886.990	0.000	0.000	0.000	26.148	-134.542	1872.465	26.148	-477.658	1872.465	26.148	-800.409	1872.465	0.000	0.000	0.000	
02373	2	0.000	0.000	0.000	89.375	312.380	1736.188	92.579	225.820	1787.910	104.294	-2.122	1942.522	117.740	-155.916	1885.709	95.518	168.635	1826.699	235.630	146.406	1827.628	316.106	-66.324	1858.861	316.106	-275.939	1858.861	316.106	-361.643	1858.861	0.000	0.000	0.000	95.518	168.635	1826.699	-38.901	124.689	1816.771	-112.937	-90.233	1848.918	-87.916	42.768	1688.846	-77.690	97.126	1623.424	0.000	0.000	0.000	204.208	-132.522	1887.073	204.208	-475.637	1887.073	204.208	-798.389	1887.073	0.000	0.000	0.000	30.524	-145.016	1873.423	30.524	-488.132	1873.423	30.524	-810.884	1873.423	0.000	0.000	0.000	
02374	2	0.000	0.000	0.000	89.273	312.374	1736.137	91.973	225.839	1787.929	106.039	-0.171	1945.161	119.335	-154.219	1885.945	95.502	169.138	1827.375	235.452	146.574	1829.029	315.933	-66.297	1859.379	315.933	-275.913	1859.379	315.933	-361.617	1859.379	0.000	0.000	0.000	95.502	169.138	1827.375	-39.266	124.665	1821.078	-114.025	-90.703	1848.277	-72.117	43.668	1692.949	-54.986	98.594	1629.457	0.000	0.000	0.000	205.170	-130.134	1889.270	205.170	-473.251	1889.270	205.170	-796.004	1889.270	0.000	0.000	0.000	32.995	-143.271	1874.351	32.995	-486.388	1874.351	32.995	-809.141	1874.351	0.000	0.000	0.000	
02375	2	0.000	0.000	0.000	89.191	312.355	1736.085	91.569	225.847	1787.940	106.793	0.922	1946.614	119.407	-152.778	1885.315	95.388	169.419	1827.748	235.478	146.550	1828.680	316.035	-66.236	1859.458	316.035	-275.852	1859.458	316.035	-361.556	1859.458	0.000	0.000	0.000	95.388	169.419	1827.748	-39.793	124.395	1821.243	-115.320	-90.809	1847.653	-70.353	39.749	1689.945	-51.971	93.118	1625.477	0.000	0.000	0.000	205.282	-125.725	1891.201	205.282	-468.843	1891.201	205.282	-791.597	1891.201	0.000	0.000	0.000	33.282	-139.999	1874.420	33.282	-483.117	1874.420	33.282	-805.871	1874.420	0.000	0.000	0.000	
02376	2	0.000	0.000	0.000	89.175	312.326	1736.028	91.449	225.850	1787.943	107.151	1.442	1947.303	118.697	-151.632	1883.453	95.388	169.551	1827.923	235.589	146.499	1828.731	316.130	-66.313	1859.403	316.130	-275.931	1859.403	316.130	-361.635	1859.403	0.000	0.000	0.000	95.388	169.551	1827.923	-40.208	124.392	1821.251	-116.613	-90.653	1846.448	-80.067	69.253	1715.932	-65.128	134.621	1662.578	0.000	0.000	0.000	204.120	-117.961	1889.530	204.120	-461.081	1889.530	204.120	-783.837	1889.530	0.000	0.000	0.000	32.650	-133.840	1874.222	32.650	-476.960	1874.222	32.650	-799.716	1874.222	0.000	0.000	0.000	
02377	2	0.000	0.000	0.000	89.185	311.695	1734.958	91.164	225.857	1787.934	108.416	7.921	1955.895	114.166	-138.605	1876.613	95.492	171.182	1830.072	235.733	146.207	1827.709	316.610	-66.329	1859.458	316.610	-275.951	1859.458	316.610	-361.657	1859.458	0.000	0.000	0.000	95.492	171.182	1830.072	-40.918	123.929	1819.421	-115.764	-91.645	1844.856	-83.683	83.288	1733.903	-77.267	118.274	1711.713	0.000	0.000	0.000	198.829	-108.346	1885.973	198.829	-451.472	1885.973	198.829	-774.234	1885.973	0.000	0.000	0.000	28.851	-105.073	1873.211	28.851	-448.199	1873.211	28.851	-770.961	1873.211	0.000	0.000	0.000	
02378	2	0.000	0.000	0.000	89.211	313.947	1733.109	91.087	229.273	1787.933	108.846	12.839	1957.778	115.631	-133.698	1878.265	95.542	174.974	1830.543	235.171	146.250	1823.338	316.313	-65.382	1860.094	316.313	-275.006	1860.094	316.313	-360.714	1860.094	0.000	0.000	0.000	95.542	174.974	1830.543	-39.490	124.956	1819.148	-114.663	-90.419	1845.334	-75.551	77.170	1725.640	-67.728	110.688	1701.701	0.000	0.000	0.000	200.282	-108.256	1887.276	200.282	-451.387	1887.276	200.282	-774.153	1887.276	0.000	0.000	0.000	29.814	-100.485	1873.315	29.814	-443.616	1873.315	29.814	-766.382	1873.315	0.000	0.000	0.000	
02379	2	0.000	0.000	0.000	91.500	311.046	1731.753	91.132	227.243	1787.932	109.242	10.987	1957.974	117.677	-133.092	1880.701	95.675	172.989	1830.592	236.054	145.895	1824.541	318.565	-65.452	1859.899	318.565	-275.079	1859.899	318.565	-360.788	1859.899	0.000	0.000	0.000	95.675	172.989	1830.592	-40.592	124.214	1819.465	-115.112	-91.521	1844.569	-68.425	58.199	1705.473	-59.088	88.144	1677.654	0.000	0.000	0.000	203.234	-107.969	1888.417	203.234	-451.105	1888.417	203.234	-773.876	1888.417	0.000	0.000	0.000	31.077	-106.016	1873.674	31.077	-449.152	1873.674	31.077	-771.924	1873.674	0.000	0.000	0.000	
02380	2	0.000	0.000	0.000	97.370	307.833	1727.907	91.219	226.923	1787.871	110.161	10.677	1957.853	123.850	-130.665	1884.127	95.971	172.671	1830.516	238.091	144.661	1811.358	318.812	-64.253	1862.052	318.812	-273.889	1862.052	318.812	-359.601	1862.052	0.000	0.000	0.000	95.971	172.671	1830.516	-41.091	124.074	1816.264	-111.100	-92.682	1845.354	-50.124	27.981	1685.137	-37.929	52.114	1653.093	0.000	0.000	0.000	210.124	-107.984	1890.295	210.124	-451.134	1890.295	210.124	-773.918	1890.295	0.000	0.000	0.000	35.444	-112.641	1874.872	35.444	-455.791	1874.872	35.444	-778.576	1874.872	0.000	0.000	0.000	
02381	2	0.000	0.000	0.000	98.268	306.462	1727.762	91.264	225.703	1787.842	110.416	7.835	1955.726	126.026	-133.969	1885.793	96.069	171.045	1829.960	238.702	144.393	1809.656	319.624	-63.973	1862.273	305.686	112.111	1749.359	299.988	184.105	1703.193	0.000	0.000	0.000	96.069	171.045	1829.960	-42.432	123.151	1808.663	-108.862	-93.342	1846.758	-56.963	20.193	1678.337	-46.583	42.900	1644.653	0.000	0.000	0.000	212.165	-108.724	1891.214	212.165	-451.883	1891.214	212.165	-774.675	1891.214	0.000	0.000	0.000	37.910	-121.214	1875.517	37.910	-464.373	1875.517	37.910	-787.165	1875.517	0.000	0.000	0.000	
02382	2	0.000	0.000	0.000	100.325	304.273	1728.024	91.357	223.486	1787.814	111.113	3.961	1953.483	127.248	-140.997	1891.978	96.313	168.412	1829.377	239.169	144.299	1811.022	321.415	-63.951	1862.092	302.711	100.346	1733.206	295.063	167.520	1680.509	0.000	0.000	0.000	96.313	168.412	1829.377	-43.481	122.651	1805.381	-105.900	-94.030	1848.896	-60.413	27.722	1684.390	-51.316	52.072	1651.489	0.000	0.000	0.000	213.644	-123.859	1898.545	213.644	-467.039	1898.545	213.644	-789.851	1898.545	0.000	0.000	0.000	41.215	-137.597	1876.946	41.215	-480.777	1876.946	41.215	-803.589	1876.946	0.000	0.000	0.000	
02383	2	0.000	0.000	0.000	101.499	303.795	1727.915	91.408	223.207	1787.801	111.566	3.062	1952.614	127.519	-143.891	1895.170	96.465	167.978	1829.149	239.178	144.367	1810.980	322.188	-63.590	1862.047	306.421	101.966	1734.373	299.975	169.656	1682.172	0.000	0.000	0.000	96.465	167.978	1829.149	-42.574	123.722	1815.018	-106.177	-94.297	1849.183	-62.148	32.859	1688.400	-53.342	58.290	1656.244	0.000	0.000	0.000	214.118	-127.754	1901.612	214.118	-470.947	1901.612	214.118	-793.771	1901.612	0.000	0.000	0.000	42.040	-141.725	1877.817	42.040	-484.917	1877.817	42.040	-807.742	1877.817	0.000	0.000	0.000	
02384	2	0.000	0.000	0.000	102.734	303.304	1727.792	91.466	222.949	1787.788	112.233	3.668	1953.694	127.931	-144.309	1898.779	96.676	167.936	1829.410	239.126	144.396	1811.221	322.955	-63.317	1861.990	315.692	105.219	1737.471	312.723	174.126	1686.559	0.000	0.000	0.000	96.676	167.936	1829.410	-41.740	124.790	1821.611	-106.439	-93.389	1852.614	-65.938	35.002	1691.874	-57.838	60.680	1659.726	0.000	0.000	0.000	214.539	-122.618	1905.042	214.539	-465.825	1905.042	214.539	-788.663	1905.042	0.000	0.000	0.000	42.768	-139.170	1879.351	42.768	-482.378	1879.351	42.768	-805.216	1879.351	0.000	0.000	0.000	
02385	2	0.000	0.000	0.000	103.272	301.677	1725.831	91.580	222.849	1787.758	117.214	5.821	1955.980	129.167	-143.907	1908.217	98.011	168.401	1829.961	238.942	144.863	1812.060	324.964	-62.224	1861.815	333.309	118.553	1755.885	336.721	192.466	1712.574	0.000	0.000	0.000	98.011	168.401	1829.961	-40.944	124.669	1822.195	-104.813	-86.518	1886.080	-75.335	-17.165	1690.396	-69.439	-3.294	1651.259	0.000	0.000	0.000	215.815	-119.957	1906.329	215.815	-463.201	1906.329	215.815	-786.073	1906.329	0.000	0.000	0.000	44.089	-128.373	1885.283	44.089	-471.617	1885.283	44.089	-794.489	1885.283	0.000	0.000	0.000	
02386	2	0.000	0.000	0.000	103.135	299.916	1723.603	91.644	222.838	1787.744	123.997	8.801	1958.647	128.789	-141.508	1914.717	99.761	169.141	1830.620	238.508	145.077	1811.347	325.399	-61.523	1861.689	353.624	119.782	1760.157	365.164	193.911	1718.644	0.000	0.000	0.000	99.761	169.141	1830.620	-40.196	125.211	1823.240	-107.900	-93.017	1846.910	-65.578	46.224	1695.921	-57.113	74.072	1665.723	0.000	0.000	0.000	216.370	-119.046	1908.055	216.370	-462.313	1908.055	216.370	-785.207	1908.055	0.000	0.000	0.000	43.564	-123.745	1893.565	43.564	-467.012	1893.565	43.564	-789.906	1893.565	0.000	0.000	0.000	
02387	2	0.000	0.000	0.000	103.374	299.010	1718.399	91.729	226.354	1787.506	127.124	20.931	1968.171	128.075	-124.216	1907.491	100.609	174.818	1832.831	234.903	147.019	1809.579	325.310	-57.794	1861.184	379.219	124.241	1772.030	401.260	198.669	1735.578	0.000	0.000	0.000	100.609	174.818	1832.831	-33.205	120.178	1807.457	-109.501	-93.690	1842.449	-74.688	84.872	1738.070	-67.725	120.585	1717.194	0.000	0.000	0.000	214.571	-112.723	1906.576	214.571	-456.045	1906.576	214.571	-778.992	1906.576	0.000	0.000	0.000	41.349	-95.052	1896.572	41.349	-438.374	1896.572	41.349	-761.321	1896.572	0.000	0.000	0.000	
02388	2	0.000	0.000	0.000	103.712	296.335	1715.359	91.774	226.519	1787.300	126.594	20.681	1967.645	128.144	-124.675	1910.227	100.510	174.879	1832.545	233.710	147.659	1809.194	324.964	-56.748	1861.019	375.995	128.518	1775.080	396.786	203.998	1740.067	0.000	0.000	0.000	100.510	174.879	1832.545	-32.494	120.858	1802.697	-101.967	-80.831	1888.082	-21.729	80.198	1778.790	-5.682	112.404	1756.932	0.000	0.000	0.000	215.411	-114.696	1907.277	215.411	-458.052	1907.277	215.411	-781.030	1907.277	0.000	0.000	0.000	41.188	-105.547	1897.978	41.188	-448.903	1897.978	41.188	-771.881	1897.978	0.000	0.000	0.000	
02389	2	0.000	0.000	0.000	103.964	291.604	1713.472	91.825	223.705	1787.207	123.669	21.613	1972.323	123.146	-121.014	1909.491	99.814	173.004	1833.649	233.755	147.589	1808.302	327.173	-59.652	1862.052	327.173	-270.032	1862.052	327.173	-355.806	1862.052	0.000	0.000	0.000	99.814	173.004	1833.649	-33.113	120.434	1797.621	-96.557	-79.735	1899.955	-30.832	59.985	1757.062	-17.687	87.929	1728.483	0.000	0.000	0.000	211.047	-111.223	1907.418	211.047	-454.617	1907.418	211.047	-777.630	1907.418	0.000	0.000	0.000	38.020	-113.855	1896.622	38.020	-457.248	1896.622	38.020	-780.262	1896.622	0.000	0.000	0.000	
02390	2	0.000	0.000	0.000	104.575	290.088	1707.432	91.863	224.770	1783.402	117.661	22.325	1969.176	113.583	-121.332	1910.503	98.336	173.980	1830.009	231.961	150.779	1807.762	326.841	-54.454	1860.986	326.841	-264.673	1860.986	326.841	-350.468	1860.986	0.000	0.000	0.000	98.336	173.980	1830.009	-30.073	122.349	1801.758	-100.463	-92.259	1856.015	-39.233	58.733	1723.183	-26.987	88.931	1696.617	0.000	0.000	0.000	201.394	-111.093	1908.049	201.394	-454.573	1908.049	201.394	-777.668	1908.049	0.000	0.000	0.000	31.418	-118.182	1892.808	31.418	-461.662	1892.808	31.418	-784.757	1892.808	0.000	0.000	0.000	
02391	2	0.000	0.000	0.000	105.787	288.545	1705.040	94.925	223.127	1781.230	118.085	21.632	1968.436	113.125	-121.823	1910.652	100.736	172.576	1828.196	234.121	152.625	1814.215	328.244	-54.546	1860.596	328.244	-264.718	1860.596	328.244	-350.525	1860.596	0.000	0.000	0.000	100.736	172.576	1828.196	-28.224	123.821	1801.391	-88.873	-85.076	1882.716	-45.162	51.340	1728.922	-36.420	78.623	1698.164	0.000	0.000	0.000	200.778	-110.703	1909.511	200.778	-454.232	1909.511	200.778	-777.372	1909.511	0.000	0.000	0.000	30.481	-112.411	1893.028	30.481	-455.940	1893.028	30.481	-779.081	1893.028	0.000	0.000	0.000	
02392	4	0.000	0.000	0.000	108.634	286.285	1702.385	101.241	220.970	1779.120	118.907	20.693	1968.350	112.606	-126.393	1907.121	105.673	170.725	1826.594	239.017	153.771	1815.752	316.924	-63.580	1799.568	316.924	-273.710	1799.568	316.924	-359.544	1799.568	0.000	0.000	0.000	105.673	170.725	1826.594	-19.424	122.170	1801.894	-89.659	-86.466	1873.386	-13.881	41.183	1724.665	1.274	66.713	1694.921	0.000	0.000	0.000	200.438	-105.543	1912.852	200.438	-449.181	1912.852	200.438	-772.424	1912.852	0.000	0.000	0.000	31.214	-112.923	1895.184	31.214	-456.560	1895.184	31.214	-779.803	1895.184	0.000	0.000	0.000	
02393	4	0.000	0.000	0.000	110.262	285.291	1701.374	104.132	220.379	1778.584	119.976	18.830	1966.692	112.199	-130.185	1905.888	108.107	169.815	1825.776	240.124	153.034	1818.303	385.108	-26.998	1813.716	385.108	-237.125	1813.716	385.108	-322.974	1813.716	0.000	0.000	0.000	108.107	169.815	1825.776	-15.548	123.919	1809.872	-91.085	-91.389	1847.146	-5.635	67.552	1739.494	11.456	99.340	1717.963	0.000	0.000	0.000	202.218	-105.630	1915.698	202.218	-449.327	1915.698	202.218	-772.626	1915.698	0.000	0.000	0.000	28.819	-109.858	1896.246	28.819	-453.555	1896.246	28.819	-776.854	1896.246	0.000	0.000	0.000	
02394	4	0.000	0.000	0.000	112.313	282.863	1700.034	108.142	219.069	1778.323	120.783	15.271	1964.312	111.714	-135.629	1904.738	111.314	167.940	1824.983	241.795	151.720	1823.478	329.531	-60.852	1801.634	329.531	-270.986	1801.634	329.531	-356.851	1801.634	0.000	0.000	0.000	111.314	167.940	1824.983	-10.844	124.882	1815.861	-81.684	-94.185	1834.643	-21.601	92.391	1758.911	-9.585	129.707	1743.764	0.000	0.000	0.000	203.810	-105.482	1919.748	203.810	-449.242	1919.748	203.810	-772.600	1919.748	0.000	0.000	0.000	26.625	-106.228	1897.763	26.625	-449.989	1897.763	26.625	-773.347	1897.763	0.000	0.000	0.000	
02395	4	0.000	0.000	0.000	116.437	274.000	1695.094	114.639	216.329	1778.131	123.748	5.543	1956.547	119.457	-154.949	1920.887	116.924	163.448	1822.892	242.721	147.380	1832.218	343.810	-56.774	1868.913	343.810	-266.946	1868.913	343.810	-352.845	1868.913	0.000	0.000	0.000	116.924	163.448	1822.892	-4.108	125.015	1818.696	-87.302	-90.165	1814.118	-29.050	107.302	1771.858	-17.400	146.795	1763.406	0.000	0.000	0.000	212.483	-123.427	1935.739	212.483	-467.324	1935.739	212.483	-790.810	1935.739	0.000	0.000	0.000	29.850	-126.673	1915.897	29.850	-470.569	1915.897	29.850	-794.056	1915.897	0.000	0.000	0.000	
02396	4	0.000	0.000	0.000	123.419	267.961	1694.200	118.371	211.714	1778.102	126.649	4.946	1961.286	131.681	-159.050	1942.231	120.448	159.841	1824.058	245.336	140.754	1831.397	340.898	-58.659	1897.067	340.898	-268.860	1897.067	340.898	-354.777	1897.067	0.000	0.000	0.000	120.448	159.841	1824.058	-1.279	123.269	1821.194	-79.746	-93.644	1819.730	17.525	68.832	1728.493	36.979	101.327	1710.246	0.000	0.000	0.000	221.572	-151.875	1949.804	221.572	-495.844	1949.804	221.572	-819.399	1949.804	0.000	0.000	0.000	37.986	-141.441	1942.558	37.986	-485.410	1942.558	37.986	-808.965	1942.558	0.000	0.000	0.000	
02397	4	0.000	0.000	0.000	138.291	250.492	1691.722	125.762	199.492	1778.208	135.650	-2.945	1966.274	147.378	-168.744	1964.037	128.242	148.705	1825.390	245.708	113.145	1825.175	353.189	-78.883	1894.094	353.189	-289.155	1894.094	353.189	-375.111	1894.094	0.000	0.000	0.000	128.242	148.705	1825.390	9.058	109.406	1826.308	84.574	146.644	1611.629	24.262	-15.825	1730.711	12.199	-48.319	1754.527	0.000	0.000	0.000	237.639	-183.728	1966.604	237.639	-527.853	1966.604	237.639	-851.553	1966.604	0.000	0.000	0.000	59.903	-194.543	1953.941	59.903	-538.667	1953.941	59.903	-862.368	1953.941	0.000	0.000	0.000	
02398	4	0.000	0.000	0.000	141.222	240.499	1689.056	129.400	194.178	1778.260	146.893	-4.930	1969.397	161.318	-170.915	1968.111	133.789	144.226	1826.212	246.917	103.523	1823.426	357.157	-85.606	1895.884	357.157	-295.920	1895.884	357.157	-381.896	1895.884	0.000	0.000	0.000	133.789	144.226	1826.212	14.989	100.119	1824.428	-90.183	-105.091	1825.412	38.807	21.666	1718.052	64.605	47.018	1696.579	0.000	0.000	0.000	253.602	-183.795	1968.184	253.602	-528.001	1968.184	253.602	-851.778	1968.184	0.000	0.000	0.000	73.936	-202.148	1964.709	73.936	-546.354	1964.709	73.936	-870.132	1964.709	0.000	0.000	0.000	
02399	4	0.000	0.000	0.000	144.252	215.963	1690.074	140.543	168.297	1779.394	157.203	-46.473	1953.283	152.032	-213.670	1942.728	144.722	114.416	1823.019	264.263	85.956	1830.052	365.985	-107.065	1904.947	365.985	-317.576	1904.947	365.985	-403.640	1904.947	0.000	0.000	0.000	144.722	114.416	1823.019	18.942	86.060	1835.099	-58.181	-130.778	1819.365	39.850	36.155	1736.672	79.948	104.436	1702.847	0.000	0.000	0.000	237.086	-228.326	1951.685	237.086	-572.886	1951.685	237.086	-896.997	1951.685	0.000	0.000	0.000	68.843	-225.050	1962.919	68.843	-569.611	1962.919	68.843	-893.722	1962.919	0.000	0.000	0.000	
02400	4	0.000	0.000	0.000	145.129	200.184	1692.976	142.107	148.110	1779.892	151.769	-80.536	1931.082	140.468	-248.011	1926.921	144.555	90.180	1818.198	267.151	67.718	1831.411	372.896	-120.122	1913.814	372.896	-330.745	1913.814	372.896	-416.857	1913.814	0.000	0.000	0.000	144.555	90.180	1818.198	18.038	71.885	1839.474	-14.020	-146.814	1773.150	38.711	56.179	1753.775	60.277	139.197	1745.851	0.000	0.000	0.000	219.077	-293.833	1955.502	219.077	-638.585	1955.502	219.077	-962.876	1955.502	0.000	0.000	0.000	68.136	-307.040	1948.370	68.136	-651.792	1948.370	68.136	-976.083	1948.370	0.000	0.000	0.000	
