01412	5	0.000	0.000	0.000	-1.413	-693.481	1190.087	-92.091	-784.569	1197.156	62.110	-1009.244	1420.448	88.247	-1039.402	1210.572	-53.452	-840.867	1253.107	54.351	-750.949	1346.766	349.219	-779.452	1323.261	169.033	-787.858	1524.108	132.996	-789.539	1564.277	0.000	0.000	0.000	-53.452	-840.867	1253.107	60.796	-815.811	1340.712	-208.678	-869.185	1454.054	55.831	-849.381	1403.861	108.733	-845.421	1393.822	0.000	0.000	0.000	140.135	-1091.708	1322.699	140.135	-1529.656	1322.699	140.135	-1941.619	1322.699	0.000	0.000	0.000	40.121	-1082.411	1330.219	40.121	-1520.359	1330.219	40.121	-1932.322	1330.219	0.000	0.000	0.000	
01413	5	0.000	0.000	0.000	-74.171	-733.840	1148.297	-149.208	-834.094	1206.555	85.513	-1019.162	1437.558	86.922	-1038.876	1209.169	-90.364	-880.490	1264.467	7.916	-790.689	1355.064	7.916	-1107.722	1355.064	7.916	-1396.290	1355.064	7.916	-1513.691	1355.064	0.000	0.000	0.000	-90.364	-880.490	1264.467	31.591	-850.732	1331.701	161.582	-889.686	1618.224	6.770	-808.242	1388.720	-55.993	-775.224	1295.678	0.000	0.000	0.000	142.649	-1094.251	1327.457	142.649	-1564.083	1327.457	142.649	-2006.034	1327.457	0.000	0.000	0.000	37.917	-1084.516	1335.331	37.917	-1554.347	1335.331	37.917	-1996.298	1335.331	0.000	0.000	0.000	
01416	3	0.000	0.000	0.000	202.545	-619.147	1459.495	141.917	-639.104	1368.585	7.595	-866.041	1218.288	160.403	-938.712	1291.564	108.219	-696.037	1330.879	60.631	-711.111	1496.809	303.319	-736.912	1430.858	290.758	-509.290	1394.860	288.246	-463.766	1387.660	0.000	0.000	0.000	108.219	-696.037	1330.879	53.840	-707.385	1242.832	53.840	-960.196	1242.832	53.840	-1190.989	1242.832	53.840	-1285.351	1242.832	0.000	0.000	0.000	0.000	0.000	0.000	0.000	-377.781	0.000	0.000	-733.142	0.000	0.000	0.000	0.000	0.000	0.000	0.000	0.000	-377.781	0.000	0.000	-733.142	0.000	0.000	0.000	0.000	
01417	3	0.000	0.000	0.000	207.830	-593.621	1458.159	146.093	-632.450	1374.500	19.490	-812.323	1165.699	165.003	-895.643	1242.043	114.331	-677.576	1322.116	93.976	-710.634	1511.250	332.067	-734.831	1430.412	291.007	-508.039	1422.849	282.795	-462.681	1421.337	0.000	0.000	0.000	114.331	-677.576	1322.116	65.578	-659.266	1231.925	65.578	-911.868	1231.925	65.578	-1142.470	1231.925	65.578	-1236.755	1231.925	0.000	0.000	0.000	0.000	0.000	0.000	0.000	-377.470	0.000	0.000	-732.537	0.000	0.000	0.000	0.000	0.000	0.000	0.000	0.000	-377.470	0.000	0.000	-732.537	0.000	0.000	0.000	0.000	
01418	3	0.000	0.000	0.000	213.985	-592.015	1451.950	144.807	-620.760	1368.651	40.086	-654.894	1087.738	158.599	-792.437	1112.948	118.534	-629.324	1298.176	107.609	-693.940	1508.826	345.199	-726.191	1433.536	277.211	-507.806	1415.603	263.613	-464.129	1412.016	0.000	0.000	0.000	118.534	-629.324	1298.176	87.918	-549.520	1234.202	87.918	-800.832	1234.202	87.918	-1030.258	1234.202	87.918	-1124.061	1234.202	0.000	0.000	0.000	0.000	0.000	0.000	0.000	-375.543	0.000	0.000	-728.798	0.000	0.000	0.000	0.000	0.000	0.000	0.000	0.000	-375.543	0.000	0.000	-728.798	0.000	0.000	0.000	0.000	
01419	3	0.000	0.000	0.000	224.127	-596.402	1439.284	193.578	-619.771	1267.613	54.266	-603.055	1076.367	68.024	-729.517	945.655	122.559	-609.613	1290.566	114.387	-673.659	1510.686	347.192	-716.896	1430.267	270.318	-502.969	1409.225	254.944	-460.184	1405.017	0.000	0.000	0.000	122.559	-609.613	1290.566	92.738	-512.871	1242.961	21.727	-534.537	1004.166	21.727	-762.828	1004.166	21.727	-856.167	1004.166	0.000	0.000	0.000	0.000	0.000	0.000	0.000	-373.686	0.000	0.000	-725.195	0.000	0.000	0.000	0.000	0.000	0.000	0.000	0.000	-373.686	0.000	0.000	-725.195	0.000	0.000	0.000	0.000	
01420	3	0.000	0.000	0.000	222.892	-590.118	1416.707	184.622	-628.073	1245.574	64.205	-565.072	1053.177	7.818	-626.622	892.425	125.211	-587.898	1266.830	116.798	-637.139	1495.030	346.309	-697.952	1422.238	264.607	-488.381	1393.900	248.267	-446.467	1388.232	0.000	0.000	0.000	125.211	-587.898	1266.830	88.151	-490.316	1225.586	11.087	-517.325	991.057	11.087	-744.036	991.057	11.087	-836.730	991.057	0.000	0.000	0.000	0.000	0.000	0.000	0.000	-371.101	0.000	0.000	-720.177	0.000	0.000	0.000	0.000	0.000	0.000	0.000	0.000	-371.101	0.000	0.000	-720.177	0.000	0.000	0.000	0.000	
01422	3	0.000	0.000	0.000	126.594	-285.604	931.822	89.856	-339.259	951.807	47.361	-519.952	941.730	34.720	-627.982	911.352	79.195	-384.591	949.279	90.058	-370.115	1038.874	175.832	-459.193	1132.043	245.690	-531.054	1231.717	259.662	-545.427	1251.651	0.000	0.000	0.000	79.195	-384.591	949.279	17.560	-396.587	947.377	-54.945	-521.552	891.703	-54.945	-662.899	891.703	-54.945	-720.691	891.703	0.000	0.000	0.000	0.000	0.000	0.000	0.000	-231.369	0.000	0.000	-449.006	0.000	0.000	0.000	0.000	0.000	0.000	0.000	0.000	-231.369	0.000	0.000	-449.006	0.000	0.000	0.000	0.000	
01423	3	0.000	0.000	0.000	119.344	-203.211	971.980	91.100	-258.701	943.764	46.062	-438.106	969.825	45.789	-550.816	956.641	79.801	-303.710	950.302	105.084	-313.732	1023.078	149.762	-424.040	1123.287	207.695	-458.924	1248.188	219.282	-465.900	1273.169	0.000	0.000	0.000	79.801	-303.710	950.302	10.470	-307.275	918.191	-61.465	-441.445	886.100	-61.465	-583.478	886.100	-61.465	-641.550	886.100	0.000	0.000	0.000	88.371	-694.103	952.020	88.371	-926.595	952.020	88.371	-1145.289	952.020	0.000	0.000	0.000	20.732	-704.213	953.143	20.732	-936.705	953.143	20.732	-1155.399	953.143	0.000	0.000	0.000	
01424	3	0.000	0.000	0.000	72.725	-185.286	871.933	78.453	-219.334	933.765	40.994	-401.220	988.199	37.294	-518.311	998.012	69.055	-264.965	947.421	140.627	-292.692	973.808	184.953	-380.165	1101.722	254.550	-458.280	1205.188	268.469	-473.903	1225.881	0.000	0.000	0.000	69.055	-264.965	947.421	-8.419	-273.269	913.900	-47.882	-418.915	857.256	-47.882	-566.056	857.256	-47.882	-626.217	857.256	0.000	0.000	0.000	79.929	-621.950	1055.204	79.929	-862.804	1055.204	79.929	-1089.363	1055.204	0.000	0.000	0.000	-11.523	-616.036	1056.420	-11.523	-856.890	1056.420	-11.523	-1083.450	1056.420	0.000	0.000	0.000	
01425	3	0.000	0.000	0.000	58.660	-179.018	862.539	69.247	-207.261	928.815	38.019	-388.980	1011.596	29.634	-507.402	1034.340	61.534	-252.144	949.261	145.662	-280.735	915.008	191.817	-358.647	1053.808	251.487	-423.541	1176.764	263.422	-436.520	1201.355	0.000	0.000	0.000	61.534	-252.144	949.261	-22.005	-260.162	911.412	-36.725	-414.312	852.363	-36.725	-565.607	852.363	-36.725	-627.466	852.363	0.000	0.000	0.000	69.779	-592.984	1103.297	69.779	-840.636	1103.297	69.779	-1073.590	1103.297	0.000	0.000	0.000	-37.589	-597.309	1081.969	-37.589	-844.961	1081.969	-37.589	-1077.915	1081.969	0.000	0.000	0.000	
01426	3	0.000	0.000	0.000	66.316	-160.794	857.848	59.706	-195.342	924.316	35.945	-367.920	1037.967	20.981	-489.669	1068.732	53.817	-238.117	952.485	148.229	-259.008	909.760	192.468	-345.661	1050.572	246.597	-399.114	1187.051	257.423	-409.805	1214.346	0.000	0.000	0.000	53.817	-238.117	952.485	-37.067	-245.472	909.368	-29.401	-406.949	853.153	-29.401	-563.198	853.153	-29.401	-627.082	853.153	0.000	0.000	0.000	72.049	-570.223	1128.007	72.049	-825.984	1128.007	72.049	-1066.566	1128.007	0.000	0.000	0.000	-60.418	-569.087	1092.542	-60.418	-824.848	1092.542	-60.418	-1065.430	1092.542	0.000	0.000	0.000	
01427	3	0.000	0.000	0.000	56.786	-154.597	851.164	52.238	-181.498	923.479	33.975	-343.022	1061.444	15.813	-465.382	1101.775	47.699	-221.640	957.766	145.326	-244.231	910.975	193.932	-329.973	1056.679	251.392	-389.646	1194.253	262.883	-401.580	1221.768	0.000	0.000	0.000	47.699	-221.640	957.766	-48.864	-229.409	907.980	-23.770	-397.333	861.982	-23.770	-557.922	861.982	-23.770	-623.581	861.982	0.000	0.000	0.000	68.935	-557.072	1156.383	68.935	-819.938	1156.383	68.935	-1067.203	1156.383	0.000	0.000	0.000	-68.073	-540.430	1114.984	-68.073	-803.296	1114.984	-68.073	-1050.561	1114.984	0.000	0.000	0.000	
01428	3	0.000	0.000	0.000	45.296	-149.214	852.907	45.157	-177.690	928.336	34.461	-346.318	1071.714	23.779	-467.248	1128.816	42.489	-219.751	964.098	142.234	-243.233	912.053	187.486	-332.729	1065.724	255.881	-392.028	1206.680	269.560	-403.887	1234.871	0.000	0.000	0.000	42.489	-219.751	964.098	-64.322	-219.064	911.382	76.650	-330.654	874.681	76.650	-498.173	874.681	76.650	-566.666	874.681	0.000	0.000	0.000	50.336	-653.469	1174.879	50.336	-927.679	1174.879	50.336	-1185.614	1174.879	0.000	0.000	0.000	-29.727	-637.297	1147.061	-29.727	-911.507	1147.061	-29.727	-1169.442	1147.061	0.000	0.000	0.000	
01429	3	0.000	0.000	0.000	103.134	-131.573	961.788	46.003	-184.917	937.628	35.922	-351.750	1087.637	27.325	-470.761	1149.793	43.486	-226.580	975.090	151.202	-237.884	912.075	190.102	-320.836	1074.173	258.523	-387.960	1214.555	272.207	-401.385	1242.631	0.000	0.000	0.000	43.486	-226.580	975.090	-68.966	-208.826	910.503	77.898	-318.653	878.267	77.898	-488.636	878.267	77.898	-558.135	878.267	0.000	0.000	0.000	75.923	-649.211	1239.302	75.923	-927.453	1239.302	75.923	-1189.182	1239.302	0.000	0.000	0.000	-29.218	-650.973	1181.495	-29.218	-929.215	1181.495	-29.218	-1190.944	1181.495	0.000	0.000	0.000	
01430	3	0.000	0.000	0.000	65.794	-107.065	936.235	46.311	-186.509	948.809	36.819	-352.137	1103.698	31.071	-471.637	1166.482	43.938	-227.911	987.526	160.033	-220.728	918.537	222.998	-314.933	1068.997	251.558	-388.049	1221.984	257.270	-402.673	1252.582	0.000	0.000	0.000	43.938	-227.911	987.526	-69.657	-184.308	909.226	75.715	-300.953	882.062	75.715	-472.904	882.062	75.715	-543.208	882.062	0.000	0.000	0.000	76.140	-666.844	1233.279	76.140	-948.307	1233.279	76.140	-1213.066	1233.279	0.000	0.000	0.000	-18.181	-663.788	1203.376	-18.181	-945.251	1203.376	-18.181	-1210.009	1203.376	0.000	0.000	0.000	
01431	3	0.000	0.000	0.000	62.190	-98.187	969.231	47.072	-180.487	960.722	38.497	-329.958	1137.755	36.618	-453.261	1198.478	44.940	-217.659	1004.749	169.508	-166.936	934.102	201.279	-265.509	1095.091	243.629	-353.966	1239.732	252.099	-371.657	1268.660	0.000	0.000	0.000	44.940	-217.659	1004.749	-68.844	-135.972	939.168	67.476	-264.756	900.757	67.476	-439.510	900.757	67.476	-510.960	900.757	0.000	0.000	0.000	99.786	-577.551	1275.396	99.786	-863.603	1275.396	99.786	-1132.678	1275.396	0.000	0.000	0.000	-25.477	-588.222	1216.630	-25.477	-874.274	1216.630	-25.477	-1143.349	1216.630	0.000	0.000	0.000	
01432	3	0.000	0.000	0.000	66.067	-82.211	1001.671	48.546	-158.939	970.672	47.281	-285.352	1167.485	41.276	-402.573	1242.705	48.231	-190.402	1019.656	170.274	-134.634	936.318	164.884	-260.652	1082.772	227.622	-315.122	1238.437	240.169	-326.016	1269.570	0.000	0.000	0.000	48.231	-190.402	1019.656	-58.686	-92.477	944.737	69.922	-236.463	954.041	69.922	-412.912	954.041	69.922	-485.056	954.041	0.000	0.000	0.000	103.047	-494.414	1316.351	103.047	-783.242	1316.351	103.047	-1054.928	1316.351	0.000	0.000	0.000	-41.400	-474.406	1276.882	-41.400	-763.234	1276.882	-41.400	-1034.920	1276.882	0.000	0.000	0.000	
01433	3	0.000	0.000	0.000	78.013	-54.852	1032.171	57.378	-135.128	1012.719	60.099	-259.916	1213.131	47.372	-373.332	1295.935	58.053	-166.054	1062.387	154.414	-50.365	1001.458	220.813	-187.229	1122.269	290.517	-340.219	1183.176	304.457	-370.817	1195.358	0.000	0.000	0.000	58.053	-166.054	1062.387	-24.099	-34.776	1008.444	61.319	-209.174	1003.496	61.319	-387.988	1003.496	61.319	-460.495	1003.496	0.000	0.000	0.000	121.024	-449.410	1336.156	121.024	-739.693	1336.156	121.024	-1012.749	1336.156	0.000	0.000	0.000	-26.228	-467.204	1305.894	-26.228	-757.488	1305.894	-26.228	-1030.543	1305.894	0.000	0.000	0.000	
01434	3	0.000	0.000	0.000	87.964	-36.367	1050.913	66.716	-118.524	1042.473	66.376	-243.876	1244.368	52.150	-361.201	1325.089	66.632	-149.424	1092.241	166.347	-40.030	1012.305	231.619	-176.420	1134.616	300.324	-327.983	1199.813	314.065	-358.295	1212.852	0.000	0.000	0.000	66.632	-149.424	1092.241	-1.690	-10.844	1015.580	60.660	-194.805	1025.264	60.660	-373.529	1025.264	60.660	-446.120	1025.264	0.000	0.000	0.000	122.734	-453.006	1363.923	122.734	-743.625	1363.923	122.734	-1016.996	1363.923	0.000	0.000	0.000	-15.089	-485.486	1342.602	-15.089	-776.105	1342.602	-15.089	-1049.476	1342.602	0.000	0.000	0.000	
01435	3	0.000	0.000	0.000	96.856	-22.616	1070.298	74.187	-104.894	1070.836	71.436	-226.758	1275.130	56.658	-352.007	1348.159	73.509	-134.913	1121.161	164.277	-50.094	992.647	228.422	-178.344	1124.134	295.539	-324.633	1201.444	308.963	-353.891	1216.906	0.000	0.000	0.000	73.509	-134.913	1121.161	-10.605	-17.950	1020.997	67.254	-193.401	1052.723	67.254	-371.956	1052.723	67.254	-444.575	1052.723	0.000	0.000	0.000	123.354	-445.815	1362.844	123.354	-736.544	1362.844	123.354	-1010.019	1362.844	0.000	0.000	0.000	-3.611	-452.222	1331.760	-3.611	-742.951	1331.760	-3.611	-1016.425	1331.760	0.000	0.000	0.000	
01436	3	0.000	0.000	0.000	111.341	14.383	1117.302	89.231	-67.936	1114.467	82.417	-182.118	1323.224	74.083	-311.579	1386.117	87.556	-96.009	1165.793	215.962	-31.929	1130.148	270.940	-184.663	1236.931	328.798	-347.899	1283.647	340.369	-380.546	1292.991	0.000	0.000	0.000	87.556	-96.009	1165.793	-30.258	-22.542	1078.899	-55.641	-201.639	1149.844	-55.641	-381.015	1149.844	-55.641	-453.539	1149.844	0.000	0.000	0.000	140.170	-449.237	1460.307	140.170	-739.588	1460.307	140.170	-1012.706	1460.307	0.000	0.000	0.000	2.203	-416.417	1385.006	2.203	-706.768	1385.006	2.203	-979.886	1385.006	0.000	0.000	0.000	
01437	3	0.000	0.000	0.000	118.718	28.577	1142.090	94.404	-52.403	1131.885	89.656	-165.810	1340.927	82.921	-294.339	1404.284	93.238	-80.261	1183.237	214.640	3.422	1118.927	267.755	-146.850	1229.516	320.904	-308.674	1284.834	331.533	-341.038	1295.898	0.000	0.000	0.000	93.238	-80.261	1183.237	-20.513	10.472	1156.009	-49.234	-174.886	1205.512	-49.234	-353.972	1205.512	-49.234	-426.380	1205.512	0.000	0.000	0.000	149.261	-457.335	1480.293	149.261	-747.223	1480.293	149.261	-1019.907	1480.293	0.000	0.000	0.000	9.711	-441.445	1420.476	9.711	-731.333	1420.476	9.711	-1004.016	1420.476	0.000	0.000	0.000	
01438	3	0.000	0.000	0.000	132.890	47.655	1170.299	107.719	-33.309	1164.349	102.581	-160.322	1363.634	94.539	-287.267	1428.439	106.452	-64.639	1213.507	236.400	-11.921	1193.210	287.875	-168.328	1294.981	338.021	-335.059	1337.980	348.051	-368.405	1346.580	0.000	0.000	0.000	106.452	-64.639	1213.507	14.988	26.331	1239.802	-28.938	-160.270	1266.649	-28.938	-339.610	1266.649	-28.938	-411.862	1266.649	0.000	0.000	0.000	152.554	-486.569	1523.822	152.554	-775.830	1523.822	152.554	-1047.924	1523.822	0.000	0.000	0.000	27.265	-500.350	1498.309	27.265	-789.612	1498.309	27.265	-1061.706	1498.309	0.000	0.000	0.000	
01439	3	0.000	0.000	0.000	145.365	53.241	1196.553	119.529	-27.505	1196.676	117.031	-162.091	1389.256	110.963	-286.296	1457.950	118.911	-60.814	1244.338	241.628	-31.542	1251.493	296.713	-185.939	1353.460	346.975	-354.184	1384.659	357.028	-387.833	1390.898	0.000	0.000	0.000	118.911	-60.814	1244.338	69.590	-29.428	1320.901	-3.812	-207.628	1332.181	-3.812	-385.970	1332.181	-3.812	-458.029	1332.181	0.000	0.000	0.000	180.583	-485.993	1555.976	180.583	-774.481	1555.976	180.583	-1045.847	1555.976	0.000	0.000	0.000	35.385	-501.823	1538.731	35.385	-790.311	1538.731	35.385	-1061.678	1538.731	0.000	0.000	0.000	
01441	3	0.000	0.000	0.000	156.059	47.380	1322.542	157.332	-52.230	1399.178	151.895	-352.495	1599.274	141.068	-542.883	1642.318	156.033	-123.923	1446.954	284.959	-147.204	1491.405	386.730	-388.719	1600.029	438.391	-622.547	1531.219	448.723	-669.313	1517.457	0.000	0.000	0.000	156.033	-123.923	1446.954	10.011	-161.874	1389.706	-72.474	-422.201	1466.595	-113.623	-667.902	1462.505	-121.853	-717.043	1461.687	0.000	0.000	0.000	239.075	-667.252	1699.537	239.075	-1094.710	1699.537	239.075	-1496.799	1699.537	0.000	0.000	0.000	29.765	-661.382	1691.624	29.765	-1088.840	1691.624	29.765	-1490.928	1691.624	0.000	0.000	0.000	
01442	3	0.000	0.000	0.000	157.331	54.225	1337.529	155.296	-50.160	1407.503	153.430	-344.907	1610.321	142.835	-539.185	1647.684	154.847	-121.141	1456.346	280.834	-153.112	1492.204	383.677	-394.216	1604.503	446.695	-635.808	1573.818	459.299	-684.126	1567.681	0.000	0.000	0.000	154.847	-121.141	1456.346	7.460	-157.699	1418.127	-70.201	-419.200	1501.224	-115.780	-666.480	1493.855	-124.896	-715.936	1492.381	0.000	0.000	0.000	241.710	-644.933	1694.737	241.710	-1072.391	1694.737	241.710	-1474.480	1694.737	0.000	0.000	0.000	37.420	-639.295	1697.845	37.420	-1066.753	1697.845	37.420	-1468.842	1697.845	0.000	0.000	0.000	
01443	3	0.000	0.000	0.000	159.428	69.039	1364.339	153.712	-40.972	1424.851	161.089	-322.976	1633.330	154.752	-520.752	1673.469	155.524	-110.242	1476.060	289.704	-136.689	1495.677	378.942	-373.744	1640.759	439.348	-622.962	1663.796	451.429	-672.805	1668.403	0.000	0.000	0.000	155.524	-110.242	1476.060	1.340	-129.198	1465.729	-68.688	-400.600	1547.242	-110.838	-654.295	1559.540	-119.268	-705.034	1562.000	0.000	0.000	0.000	253.216	-611.319	1740.840	253.216	-1038.775	1740.840	253.216	-1440.862	1740.840	0.000	0.000	0.000	55.494	-616.976	1737.951	55.494	-1044.432	1737.951	55.494	-1446.519	1737.951	0.000	0.000	0.000	
01444	3	0.000	0.000	0.000	162.084	79.358	1378.115	158.018	-28.748	1442.092	167.227	-309.972	1649.559	163.498	-507.357	1697.899	160.288	-98.060	1493.226	294.061	-121.873	1513.134	394.916	-361.532	1646.462	438.657	-611.263	1695.333	447.405	-661.209	1705.108	0.000	0.000	0.000	160.288	-98.060	1493.226	6.819	-118.468	1478.367	-72.542	-388.555	1556.720	-107.913	-641.773	1592.728	-114.987	-692.417	1599.930	0.000	0.000	0.000	272.059	-597.783	1760.704	272.059	-1025.236	1760.704	272.059	-1427.320	1760.704	0.000	0.000	0.000	59.055	-610.539	1760.296	59.055	-1037.992	1760.296	59.055	-1440.076	1760.296	0.000	0.000	0.000	
01445	3	0.000	0.000	0.000	165.628	89.577	1389.908	164.793	-16.308	1457.612	172.406	-299.639	1665.926	168.456	-496.954	1718.850	166.658	-85.710	1508.638	316.812	-80.772	1525.197	413.251	-324.669	1647.432	422.088	-571.895	1723.398	423.856	-621.340	1738.591	0.000	0.000	0.000	166.658	-85.710	1508.638	14.425	-107.848	1486.648	-71.199	-372.754	1565.522	-104.139	-624.061	1617.764	-110.727	-674.323	1628.213	0.000	0.000	0.000	282.620	-589.330	1768.558	282.620	-1016.779	1768.558	282.620	-1418.860	1768.558	0.000	0.000	0.000	55.980	-594.137	1773.831	55.980	-1021.586	1773.831	55.980	-1423.667	1773.831	0.000	0.000	0.000	
01446	3	0.000	0.000	0.000	169.536	105.332	1407.004	169.722	-3.372	1470.083	174.761	-281.893	1682.122	169.376	-475.156	1738.065	170.962	-71.920	1522.269	321.458	-55.805	1547.052	425.141	-300.726	1659.332	659.858	-193.389	1692.690	706.801	-171.921	1699.362	0.000	0.000	0.000	170.962	-71.920	1522.269	15.665	-84.628	1506.978	-62.467	-345.235	1603.532	-99.620	-597.623	1654.967	-107.051	-648.101	1665.254	0.000	0.000	0.000	283.267	-573.298	1789.169	283.267	-1000.742	1789.169	283.267	-1402.818	1789.169	0.000	0.000	0.000	56.699	-573.774	1801.408	56.699	-1001.219	1801.408	56.699	-1403.294	1801.408	0.000	0.000	0.000	
01447	3	0.000	0.000	0.000	176.024	129.740	1436.085	173.952	16.139	1489.802	176.164	-258.795	1702.614	169.037	-448.333	1756.651	174.500	-51.991	1542.538	319.356	-54.259	1566.774	445.719	-291.382	1669.903	689.563	-196.258	1677.726	738.332	-177.233	1679.290	0.000	0.000	0.000	174.500	-51.991	1542.538	24.567	-74.538	1528.334	-47.691	-332.523	1633.467	-94.796	-586.711	1675.170	-104.216	-637.549	1683.510	0.000	0.000	0.000	271.998	-571.134	1810.250	271.998	-998.566	1810.250	271.998	-1400.631	1810.250	0.000	0.000	0.000	58.240	-567.416	1806.961	58.240	-994.849	1806.961	58.240	-1396.913	1806.961	0.000	0.000	0.000	
01448	2	0.000	0.000	0.000	176.381	139.623	1444.355	176.456	30.400	1506.518	176.743	-245.838	1715.094	168.490	-434.401	1767.063	176.528	-38.357	1558.434	319.698	-51.007	1580.179	411.664	-288.801	1721.649	661.280	-207.968	1765.566	711.203	-191.801	1774.349	0.000	0.000	0.000	176.528	-38.357	1558.434	24.544	-54.303	1554.679	-49.489	-316.992	1657.299	-100.870	-574.581	1699.473	-111.146	-626.099	1707.908	0.000	0.000	0.000	269.085	-567.893	1819.147	269.085	-995.311	1819.147	269.085	-1397.362	1819.147	0.000	0.000	0.000	61.858	-561.583	1829.333	61.858	-989.001	1829.333	61.858	-1391.052	1829.333	0.000	0.000	0.000	
01449	2	0.000	0.000	0.000	175.906	143.992	1447.659	176.542	37.457	1514.317	175.772	-240.077	1720.244	167.689	-428.364	1771.316	176.350	-31.731	1565.654	321.060	-42.893	1587.995	409.506	-289.019	1722.931	664.125	-206.515	1745.270	715.049	-190.014	1749.738	0.000	0.000	0.000	176.350	-31.731	1565.654	23.413	-46.730	1561.584	-54.289	-311.756	1663.231	-100.230	-573.232	1703.933	-109.418	-625.528	1712.073	0.000	0.000	0.000	268.448	-565.332	1821.823	268.448	-992.744	1821.823	268.448	-1394.790	1821.823	0.000	0.000	0.000	61.861	-558.138	1836.278	61.861	-985.550	1836.278	61.861	-1387.596	1836.278	0.000	0.000	0.000	
01450	2	0.000	0.000	0.000	172.030	147.403	1452.105	176.380	43.186	1522.198	172.157	-235.822	1725.335	164.660	-423.384	1774.730	175.326	-26.458	1572.903	322.727	-36.113	1594.016	407.579	-289.550	1725.372	663.927	-203.976	1708.308	715.197	-186.861	1704.895	0.000	0.000	0.000	175.326	-26.458	1572.903	22.139	-42.792	1563.198	-60.395	-305.067	1677.588	-101.875	-570.513	1711.444	-110.171	-623.602	1718.215	0.000	0.000	0.000	269.999	-552.875	1822.139	269.999	-980.283	1822.139	269.999	-1382.324	1822.139	0.000	0.000	0.000	57.323	-547.891	1839.710	57.323	-975.299	1839.710	57.323	-1377.340	1839.710	0.000	0.000	0.000	
01451	2	0.000	0.000	0.000	155.233	159.028	1470.363	173.170	54.392	1537.609	162.136	-228.959	1744.018	156.550	-416.970	1789.153	170.459	-15.209	1588.310	318.406	-21.338	1614.346	397.802	-282.764	1727.331	656.671	-222.492	1755.705	708.444	-210.437	1761.380	0.000	0.000	0.000	170.459	-15.209	1588.310	18.585	-31.362	1575.910	-65.185	-294.440	1681.672	-111.567	-554.087	1725.063	-120.844	-606.017	1733.741	0.000	0.000	0.000	270.687	-522.857	1829.411	270.687	-950.258	1829.411	270.687	-1352.294	1829.411	0.000	0.000	0.000	50.717	-525.654	1858.636	50.717	-953.055	1858.636	50.717	-1355.091	1858.636	0.000	0.000	0.000	
01452	2	0.000	0.000	0.000	147.481	170.393	1483.960	168.260	62.057	1544.159	158.019	-221.501	1750.952	153.826	-410.240	1795.030	165.747	-7.521	1594.901	311.711	-18.459	1618.811	397.300	-277.792	1726.961	653.659	-203.938	1713.245	704.931	-189.167	1710.502	0.000	0.000	0.000	165.747	-7.521	1594.901	15.952	-27.399	1582.028	-66.852	-282.386	1702.032	-117.178	-543.578	1726.697	-127.243	-595.817	1731.630	0.000	0.000	0.000	269.099	-508.756	1839.370	269.099	-936.155	1839.370	269.099	-1338.188	1839.370	0.000	0.000	0.000	46.314	-514.393	1861.056	46.314	-941.791	1861.056	46.314	-1343.824	1861.056	0.000	0.000	0.000	
01453	2	0.000	0.000	0.000	140.402	180.613	1494.539	161.124	67.172	1550.256	154.078	-215.779	1758.350	150.997	-404.545	1803.076	159.396	-2.216	1601.287	301.543	-16.256	1626.895	395.320	-276.692	1728.643	655.721	-213.188	1726.683	707.801	-200.488	1726.292	0.000	0.000	0.000	159.396	-2.216	1601.287	11.786	-23.982	1594.307	-85.482	-282.529	1697.585	-126.348	-545.908	1725.977	-134.521	-598.584	1731.655	0.000	0.000	0.000	265.428	-499.810	1854.884	232.771	-925.818	1865.787	232.771	-1327.850	1865.787	0.000	0.000	0.000	41.598	-506.898	1865.732	41.598	-934.295	1865.732	41.598	-1336.326	1865.732	0.000	0.000	0.000	
01454	2	0.000	0.000	0.000	127.706	186.918	1505.931	143.520	73.077	1564.950	141.127	-208.386	1776.005	140.337	-395.954	1825.450	142.934	4.153	1616.632	284.546	-12.397	1638.661	367.868	-272.463	1741.723	630.289	-218.162	1770.203	682.773	-207.302	1775.899	0.000	0.000	0.000	142.934	4.153	1616.632	-5.126	-14.405	1618.606	-102.758	-273.098	1712.119	-136.288	-539.934	1729.382	-142.994	-593.302	1732.834	0.000	0.000	0.000	249.427	-506.594	1884.998	232.550	-933.217	1904.339	232.550	-1335.246	1904.339	0.000	0.000	0.000	39.147	-512.807	1896.216	39.147	-940.202	1896.216	39.147	-1342.231	1896.216	0.000	0.000	0.000	
01455	2	0.000	0.000	0.000	119.305	185.498	1511.944	130.537	74.502	1575.698	130.540	-207.875	1785.150	132.308	-394.726	1838.756	130.538	5.309	1627.022	274.070	-9.543	1647.771	341.889	-274.774	1753.018	607.775	-224.001	1787.529	660.952	-213.847	1794.431	0.000	0.000	0.000	130.538	5.309	1627.022	-17.033	-14.843	1631.377	-113.088	-269.157	1741.478	-147.009	-539.894	1737.658	-153.793	-594.042	1736.894	0.000	0.000	0.000	242.437	-508.229	1898.623	232.133	-935.244	1913.364	232.133	-1337.272	1913.364	0.000	0.000	0.000	36.606	-511.911	1920.458	36.606	-939.305	1920.458	36.606	-1341.333	1920.458	0.000	0.000	0.000	
01456	2	0.000	0.000	0.000	97.187	181.548	1526.739	109.210	77.262	1599.058	118.022	-206.891	1805.912	123.570	-393.965	1865.524	111.369	7.634	1649.745	261.351	-1.347	1664.965	328.499	-275.263	1750.096	586.907	-231.545	1831.587	638.589	-222.801	1847.885	0.000	0.000	0.000	111.369	7.634	1649.745	-38.673	-13.800	1658.285	-138.119	-274.912	1751.656	-158.813	-548.587	1750.728	-162.952	-603.321	1750.542	0.000	0.000	0.000	232.702	-508.438	1940.334	231.914	-935.796	1945.767	231.914	-1337.823	1945.767	0.000	0.000	0.000	26.305	-518.941	1944.536	26.305	-946.334	1944.536	26.305	-1348.361	1944.536	0.000	0.000	0.000	
01457	2	0.000	0.000	0.000	87.661	179.371	1537.329	101.755	78.304	1613.122	113.811	-206.283	1822.423	121.525	-394.928	1881.196	104.693	8.942	1664.134	255.454	-0.776	1678.035	313.889	-281.062	1749.741	581.017	-232.548	1792.273	634.443	-222.846	1800.780	0.000	0.000	0.000	104.693	8.942	1664.134	-49.162	-8.740	1674.263	-138.814	-275.498	1763.253	-160.692	-549.423	1760.664	-165.068	-604.208	1760.146	0.000	0.000	0.000	235.462	-516.950	1948.767	233.124	-944.159	1961.091	233.124	-1346.186	1961.091	0.000	0.000	0.000	27.713	-536.659	1953.420	27.713	-964.052	1953.420	27.713	-1366.079	1953.420	0.000	0.000	0.000	
01458	2	0.000	0.000	0.000	72.823	178.950	1563.951	88.358	80.011	1641.381	100.181	-203.338	1846.232	113.414	-395.417	1900.022	91.269	10.235	1691.826	244.918	3.280	1702.410	277.223	-286.158	1750.540	338.626	-551.719	1711.927	350.907	-604.832	1704.204	0.000	0.000	0.000	91.269	10.235	1691.826	-68.818	-3.788	1690.336	-142.040	-278.840	1768.562	-173.127	-552.368	1769.065	-179.344	-607.074	1769.166	0.000	0.000	0.000	238.482	-519.586	1953.210	230.961	-946.897	1956.798	230.961	-1348.925	1956.798	0.000	0.000	0.000	11.605	-537.407	1964.272	11.605	-964.800	1964.272	11.605	-1366.827	1964.272	0.000	0.000	0.000	
01459	2	0.000	0.000	0.000	62.778	183.409	1583.126	76.293	83.288	1658.852	82.526	-204.564	1853.465	94.446	-399.191	1898.464	77.838	11.930	1707.097	238.947	16.149	1713.495	264.181	-273.617	1767.595	302.902	-538.937	1708.507	310.646	-592.002	1696.689	0.000	0.000	0.000	77.838	11.930	1707.097	-81.913	-3.735	1695.566	-147.265	-280.099	1778.513	-179.011	-552.553	1790.613	-185.361	-607.044	1793.033	0.000	0.000	0.000	218.915	-515.315	1943.354	226.614	-942.084	1965.124	226.614	-1344.112	1965.124	0.000	0.000	0.000	-10.967	-527.438	1958.805	-10.967	-954.831	1958.805	-10.967	-1356.859	1958.805	0.000	0.000	0.000	
01460	2	0.000	0.000	0.000	44.366	192.133	1596.337	54.630	98.122	1679.462	60.969	-196.819	1872.985	70.331	-391.843	1903.094	56.178	26.103	1726.716	217.492	24.006	1726.004	258.449	-261.779	1802.924	294.125	-525.183	1731.869	301.260	-577.864	1717.658	0.000	0.000	0.000	56.178	26.103	1726.716	-94.170	2.209	1732.780	-167.828	-277.820	1806.433	-186.849	-551.200	1831.042	-190.653	-605.875	1835.963	0.000	0.000	0.000	189.910	-482.651	1941.911	209.356	-909.530	1949.910	209.356	-1311.561	1949.910	0.000	0.000	0.000	-26.291	-502.894	1960.748	-26.291	-930.290	1960.748	-26.291	-1332.321	1960.748	0.000	0.000	0.000	
01461	2	0.000	0.000	0.000	30.046	198.226	1605.642	47.135	108.498	1692.133	58.033	-186.405	1885.261	72.015	-378.655	1921.241	49.797	36.461	1739.309	213.299	32.594	1727.593	259.922	-256.440	1806.124	315.246	-528.990	1808.045	326.310	-583.501	1808.430	0.000	0.000	0.000	49.797	36.461	1739.309	-101.935	18.628	1757.944	-167.996	-261.947	1851.723	-186.435	-539.257	1841.355	-190.123	-594.719	1839.281	0.000	0.000	0.000	191.343	-484.050	1962.437	208.522	-910.629	1942.287	261.878	-1252.820	2165.785	0.000	0.000	0.000	-23.598	-501.392	1978.453	-23.598	-928.793	1978.453	-23.598	-1340.973	1978.453	0.000	0.000	0.000	
01462	2	0.000	0.000	0.000	26.733	206.154	1616.841	46.076	112.984	1699.025	70.307	-184.133	1894.221	89.549	-373.795	1938.893	51.935	41.147	1746.220	213.394	33.199	1726.936	263.131	-240.440	1824.611	353.985	-505.533	1846.777	372.156	-558.552	1851.210	0.000	0.000	0.000	51.935	41.147	1746.220	-100.193	29.378	1781.216	-161.198	-234.792	1896.910	-186.190	-514.456	1910.447	-191.188	-570.389	1913.155	0.000	0.000	0.000	208.909	-487.614	1989.493	206.273	-911.262	1933.010	278.808	-1249.670	2157.124	0.000	0.000	0.000	-8.828	-500.625	1995.685	-8.828	-928.031	1995.685	-8.828	-1340.351	1995.685	0.000	0.000	0.000	
01463	2	0.000	0.000	0.000	25.309	210.598	1616.141	46.196	116.242	1699.954	75.977	-177.236	1899.766	93.483	-368.838	1935.089	53.397	45.276	1748.270	214.597	33.735	1718.657	289.080	-232.730	1810.819	361.207	-487.373	1881.395	375.632	-538.301	1895.510	0.000	0.000	0.000	53.397	45.276	1748.270	-92.778	33.317	1796.524	-150.800	-239.346	1882.161	-188.435	-502.292	1949.011	-195.962	-554.881	1962.381	0.000	0.000	0.000	220.392	-462.764	1958.574	203.579	-889.183	1934.860	265.938	-1228.329	2154.095	0.000	0.000	0.000	-11.574	-469.441	1996.019	-11.574	-896.849	1996.019	-11.574	-1305.472	1996.019	0.000	0.000	0.000	
01464	2	0.000	0.000	0.000	24.557	213.034	1614.767	46.260	118.214	1700.024	77.448	-168.698	1903.174	94.886	-360.773	1930.421	53.873	48.177	1749.615	215.247	33.876	1706.621	303.307	-225.673	1802.918	363.345	-474.780	1892.206	375.352	-524.601	1910.064	0.000	0.000	0.000	53.873	48.177	1749.615	-84.940	31.067	1804.452	-131.491	-228.673	1925.950	-182.170	-492.555	1963.749	-192.306	-545.332	1971.308	0.000	0.000	0.000	223.703	-432.084	1951.602	202.847	-858.490	1931.023	261.569	-1203.065	2140.116	0.000	0.000	0.000	-11.413	-437.860	1996.422	-11.413	-865.271	1996.422	-11.413	-1272.579	1996.422	0.000	0.000	0.000	
01465	2	0.000	0.000	0.000	24.412	214.925	1613.828	46.397	120.066	1700.044	80.256	-161.757	1902.968	95.710	-353.166	1929.917	54.757	50.480	1750.149	215.459	34.314	1696.271	308.432	-222.415	1792.813	374.978	-461.857	1896.562	388.287	-509.745	1917.312	0.000	0.000	0.000	54.757	50.480	1750.149	-77.472	30.416	1812.154	-116.705	-215.211	1960.485	-176.249	-475.849	1992.848	-188.157	-527.977	1999.320	0.000	0.000	0.000	217.706	-435.498	1957.266	203.360	-861.226	1922.174	262.945	-1200.921	2136.888	0.000	0.000	0.000	-4.291	-443.160	1993.358	-4.291	-870.573	1993.358	-4.291	-1276.831	1993.358	0.000	0.000	0.000	
01466	2	0.000	0.000	0.000	25.744	214.926	1615.134	55.567	118.742	1699.154	98.414	-157.649	1898.641	111.028	-347.696	1929.143	66.313	49.428	1749.182	224.297	35.665	1676.794	340.748	-212.695	1765.598	390.806	-451.794	1871.770	400.818	-499.614	1893.004	0.000	0.000	0.000	66.313	49.428	1749.182	-61.552	27.847	1817.021	-83.854	-206.092	1984.068	-150.958	-462.343	2011.982	-164.378	-513.593	2017.565	0.000	0.000	0.000	228.103	-446.303	1954.244	205.066	-872.939	1942.560	278.557	-1216.893	2142.846	0.000	0.000	0.000	17.155	-450.754	1995.613	17.155	-878.171	1995.613	17.155	-1282.917	1995.613	0.000	0.000	0.000	
01467	2	0.000	0.000	0.000	27.695	215.794	1614.927	62.591	118.003	1695.206	111.687	-156.232	1895.029	125.844	-345.712	1927.983	74.929	49.089	1745.420	230.574	35.173	1667.614	346.729	-211.999	1758.608	393.999	-455.179	1853.577	403.453	-503.815	1872.571	0.000	0.000	0.000	74.929	49.089	1745.420	-52.012	29.105	1816.877	-70.026	-201.098	1988.771	-135.821	-456.936	2013.427	-148.980	-508.104	2018.359	0.000	0.000	0.000	249.347	-435.214	1944.204	206.388	-860.465	1942.160	236.242	-1211.705	2139.956	0.000	0.000	0.000	32.436	-445.796	1999.524	32.436	-873.216	1999.524	32.436	-1277.425	1999.524	0.000	0.000	0.000	
01468	2	0.000	0.000	0.000	32.441	217.918	1613.475	69.758	117.328	1687.856	125.447	-155.666	1889.624	143.370	-344.491	1925.878	83.705	48.956	1738.389	236.237	32.113	1657.228	346.675	-218.516	1744.659	395.389	-464.448	1828.865	405.132	-513.635	1845.706	0.000	0.000	0.000	83.705	48.956	1738.389	-39.053	31.026	1816.803	-53.144	-202.227	1984.285	-108.435	-459.408	2011.622	-119.493	-510.844	2017.090	0.000	0.000	0.000	266.814	-442.194	1933.944	208.759	-866.163	1942.706	198.900	-1216.543	2143.143	0.000	0.000	0.000	52.005	-447.755	2000.990	52.005	-875.770	2000.990	52.005	-1279.550	2000.990	0.000	0.000	0.000	
01469	2	0.000	0.000	0.000	53.258	222.048	1608.002	87.887	114.303	1665.728	154.880	-157.981	1870.219	180.003	-343.877	1915.340	104.518	46.707	1716.494	249.448	15.406	1634.970	356.714	-248.048	1672.911	396.781	-475.509	1799.271	404.794	-521.001	1824.543	0.000	0.000	0.000	104.518	46.707	1716.494	-0.020	35.494	1817.022	-6.950	-198.113	1983.556	-69.989	-450.233	2025.657	-82.597	-500.657	2034.078	0.000	0.000	0.000	302.805	-446.385	1904.133	212.991	-865.955	1943.736	261.757	-1213.491	2142.184	0.000	0.000	0.000	90.866	-445.142	1996.931	90.866	-876.041	1996.931	90.866	-1279.205	1996.931	0.000	0.000	0.000	
01470	2	0.000	0.000	0.000	79.612	220.290	1593.308	106.428	111.059	1643.219	176.861	-162.821	1846.957	205.094	-347.248	1897.372	123.839	43.357	1693.583	263.743	2.733	1615.526	333.624	-274.787	1599.377	395.096	-485.077	1743.964	407.391	-527.134	1772.882	0.000	0.000	0.000	123.839	43.357	1693.583	33.222	39.698	1806.920	44.400	-192.801	1974.194	-22.510	-441.035	2027.194	-35.892	-490.682	2037.793	0.000	0.000	0.000	325.814	-470.029	1911.386	232.114	-888.557	1937.020	281.261	-1236.570	2133.733	0.000	0.000	0.000	126.678	-467.229	1984.069	126.678	-896.884	1984.069	126.678	-1299.654	1984.069	0.000	0.000	0.000	
01471	2	0.000	0.000	0.000	90.447	216.803	1581.741	115.265	108.995	1632.120	187.551	-166.295	1834.423	216.253	-351.639	1887.273	133.101	41.071	1682.035	270.235	-0.393	1599.250	360.488	-272.221	1591.687	401.652	-500.143	1714.649	409.885	-545.727	1739.241	0.000	0.000	0.000	133.101	41.071	1682.035	52.063	39.210	1800.041	68.181	-188.622	1973.033	0.028	-435.089	2031.099	-13.603	-484.382	2042.712	0.000	0.000	0.000	333.643	-491.854	1911.325	236.747	-908.882	1941.702	267.669	-1252.511	2163.217	0.000	0.000	0.000	144.340	-496.201	1968.993	144.340	-925.413	1968.993	144.340	-1335.421	1968.993	0.000	0.000	0.000	
