00216	2	0.000	0.000	0.000	63.834	-72.710	956.369	28.372	-200.846	976.505	-19.258	-530.084	1069.125	-3.767	-724.315	988.792	16.366	-283.831	999.850	66.917	-266.944	1145.157	64.644	-557.222	1125.446	271.935	-645.240	1262.780	313.393	-662.844	1290.247	0.000	0.000	0.000	16.366	-283.831	999.850	-67.288	-324.352	877.039	-97.843	-613.584	885.180	-97.843	-877.360	885.180	-97.843	-985.215	885.180	0.000	0.000	0.000	61.215	-708.714	1097.142	61.215	-1140.514	1097.142	61.215	-1546.686	1097.142	0.000	0.000	0.000	-61.037	-743.989	989.595	-61.037	-1175.788	989.595	-61.037	-1581.960	989.595	0.000	0.000	0.000	
00217	2	0.000	0.000	0.000	65.226	-71.157	918.969	28.487	-197.470	939.372	-21.984	-535.715	990.935	22.529	-608.494	798.245	15.787	-282.582	952.346	2.024	-274.952	1107.916	88.550	-554.194	1123.800	273.433	-667.244	1274.136	310.410	-689.853	1304.204	0.000	0.000	0.000	15.787	-282.582	952.346	34.605	-339.954	817.832	-134.104	-577.506	846.502	-134.104	-841.254	846.502	-134.104	-949.095	846.502	0.000	0.000	0.000	111.930	-560.626	957.393	111.930	-992.369	957.393	111.930	-1398.489	957.393	0.000	0.000	0.000	-75.205	-658.625	897.144	-75.205	-1090.369	897.144	-75.205	-1496.488	897.144	0.000	0.000	0.000	
00218	2	0.000	0.000	0.000	66.396	-66.167	905.509	31.298	-191.516	919.280	1.394	-535.881	935.463	31.336	-488.901	732.244	23.777	-278.117	923.350	-13.242	-311.239	1059.894	104.589	-566.113	1139.952	282.108	-686.670	1293.275	317.612	-710.781	1323.940	0.000	0.000	0.000	23.777	-278.117	923.350	72.600	-339.921	808.106	72.600	-631.904	808.106	72.600	-895.637	808.106	72.600	-1003.471	808.106	0.000	0.000	0.000	108.877	-574.447	921.457	108.877	-1006.162	921.457	108.877	-1412.256	921.457	0.000	0.000	0.000	-85.803	-596.559	874.783	-85.803	-1028.275	874.783	-85.803	-1434.368	874.783	0.000	0.000	0.000	
00219	2	0.000	0.000	0.000	67.802	-58.777	895.007	35.320	-184.628	900.636	15.013	-530.197	897.156	45.856	-423.119	718.329	30.216	-271.490	899.761	-4.741	-283.380	1056.594	104.570	-539.252	1142.992	265.444	-686.312	1291.451	297.618	-715.724	1321.143	0.000	0.000	0.000	30.216	-271.490	899.761	-66.046	-312.340	805.272	-66.046	-603.688	805.272	-66.046	-867.406	805.272	-66.046	-975.233	805.272	0.000	0.000	0.000	104.260	-506.654	921.133	104.260	-938.342	921.133	104.260	-1344.409	921.133	0.000	0.000	0.000	-49.613	-581.526	850.558	-49.613	-1013.213	850.558	-49.613	-1419.280	850.558	0.000	0.000	0.000	
00220	2	0.000	0.000	0.000	69.341	-48.637	877.220	39.167	-173.937	873.364	29.032	-520.093	880.364	46.781	-444.631	684.469	36.622	-260.886	875.123	6.429	-260.108	1037.905	111.350	-508.481	1145.833	242.395	-685.286	1291.082	268.605	-720.648	1320.131	0.000	0.000	0.000	36.622	-260.886	875.123	-89.859	-305.183	832.162	-89.859	-595.606	832.162	-89.859	-859.292	832.162	-89.859	-967.105	832.162	0.000	0.000	0.000	32.777	-527.485	945.374	32.777	-959.116	945.374	32.777	-1365.130	945.374	0.000	0.000	0.000	-50.393	-542.390	904.090	-50.393	-974.021	904.090	-50.393	-1380.036	904.090	0.000	0.000	0.000	
00221	2	0.000	0.000	0.000	66.670	-51.761	862.634	42.092	-177.153	856.501	26.945	-518.966	911.336	-28.849	-625.626	738.483	38.290	-262.960	870.266	54.320	-236.229	1040.308	54.320	-525.827	1040.308	54.320	-789.464	1040.308	54.320	-897.256	1040.308	0.000	0.000	0.000	38.290	-262.960	870.266	-62.532	-339.856	859.054	-62.532	-629.453	859.054	-62.532	-893.090	859.054	-62.532	-1000.882	859.054	0.000	0.000	0.000	112.527	-621.242	872.718	112.527	-1052.790	872.718	112.527	-1458.725	872.718	0.000	0.000	0.000	-96.955	-603.516	895.021	-96.955	-1035.063	895.021	-96.955	-1440.998	895.021	0.000	0.000	0.000	
00222	2	0.000	0.000	0.000	66.098	-57.937	861.728	42.272	-182.741	854.208	-1.706	-519.075	925.233	-5.151	-618.047	739.392	31.236	-267.141	872.031	56.472	-241.542	1042.665	56.472	-530.587	1042.665	56.472	-794.157	1042.665	56.472	-901.922	1042.665	0.000	0.000	0.000	31.236	-267.141	872.031	-47.997	-358.714	861.948	-47.997	-647.760	861.948	-47.997	-911.330	861.948	-47.997	-1019.094	861.948	0.000	0.000	0.000	98.187	-629.550	844.336	98.187	-1060.985	844.336	98.187	-1466.815	844.336	0.000	0.000	0.000	-51.994	-661.765	902.587	-51.994	-1093.200	902.587	-51.994	-1499.030	902.587	0.000	0.000	0.000	
00223	2	0.000	0.000	0.000	65.632	-61.392	861.502	42.272	-186.118	854.099	-17.788	-520.498	922.459	15.747	-604.263	732.218	27.202	-270.021	871.252	54.794	-243.061	1044.931	54.794	-531.951	1044.931	54.794	-795.487	1044.931	54.794	-903.237	1044.931	0.000	0.000	0.000	27.202	-270.021	871.252	-90.094	-335.305	860.330	-90.094	-624.194	860.330	-90.094	-887.730	860.330	-90.094	-995.481	860.330	0.000	0.000	0.000	106.563	-608.615	824.634	106.563	-1039.994	824.634	106.563	-1445.771	824.634	0.000	0.000	0.000	-47.086	-652.500	907.541	-47.086	-1083.879	907.541	-47.086	-1489.656	907.541	0.000	0.000	0.000	
00224	2	0.000	0.000	0.000	64.627	-64.734	861.162	42.271	-189.598	854.081	-17.620	-524.418	920.344	16.111	-600.368	726.899	27.243	-273.608	870.707	53.377	-250.615	1044.460	53.377	-539.444	1044.460	53.377	-802.963	1044.460	53.377	-910.706	1044.460	0.000	0.000	0.000	27.243	-273.608	870.707	-108.197	-321.693	855.077	-108.197	-610.521	855.077	-108.197	-874.040	855.077	-108.197	-981.784	855.077	0.000	0.000	0.000	106.746	-605.587	822.202	106.746	-1036.938	822.202	106.746	-1442.689	822.202	0.000	0.000	0.000	-42.529	-639.519	923.000	-42.529	-1070.870	923.000	-42.529	-1476.621	923.000	0.000	0.000	0.000	
00225	2	0.000	0.000	0.000	61.763	-70.283	860.313	41.207	-195.534	857.728	-14.044	-532.767	915.028	12.196	-646.378	739.758	27.344	-280.146	872.104	45.837	-248.494	1047.894	45.837	-537.224	1047.894	45.837	-800.709	1047.894	45.837	-908.438	1047.894	0.000	0.000	0.000	27.344	-280.146	872.104	-112.195	-303.690	919.043	-112.195	-592.419	919.043	-112.195	-855.904	919.043	-112.195	-963.634	919.043	0.000	0.000	0.000	94.577	-644.814	824.403	94.577	-1076.109	824.403	94.577	-1481.807	824.403	0.000	0.000	0.000	-62.353	-677.165	884.593	-62.353	-1108.460	884.593	-62.353	-1514.158	884.593	0.000	0.000	0.000	
00226	2	0.000	0.000	0.000	56.648	-74.774	864.400	39.709	-200.555	864.017	-11.731	-539.608	913.490	6.985	-695.549	773.340	26.803	-285.622	876.429	40.479	-254.316	1054.938	40.479	-543.005	1054.938	40.479	-806.473	1054.938	40.479	-914.195	1054.938	0.000	0.000	0.000	26.803	-285.622	876.429	-113.686	-325.033	881.815	-113.686	-613.722	881.815	-113.686	-877.190	881.815	-113.686	-984.912	881.815	0.000	0.000	0.000	81.363	-689.757	828.131	81.363	-1121.024	828.131	81.363	-1526.696	828.131	0.000	0.000	0.000	-67.774	-698.029	904.824	-67.774	-1129.297	904.824	-67.774	-1534.968	904.824	0.000	0.000	0.000	
00227	2	0.000	0.000	0.000	41.726	-89.357	890.749	35.696	-212.724	884.097	-7.657	-554.773	917.984	-1.085	-751.716	844.033	24.819	-298.541	892.599	36.226	-261.459	1077.929	36.226	-550.080	1077.929	36.226	-813.514	1077.929	36.226	-921.222	1077.929	0.000	0.000	0.000	24.819	-298.541	892.599	-120.027	-337.942	879.931	-120.027	-626.562	879.931	-120.027	-889.996	879.931	-120.027	-997.704	879.931	0.000	0.000	0.000	76.016	-755.626	837.867	76.016	-1186.837	837.867	76.016	-1592.456	837.867	0.000	0.000	0.000	-50.982	-782.052	861.569	-50.982	-1213.263	861.569	-50.982	-1618.882	861.569	0.000	0.000	0.000	
00228	2	0.000	0.000	0.000	36.896	-93.742	905.332	31.917	-217.157	895.156	-6.309	-559.384	932.988	-2.253	-755.018	855.505	22.326	-303.018	904.647	33.402	-264.415	1085.815	33.402	-553.005	1085.815	33.402	-816.422	1085.815	33.402	-924.123	1085.815	0.000	0.000	0.000	22.326	-303.018	904.647	-130.464	-321.827	930.703	-130.464	-610.417	930.703	-130.464	-873.834	930.703	-130.464	-981.535	930.703	0.000	0.000	0.000	83.819	-763.692	843.351	83.819	-1194.875	843.351	83.819	-1600.468	843.351	0.000	0.000	0.000	-51.724	-788.486	836.117	-51.724	-1219.669	836.117	-51.724	-1625.261	836.117	0.000	0.000	0.000	
00229	2	0.000	0.000	0.000	34.260	-94.283	915.831	28.269	-218.019	904.985	-4.376	-559.010	956.532	-3.180	-751.926	872.457	20.079	-303.568	917.917	30.123	-265.602	1093.365	30.123	-554.165	1093.365	30.123	-817.565	1093.365	30.123	-925.259	1093.365	0.000	0.000	0.000	20.079	-303.568	917.917	-128.907	-307.573	975.909	-128.907	-596.136	975.909	-128.907	-859.536	975.909	-128.907	-967.230	975.909	0.000	0.000	0.000	81.411	-775.788	880.398	81.411	-1206.943	880.398	81.411	-1612.509	880.398	0.000	0.000	0.000	-70.446	-777.330	957.535	-70.446	-1208.485	957.535	-70.446	-1614.051	957.535	0.000	0.000	0.000	
00230	2	0.000	0.000	0.000	31.320	-92.165	933.588	21.688	-216.698	925.304	-0.386	-551.014	1013.136	-5.078	-748.406	940.405	16.150	-300.572	947.340	28.611	-275.641	1108.647	165.452	-464.412	938.708	47.346	-273.139	801.498	23.724	-234.884	774.056	0.000	0.000	0.000	16.150	-300.572	947.340	-135.565	-286.093	1012.440	-135.565	-574.606	1012.440	-135.565	-837.971	1012.440	-135.565	-945.651	1012.440	0.000	0.000	0.000	87.441	-730.937	887.406	87.441	-1162.036	887.406	87.441	-1567.549	887.406	0.000	0.000	0.000	-109.642	-733.529	1017.313	-109.642	-1164.628	1017.313	-109.642	-1570.141	1017.313	0.000	0.000	0.000	
00231	2	0.000	0.000	0.000	27.812	-84.430	960.141	17.835	-207.733	947.510	2.288	-536.642	1036.996	-5.555	-740.736	986.517	13.877	-291.485	970.296	26.948	-278.567	1125.613	124.827	-243.322	856.558	124.827	-510.596	856.558	124.827	-618.262	856.558	0.000	0.000	0.000	13.877	-291.485	970.296	-139.718	-286.143	1023.995	-139.718	-574.610	1023.995	-139.718	-841.884	1023.995	-139.718	-949.550	1023.995	0.000	0.000	0.000	103.412	-759.808	1008.263	103.412	-1190.850	1008.263	103.412	-1596.311	1008.263	0.000	0.000	0.000	-73.100	-796.065	1007.774	-73.100	-1227.108	1007.774	-73.100	-1632.569	1007.774	0.000	0.000	0.000	
00232	2	0.000	0.000	0.000	11.848	-73.754	992.074	13.236	-196.064	972.222	2.688	-519.044	1060.516	-4.750	-725.488	1020.794	10.501	-279.822	995.120	26.666	-273.796	1146.161	183.969	-483.590	1026.034	28.750	-350.424	851.847	-2.294	-323.791	817.010	0.000	0.000	0.000	10.501	-279.822	995.120	-141.182	-286.321	1039.200	-141.182	-574.745	1039.200	-141.182	-843.384	1039.200	-141.182	-951.036	1039.200	0.000	0.000	0.000	108.299	-751.373	1056.356	108.299	-1182.359	1056.356	108.299	-1587.768	1056.356	0.000	0.000	0.000	-74.927	-794.609	1064.530	-74.927	-1225.596	1064.530	-74.927	-1631.004	1064.530	0.000	0.000	0.000	
00233	2	0.000	0.000	0.000	5.231	-66.445	1002.993	10.561	-189.426	985.308	0.153	-512.453	1081.588	-6.421	-717.625	1035.678	7.880	-272.636	1010.109	42.848	-265.726	1157.369	196.576	-484.116	1048.510	36.401	-361.048	873.059	-28.042	-311.534	802.469	0.000	0.000	0.000	7.880	-272.636	1010.109	-146.005	-282.398	1042.861	-146.005	-570.801	1042.861	-146.005	-838.355	1042.861	-146.005	-946.000	1042.861	0.000	0.000	0.000	109.517	-737.806	1058.140	109.517	-1168.764	1058.140	109.517	-1574.146	1058.140	0.000	0.000	0.000	-89.249	-761.840	1099.445	-89.249	-1192.798	1099.445	-89.249	-1598.180	1099.445	0.000	0.000	0.000	
00234	2	0.000	0.000	0.000	-2.448	-53.491	1025.873	4.765	-177.512	1012.880	-7.887	-497.126	1129.428	-12.868	-700.060	1074.401	1.537	-259.057	1042.616	165.116	-251.225	940.350	165.116	-539.588	940.350	165.116	-805.569	940.350	165.116	-913.200	940.350	0.000	0.000	0.000	1.537	-259.057	1042.616	-152.990	-275.359	1056.991	-152.990	-563.723	1056.991	-152.990	-829.703	1056.991	-152.990	-937.334	1056.991	0.000	0.000	0.000	109.439	-681.665	1097.018	109.439	-1112.568	1097.018	109.439	-1517.897	1097.018	0.000	0.000	0.000	-113.925	-684.211	1151.030	-113.925	-1115.113	1151.030	-113.925	-1520.442	1151.030	0.000	0.000	0.000	
00235	2	0.000	0.000	0.000	-4.795	-48.106	1036.994	1.682	-172.322	1025.969	-10.172	-489.715	1151.639	-14.782	-693.519	1099.941	-1.332	-253.026	1057.923	160.574	-273.789	1055.562	160.574	-562.136	1055.562	160.574	-827.555	1055.562	160.574	-935.180	1055.562	0.000	0.000	0.000	-1.332	-253.026	1057.923	-155.640	-271.980	1067.633	-155.640	-560.326	1067.633	-155.640	-825.745	1067.633	-155.640	-933.370	1067.633	0.000	0.000	0.000	106.900	-666.594	1125.946	106.900	-1097.472	1125.946	106.900	-1502.779	1125.946	0.000	0.000	0.000	-116.522	-688.100	1168.070	-116.522	-1118.978	1168.070	-116.522	-1524.285	1168.070	0.000	0.000	0.000	
00236	2	0.000	0.000	0.000	-6.624	-43.014	1048.439	-0.969	-167.307	1038.485	-11.691	-484.250	1167.814	-15.771	-689.373	1121.618	-3.688	-247.680	1071.281	157.650	-271.638	1059.991	157.650	-559.971	1059.991	157.650	-824.941	1059.991	157.650	-932.561	1059.991	0.000	0.000	0.000	-3.688	-247.680	1071.281	-158.068	-268.408	1078.563	-158.068	-556.741	1078.563	-158.068	-821.710	1078.563	-158.068	-929.331	1078.563	0.000	0.000	0.000	103.390	-670.754	1149.367	103.390	-1101.613	1149.367	103.390	-1506.902	1149.367	0.000	0.000	0.000	-119.921	-688.584	1179.767	-119.921	-1119.443	1179.767	-119.921	-1524.732	1179.767	0.000	0.000	0.000	
00237	2	0.000	0.000	0.000	-14.906	-30.493	1088.281	-10.388	-153.388	1072.295	-13.780	-465.000	1203.299	-16.455	-673.905	1179.426	-11.259	-233.439	1105.949	148.834	-257.808	1093.015	214.014	-533.175	1148.198	214.014	-797.267	1148.198	214.014	-904.878	1148.198	0.000	0.000	0.000	-11.259	-233.439	1105.949	-167.472	-258.770	1102.354	-205.282	-543.940	1083.135	-205.282	-808.032	1083.135	-205.282	-915.643	1083.135	0.000	0.000	0.000	100.969	-659.931	1197.104	100.969	-1090.753	1197.104	100.969	-1496.006	1197.104	0.000	0.000	0.000	-120.684	-658.620	1236.800	-120.684	-1089.442	1236.800	-120.684	-1494.695	1236.800	0.000	0.000	0.000	
00238	2	0.000	0.000	0.000	-17.516	-24.165	1096.641	-12.380	-147.690	1084.888	-14.545	-459.429	1214.887	-16.527	-669.114	1199.230	-12.936	-227.838	1118.311	148.136	-248.832	1110.014	210.718	-525.208	1163.086	210.718	-789.117	1163.086	210.718	-896.726	1163.086	0.000	0.000	0.000	-12.936	-227.838	1118.311	-170.635	-252.087	1111.015	-203.801	-538.319	1101.611	-203.801	-802.228	1101.611	-203.801	-909.837	1101.611	0.000	0.000	0.000	99.845	-658.511	1215.044	99.845	-1089.325	1215.044	99.845	-1494.571	1215.044	0.000	0.000	0.000	-123.573	-668.339	1246.381	-123.573	-1099.153	1246.381	-123.573	-1504.398	1246.381	0.000	0.000	0.000	
00239	2	0.000	0.000	0.000	-20.438	-12.373	1115.571	-14.712	-136.704	1106.103	-15.203	-450.899	1236.103	-15.332	-660.726	1222.427	-14.837	-216.944	1139.302	146.301	-237.650	1124.633	207.888	-516.120	1166.753	207.888	-779.763	1166.753	207.888	-887.370	1166.753	0.000	0.000	0.000	-14.837	-216.944	1139.302	-173.060	-240.758	1129.708	-203.688	-527.385	1125.320	-203.688	-791.029	1125.320	-203.688	-898.635	1125.320	0.000	0.000	0.000	102.652	-659.194	1240.695	102.652	-1089.997	1240.695	102.652	-1495.232	1240.695	0.000	0.000	0.000	-124.429	-679.122	1264.409	-124.429	-1109.925	1264.409	-124.429	-1515.160	1264.409	0.000	0.000	0.000	
00240	2	0.000	0.000	0.000	-22.566	-1.714	1140.952	-15.856	-125.826	1129.709	-15.334	-443.440	1259.947	-12.986	-653.494	1250.742	-15.724	-206.170	1162.654	144.544	-227.718	1148.970	202.040	-508.057	1183.812	202.040	-771.530	1183.812	202.040	-879.135	1183.812	0.000	0.000	0.000	-15.724	-206.170	1162.654	-175.456	-226.941	1157.723	-211.453	-510.068	1198.379	-211.453	-773.542	1198.379	-211.453	-881.146	1198.379	0.000	0.000	0.000	104.183	-659.764	1280.066	104.183	-1090.559	1280.066	104.183	-1495.788	1280.066	0.000	0.000	0.000	-108.774	-697.078	1307.994	-108.774	-1127.873	1307.994	-108.774	-1533.101	1307.994	0.000	0.000	0.000	
00241	2	0.000	0.000	0.000	-23.061	2.352	1153.838	-16.113	-121.653	1143.866	-15.298	-440.972	1272.828	-11.742	-651.148	1267.781	-15.907	-202.169	1176.384	143.621	-226.235	1153.820	197.405	-505.440	1201.368	197.405	-768.853	1201.368	197.405	-876.457	1201.368	0.000	0.000	0.000	-15.907	-202.169	1176.384	-175.195	-223.402	1173.723	-221.705	-502.641	1228.229	-221.705	-766.055	1228.229	-221.705	-873.659	1228.229	0.000	0.000	0.000	106.725	-660.637	1293.733	106.725	-1091.430	1293.733	106.725	-1496.656	1293.733	0.000	0.000	0.000	-105.120	-707.789	1318.615	-105.120	-1138.582	1318.615	-105.120	-1543.808	1318.615	0.000	0.000	0.000	
00242	2	0.000	0.000	0.000	-23.087	5.602	1168.050	-16.134	-118.032	1156.622	-14.114	-438.098	1286.370	-8.484	-648.281	1284.621	-15.626	-198.505	1189.244	145.133	-219.399	1172.885	195.677	-500.400	1212.776	195.677	-763.765	1212.776	195.677	-871.368	1212.776	0.000	0.000	0.000	-15.626	-198.505	1189.244	-176.675	-217.259	1187.067	-226.536	-494.532	1248.236	-226.536	-757.897	1248.236	-226.536	-865.500	1248.236	0.000	0.000	0.000	110.710	-661.225	1309.362	110.710	-1092.016	1309.362	110.710	-1497.240	1309.362	0.000	0.000	0.000	-103.732	-707.645	1331.938	-103.732	-1138.436	1331.938	-103.732	-1543.660	1331.938	0.000	0.000	0.000	
00243	2	0.000	0.000	0.000	-21.600	11.602	1197.156	-14.870	-111.603	1183.638	-4.468	-432.780	1316.477	3.398	-642.896	1315.477	-12.273	-191.809	1216.811	145.809	-215.241	1188.500	198.729	-495.242	1232.150	198.729	-758.538	1232.150	198.729	-866.140	1232.150	0.000	0.000	0.000	-12.273	-191.809	1216.811	-174.039	-211.300	1219.808	-224.065	-489.129	1278.246	-224.065	-752.425	1278.246	-224.065	-860.027	1278.246	0.000	0.000	0.000	117.729	-676.702	1341.398	117.729	-1107.490	1341.398	117.729	-1512.710	1341.398	0.000	0.000	0.000	-86.474	-711.778	1362.413	-86.474	-1142.566	1362.413	-86.474	-1547.787	1362.413	0.000	0.000	0.000	
00244	2	0.000	0.000	0.000	-18.847	14.777	1212.827	-12.789	-108.583	1200.068	0.012	-430.498	1333.563	8.062	-640.591	1336.298	-9.601	-188.740	1233.308	149.086	-208.264	1220.267	199.386	-490.412	1251.390	199.386	-753.683	1251.390	199.386	-861.285	1251.390	0.000	0.000	0.000	-9.601	-188.740	1233.308	-172.673	-207.439	1234.887	-222.778	-484.762	1295.612	-222.778	-748.033	1295.612	-222.778	-855.635	1295.612	0.000	0.000	0.000	120.960	-683.216	1363.238	120.960	-1114.002	1363.238	120.960	-1519.222	1363.238	0.000	0.000	0.000	-81.303	-713.733	1382.891	-81.303	-1144.520	1382.891	-81.303	-1549.740	1382.891	0.000	0.000	0.000	
00245	2	0.000	0.000	0.000	-8.713	20.129	1253.114	-4.527	-103.005	1233.637	5.686	-427.837	1365.438	12.858	-637.939	1369.532	-1.998	-183.434	1266.271	158.765	-200.354	1253.009	202.774	-478.871	1291.493	202.774	-742.106	1291.493	202.774	-849.708	1291.493	0.000	0.000	0.000	-1.998	-183.434	1266.271	-166.452	-199.374	1265.418	-217.046	-473.315	1323.609	-217.046	-736.550	1323.609	-217.046	-844.152	1323.609	0.000	0.000	0.000	125.031	-688.781	1397.713	125.031	-1119.566	1397.713	125.031	-1524.784	1397.713	0.000	0.000	0.000	-80.999	-718.227	1401.902	-80.999	-1149.012	1401.902	-80.999	-1554.231	1401.902	0.000	0.000	0.000	
00246	2	0.000	0.000	0.000	-2.541	26.418	1266.335	0.584	-97.016	1248.594	7.561	-423.409	1379.602	14.143	-633.482	1385.647	2.306	-177.585	1280.933	163.112	-196.736	1259.860	209.873	-470.994	1306.206	209.873	-734.217	1306.206	209.873	-841.818	1306.206	0.000	0.000	0.000	2.306	-177.585	1280.933	-161.228	-195.616	1272.705	-207.960	-467.810	1329.963	-207.960	-731.032	1329.963	-207.960	-838.634	1329.963	0.000	0.000	0.000	128.112	-684.605	1414.667	128.112	-1115.390	1414.667	128.112	-1520.608	1414.667	0.000	0.000	0.000	-80.190	-715.948	1421.654	-80.190	-1146.732	1421.654	-80.190	-1551.950	1421.654	0.000	0.000	0.000	
00247	2	0.000	0.000	0.000	18.309	50.462	1307.164	22.440	-73.739	1299.957	14.857	-398.710	1434.140	19.131	-608.746	1442.935	20.568	-153.982	1333.090	180.639	-180.240	1311.824	240.436	-450.559	1352.852	290.943	-699.580	1421.485	311.592	-801.386	1449.544	0.000	0.000	0.000	20.568	-153.982	1333.090	-139.467	-172.519	1323.171	-177.112	-443.335	1382.941	-177.112	-706.534	1382.941	-177.112	-814.135	1382.941	0.000	0.000	0.000	131.279	-653.145	1480.432	131.279	-1083.929	1480.432	131.279	-1489.146	1480.432	0.000	0.000	0.000	-87.371	-669.469	1476.346	-87.371	-1100.253	1476.346	-87.371	-1505.470	1476.346	0.000	0.000	0.000	
00248	2	0.000	0.000	0.000	33.930	74.258	1342.499	33.325	-50.474	1329.338	30.511	-371.523	1473.145	32.904	-581.338	1486.644	32.630	-129.718	1364.834	189.817	-157.423	1350.944	253.697	-425.387	1392.094	323.021	-670.816	1469.847	336.885	-719.902	1485.397	0.000	0.000	0.000	32.630	-129.718	1364.834	-127.558	-152.276	1341.491	-177.365	-417.782	1409.350	-177.365	-684.402	1409.350	-177.365	-792.003	1409.350	0.000	0.000	0.000	141.669	-642.385	1525.416	141.669	-1073.168	1525.416	141.669	-1478.385	1525.416	0.000	0.000	0.000	-78.621	-646.477	1506.428	-78.621	-1077.260	1506.428	-78.621	-1482.477	1506.428	0.000	0.000	0.000	
00249	2	0.000	0.000	0.000	59.608	105.916	1392.270	52.333	-19.512	1380.615	42.979	-343.458	1517.670	43.270	-548.362	1540.087	50.025	-99.454	1414.437	201.529	-136.311	1392.038	263.968	-393.858	1463.628	332.691	-636.780	1543.991	346.435	-685.364	1560.064	0.000	0.000	0.000	50.025	-99.454	1414.437	-107.528	-121.857	1381.947	-173.973	-382.242	1437.980	-173.973	-647.179	1437.980	-173.973	-754.781	1437.980	0.000	0.000	0.000	137.533	-625.310	1597.880	137.533	-1056.093	1597.880	137.533	-1461.309	1597.880	0.000	0.000	0.000	-65.799	-613.405	1576.959	-65.799	-1044.188	1576.959	-65.799	-1449.405	1576.959	0.000	0.000	0.000	
00250	2	0.000	0.000	0.000	65.860	113.913	1407.696	58.096	-11.932	1395.883	45.159	-333.008	1536.785	44.542	-534.490	1561.514	54.895	-91.392	1430.753	208.223	-124.323	1421.442	265.086	-384.909	1485.706	340.832	-624.534	1568.454	355.981	-672.459	1585.004	0.000	0.000	0.000	54.895	-91.392	1430.753	-101.057	-113.748	1384.634	-172.445	-370.532	1449.703	-172.445	-635.117	1449.703	-172.445	-742.718	1449.703	0.000	0.000	0.000	138.114	-617.156	1619.443	138.114	-1047.938	1619.443	138.114	-1453.155	1619.443	0.000	0.000	0.000	-67.370	-602.235	1590.134	-67.370	-1033.018	1590.134	-67.370	-1438.234	1590.134	0.000	0.000	0.000	
00251	2	0.000	0.000	0.000	70.337	121.500	1418.664	63.521	-4.441	1406.496	47.259	-321.562	1555.912	46.247	-524.716	1578.857	59.497	-82.908	1443.467	209.340	-120.502	1437.314	266.253	-378.955	1504.970	336.425	-611.913	1608.228	350.459	-658.505	1628.879	0.000	0.000	0.000	59.497	-82.908	1443.467	-95.126	-105.943	1391.953	-166.908	-358.781	1466.350	-166.908	-623.083	1466.350	-166.908	-730.684	1466.350	0.000	0.000	0.000	146.452	-589.599	1639.099	146.452	-1020.381	1639.099	146.452	-1425.598	1639.099	0.000	0.000	0.000	-66.420	-587.911	1609.547	-66.420	-1018.694	1609.547	-66.420	-1423.910	1609.547	0.000	0.000	0.000	
00252	2	0.000	0.000	0.000	77.556	130.603	1448.212	68.981	5.908	1429.190	50.410	-312.512	1576.567	49.999	-517.673	1600.403	64.391	-72.784	1465.612	215.015	-87.932	1497.523	262.149	-358.268	1533.158	324.624	-567.040	1681.993	337.119	-608.795	1711.760	0.000	0.000	0.000	64.391	-72.784	1465.612	-84.746	-97.831	1409.002	-156.699	-355.468	1479.848	-156.699	-619.363	1479.848	-156.699	-726.964	1479.848	0.000	0.000	0.000	144.128	-569.876	1665.407	144.128	-1000.659	1665.407	144.128	-1405.875	1665.407	0.000	0.000	0.000	-57.658	-573.566	1633.805	-57.658	-1004.349	1633.805	-57.658	-1409.565	1633.805	0.000	0.000	0.000	
00253	2	0.000	0.000	0.000	79.225	136.014	1465.379	70.043	11.776	1440.024	51.057	-308.032	1582.711	51.438	-513.984	1606.192	65.342	-67.406	1475.353	208.182	-63.858	1539.962	257.645	-340.028	1545.227	335.356	-540.631	1697.817	350.898	-580.752	1728.335	0.000	0.000	0.000	65.342	-67.406	1475.353	-82.023	-95.467	1427.168	-152.125	-359.843	1489.899	-152.125	-623.594	1489.899	-152.125	-731.195	1489.899	0.000	0.000	0.000	158.084	-540.035	1656.588	158.084	-970.818	1656.588	158.084	-1376.034	1656.588	0.000	0.000	0.000	-60.990	-552.221	1633.058	-60.990	-983.004	1633.058	-60.990	-1388.220	1633.058	0.000	0.000	0.000	
00254	2	0.000	0.000	0.000	80.487	152.474	1490.285	70.710	26.157	1462.246	51.012	-292.767	1600.253	52.402	-500.223	1619.561	65.796	-53.408	1496.676	211.758	-51.415	1554.953	238.854	-335.041	1576.960	182.921	-90.692	1495.598	171.734	-41.822	1479.326	0.000	0.000	0.000	65.796	-53.408	1496.676	-77.042	-82.364	1432.262	-140.741	-355.347	1487.803	-140.741	-618.889	1487.803	-140.741	-726.491	1487.803	0.000	0.000	0.000	147.129	-528.925	1675.972	147.129	-959.708	1675.972	147.129	-1364.924	1675.972	0.000	0.000	0.000	-52.033	-534.482	1648.867	-52.033	-965.265	1648.867	-52.033	-1370.481	1648.867	0.000	0.000	0.000	
00255	2	0.000	0.000	0.000	80.453	160.527	1500.494	70.719	33.175	1474.058	50.263	-283.194	1610.568	51.534	-491.242	1627.482	65.573	-46.413	1508.399	209.940	-36.562	1574.605	76.509	-241.563	1723.334	265.075	-321.766	1557.726	302.788	-337.807	1524.604	0.000	0.000	0.000	65.573	-46.413	1508.399	-76.102	-75.112	1441.303	-137.186	-350.515	1490.005	-137.186	-613.983	1490.005	-137.186	-721.584	1490.005	0.000	0.000	0.000	143.676	-523.322	1681.320	143.676	-954.104	1681.320	143.676	-1359.321	1681.320	0.000	0.000	0.000	-42.146	-534.224	1666.153	-42.146	-965.007	1666.153	-42.146	-1370.223	1666.153	0.000	0.000	0.000	
00256	2	0.000	0.000	0.000	74.491	172.604	1528.704	70.672	44.084	1501.567	51.191	-268.933	1643.996	50.973	-476.507	1670.713	65.761	-34.826	1537.472	212.960	-41.144	1579.467	223.460	-325.864	1613.943	289.194	-581.205	1643.916	302.341	-632.273	1649.910	0.000	0.000	0.000	65.761	-34.826	1537.472	-70.257	-66.051	1461.725	-126.652	-345.838	1491.781	-161.278	-561.625	1642.300	-175.318	-649.123	1703.332	0.000	0.000	0.000	149.027	-516.438	1720.149	149.027	-947.221	1720.149	149.027	-1352.437	1720.149	0.000	0.000	0.000	-47.973	-527.180	1705.697	-47.973	-957.962	1705.697	-47.973	-1363.178	1705.697	0.000	0.000	0.000	
00257	2	0.000	0.000	0.000	66.300	177.563	1539.092	70.637	48.547	1515.393	52.066	-263.391	1664.004	51.298	-470.451	1695.760	65.977	-29.731	1552.686	207.272	-13.990	1619.431	218.727	-300.880	1628.096	277.003	-549.495	1698.668	300.673	-650.471	1727.331	0.000	0.000	0.000	65.977	-29.731	1552.686	-68.830	-62.722	1475.745	-118.172	-345.260	1491.547	-156.913	-554.599	1649.225	-172.647	-639.623	1713.267	0.000	0.000	0.000	148.053	-517.652	1748.161	148.053	-948.435	1748.161	148.053	-1353.651	1748.161	0.000	0.000	0.000	-49.368	-529.898	1723.065	-49.368	-960.681	1723.065	-49.368	-1365.897	1723.065	0.000	0.000	0.000	
00258	2	0.000	0.000	0.000	42.313	182.924	1568.787	63.107	54.612	1558.615	51.962	-265.773	1699.514	51.412	-473.641	1727.637	60.343	-24.834	1593.554	208.930	-44.480	1599.773	238.941	-313.768	1696.253	280.740	-569.751	1757.368	297.619	-673.115	1782.047	0.000	0.000	0.000	60.343	-24.834	1593.554	-68.643	-56.351	1502.876	-112.189	-340.566	1495.737	-158.225	-545.177	1660.129	-176.814	-627.797	1726.509	0.000	0.000	0.000	148.915	-522.726	1775.389	148.915	-953.508	1775.389	148.915	-1358.725	1775.389	0.000	0.000	0.000	-53.228	-530.634	1733.729	-53.228	-961.417	1733.729	-53.228	-1366.633	1733.729	0.000	0.000	0.000	
00259	2	0.000	0.000	0.000	29.183	184.187	1583.258	51.979	56.393	1579.681	50.869	-270.047	1709.996	51.252	-478.431	1734.862	51.704	-24.252	1611.874	199.682	-40.087	1620.891	231.327	-312.580	1707.766	263.757	-573.802	1760.950	276.751	-678.468	1782.260	0.000	0.000	0.000	51.704	-24.252	1611.874	-79.595	-55.068	1524.112	-112.091	-339.734	1497.469	-158.429	-545.776	1663.353	-176.996	-628.332	1729.819	0.000	0.000	0.000	147.608	-523.741	1781.659	147.608	-954.524	1781.659	147.608	-1359.740	1781.659	0.000	0.000	0.000	-54.688	-526.171	1738.188	-54.688	-956.953	1738.188	-54.688	-1362.169	1738.188	0.000	0.000	0.000	
00260	2	0.000	0.000	0.000	3.214	184.960	1601.503	28.126	57.976	1605.702	40.338	-268.761	1734.202	45.782	-477.435	1757.185	31.144	-22.784	1637.463	165.877	-29.645	1687.092	222.165	-300.702	1766.274	258.148	-567.582	1753.015	272.509	-674.089	1747.723	0.000	0.000	0.000	31.144	-22.784	1637.463	-103.949	-61.602	1566.528	-110.131	-341.746	1500.263	-152.955	-537.287	1680.888	-170.045	-615.324	1752.972	0.000	0.000	0.000	130.433	-523.652	1820.793	130.433	-954.435	1820.793	130.433	-1359.651	1820.793	0.000	0.000	0.000	-57.867	-520.939	1784.313	-57.867	-951.722	1784.313	-57.867	-1356.938	1784.313	0.000	0.000	0.000	
00261	2	0.000	0.000	0.000	-7.504	185.639	1607.163	16.198	58.791	1617.419	30.624	-264.634	1750.785	38.353	-469.075	1776.465	19.775	-21.417	1650.494	151.680	-6.465	1721.477	215.591	-284.015	1764.263	251.873	-551.730	1742.589	266.277	-658.015	1733.984	0.000	0.000	0.000	19.775	-21.417	1650.494	-113.047	-67.012	1587.230	-112.781	-343.231	1505.671	-152.640	-546.636	1680.301	-168.465	-627.389	1749.631	0.000	0.000	0.000	121.670	-522.809	1842.456	121.670	-953.592	1842.456	121.670	-1358.808	1842.456	0.000	0.000	0.000	-63.933	-517.451	1812.452	-63.933	-948.234	1812.452	-63.933	-1353.450	1812.452	0.000	0.000	0.000	
00262	2	0.000	0.000	0.000	-34.015	194.535	1621.995	-6.928	68.960	1642.675	11.587	-249.753	1787.042	15.665	-449.299	1820.305	-2.340	-10.027	1678.453	131.648	12.907	1750.805	189.674	-268.058	1724.414	226.647	-529.370	1772.177	241.480	-634.207	1791.339	0.000	0.000	0.000	-2.340	-10.027	1678.453	-133.943	-60.394	1608.435	-130.542	-341.805	1546.781	-140.498	-564.629	1695.719	-144.493	-654.025	1755.472	0.000	0.000	0.000	110.852	-525.508	1866.135	122.261	-940.929	1985.193	-25.368	-1239.961	2221.589	0.000	0.000	0.000	-86.746	-520.879	1851.669	-86.746	-953.174	1851.669	-86.746	-1361.950	1851.669	0.000	0.000	0.000	
00263	2	0.000	0.000	0.000	-48.299	201.528	1627.639	-16.515	76.404	1652.865	6.438	-239.322	1806.356	10.017	-437.563	1838.397	-10.850	-1.523	1690.749	125.469	16.684	1756.216	182.816	-265.082	1737.658	239.998	-514.795	1826.148	262.699	-613.933	1861.280	0.000	0.000	0.000	-10.850	-1.523	1690.749	-139.295	-57.136	1614.139	-142.060	-339.224	1555.454	-140.878	-559.616	1713.197	-140.409	-647.113	1775.823	0.000	0.000	0.000	107.145	-521.973	1880.503	112.537	-932.749	2014.114	-53.334	-1221.168	2250.370	0.000	0.000	0.000	-90.820	-519.547	1871.662	-90.820	-951.540	1871.662	-90.820	-1359.604	1871.662	0.000	0.000	0.000	
00264	2	0.000	0.000	0.000	-61.198	208.798	1630.992	-27.101	86.158	1660.038	0.932	-226.509	1819.714	6.872	-423.894	1848.382	-20.190	9.071	1699.406	107.773	24.149	1769.377	158.957	-255.066	1719.781	237.374	-472.149	1864.150	268.367	-557.948	1921.210	0.000	0.000	0.000	-20.190	9.071	1699.406	-149.801	-47.188	1626.059	-147.633	-329.614	1568.860	-139.454	-556.914	1718.473	-136.221	-646.752	1777.605	0.000	0.000	0.000	108.168	-503.135	1877.318	91.818	-900.381	2045.656	-51.551	-1223.683	2248.072	0.000	0.000	0.000	-94.008	-506.724	1861.777	16.513	-902.069	1995.554	16.513	-1309.563	1995.554	0.000	0.000	0.000	
00265	2	0.000	0.000	0.000	-86.142	230.005	1637.424	-47.442	107.023	1668.064	-14.117	-195.596	1841.018	0.138	-397.612	1859.961	-39.178	31.976	1710.955	91.814	37.622	1765.460	130.015	-247.953	1758.307	195.518	-443.274	1936.188	221.413	-520.490	2006.509	0.000	0.000	0.000	-39.178	31.976	1710.955	-158.729	-35.250	1635.370	-158.187	-321.618	1602.866	-133.091	-575.075	1698.846	-123.170	-675.274	1736.789	0.000	0.000	0.000	105.035	-450.089	1882.723	87.977	-834.682	2090.837	14.306	-1215.774	2212.185	0.000	0.000	0.000	-112.018	-438.056	1865.587	-1.320	-822.103	2043.825	-1.320	-1228.776	2043.825	0.000	0.000	0.000	
00266	2	0.000	0.000	0.000	-100.728	242.778	1646.376	-63.871	120.646	1673.240	-25.625	-169.878	1857.409	-9.871	-374.321	1875.803	-54.276	47.756	1719.447	70.422	31.313	1762.242	121.671	-252.088	1773.904	179.832	-461.290	1932.583	203.102	-544.992	1996.069	0.000	0.000	0.000	-54.276	47.756	1719.447	-157.948	-33.540	1637.010	-178.439	-320.505	1619.412	-119.898	-579.614	1661.398	-96.476	-683.283	1678.196	0.000	0.000	0.000	98.146	-437.069	1885.339	25.018	-815.095	2099.595	-0.174	-1206.216	2216.186	0.000	0.000	0.000	-123.270	-422.240	1870.248	5.338	-780.192	2092.705	102.104	-1175.429	2133.051	0.000	0.000	0.000	
00267	2	0.000	0.000	0.000	-126.429	254.197	1669.040	-81.323	136.767	1676.407	-53.565	-151.213	1859.889	-47.202	-357.236	1887.895	-74.287	63.775	1722.913	16.206	65.718	1818.031	17.369	-210.441	1735.410	123.849	-418.150	1863.241	166.902	-502.132	1914.927	0.000	0.000	0.000	-74.287	63.775	1722.913	-155.644	-33.666	1669.608	-198.129	-311.514	1605.683	-198.129	-577.638	1605.683	-198.129	-685.239	1605.683	0.000	0.000	0.000	64.867	-435.359	1899.715	-15.510	-832.747	2069.683	-27.761	-1210.849	2220.094	0.000	0.000	0.000	-148.740	-449.926	1875.810	-73.775	-864.695	2000.762	84.335	-1163.539	2227.540	0.000	0.000	0.000	
00268	2	0.000	0.000	0.000	-133.103	252.258	1678.401	-84.891	138.180	1681.465	-61.751	-152.650	1867.855	-57.995	-359.389	1894.351	-79.087	65.236	1728.215	-1.021	73.109	1837.872	-65.282	-149.150	1665.506	57.351	-344.151	1797.581	107.046	-423.170	1851.101	0.000	0.000	0.000	-79.087	65.236	1728.215	-158.884	-34.508	1702.335	-158.884	-323.019	1702.335	-158.884	-588.553	1702.335	-158.884	-696.154	1702.335	0.000	0.000	0.000	55.642	-436.992	1904.805	55.642	-874.845	1904.805	55.642	-1281.572	1904.805	0.000	0.000	0.000	-153.543	-463.777	1882.409	-34.450	-864.930	2011.284	65.525	-1182.065	2245.501	0.000	0.000	0.000	
00269	2	0.000	0.000	0.000	-139.602	254.509	1684.815	-88.593	143.445	1682.273	-66.274	-147.099	1872.346	-62.842	-353.976	1900.588	-83.023	70.929	1729.712	11.634	54.969	1818.610	-105.459	-133.420	1630.532	23.693	-298.937	1792.339	76.123	-366.128	1858.024	0.000	0.000	0.000	-83.023	70.929	1729.712	-149.320	-37.530	1686.944	-149.320	-328.347	1686.944	-149.320	-593.408	1686.944	-149.320	-701.010	1686.944	0.000	0.000	0.000	54.491	-423.831	1911.034	54.491	-860.270	1911.034	54.491	-1266.695	1911.034	0.000	0.000	0.000	-163.201	-454.763	1904.279	-5.049	-849.923	2000.795	-41.571	-1176.468	2239.992	0.000	0.000	0.000	
00270	2	0.000	0.000	0.000	-150.124	263.785	1699.966	-93.984	158.785	1686.962	-66.532	-120.726	1881.253	-63.576	-323.298	1909.036	-87.004	87.715	1736.363	16.645	27.292	1770.195	-127.730	-171.855	1614.973	10.595	-248.511	1826.839	66.892	-279.710	1913.068	0.000	0.000	0.000	-87.004	87.715	1736.363	-124.984	-28.845	1704.024	-124.984	-319.702	1704.024	-124.984	-584.084	1704.024	-124.984	-691.685	1704.024	0.000	0.000	0.000	56.284	-385.421	1902.069	56.284	-819.823	1902.069	56.284	-1225.813	1902.069	0.000	0.000	0.000	-141.146	-430.243	1968.386	-12.779	-838.120	1891.811	-32.209	-1135.034	2168.022	0.000	0.000	0.000	
00271	2	0.000	0.000	0.000	-154.694	269.388	1706.161	-97.263	166.059	1692.312	-67.442	-107.153	1888.215	-63.502	-306.766	1923.911	-89.591	95.767	1742.714	-46.849	18.178	1804.700	-99.216	-192.872	1612.309	-177.474	-389.136	1770.819	-209.353	-469.087	1835.391	0.000	0.000	0.000	-89.591	95.767	1742.714	-120.073	-22.408	1723.958	-120.073	-312.750	1723.958	-120.073	-576.889	1723.958	-120.073	-684.490	1723.958	0.000	0.000	0.000	44.931	-404.192	1937.790	44.931	-837.871	1937.790	44.931	-1243.706	1937.790	0.000	0.000	0.000	-129.375	-428.698	1989.250	-21.031	-841.488	1912.158	-32.315	-1144.170	2182.266	0.000	0.000	0.000	
00272	2	0.000	0.000	0.000	-169.012	272.160	1720.218	-107.601	169.135	1722.154	-70.673	-109.382	1911.683	-63.908	-307.024	1953.928	-98.140	97.774	1770.715	-0.261	6.266	1724.089	-89.136	-255.712	1638.439	-176.428	-450.969	1792.843	-212.035	-530.615	1855.825	0.000	0.000	0.000	-98.140	97.774	1770.715	-120.808	100.563	1904.295	-120.808	-189.036	1904.295	-120.808	-452.827	1904.295	-120.808	-560.428	1904.295	0.000	0.000	0.000	43.737	-414.177	1965.670	43.737	-846.813	1965.670	43.737	-1252.425	1965.670	0.000	0.000	0.000	-152.600	-433.955	1973.711	-25.775	-827.296	2101.665	-34.802	-1200.063	2261.304	0.000	0.000	0.000	
00273	4	0.000	0.000	0.000	-210.418	256.907	1808.864	-171.057	159.772	1875.976	-72.776	-96.960	2089.125	-32.535	-293.309	2149.753	-146.523	95.685	1929.183	-0.473	60.901	1890.557	102.344	-197.903	1965.628	100.635	-458.940	1999.555	99.936	-565.642	2013.424	0.000	0.000	0.000	-146.523	95.685	1929.183	-257.055	65.977	2027.283	-257.055	-222.443	2027.283	-257.055	-485.682	2027.283	-257.055	-593.283	2027.283	0.000	0.000	0.000	92.971	-431.543	2166.550	92.971	-863.402	2166.550	92.971	-1268.661	2166.550	0.000	0.000	0.000	-78.601	-436.553	2260.840	-78.601	-868.412	2260.840	-78.601	-1273.670	2260.840	0.000	0.000	0.000	
00274	4	0.000	0.000	0.000	-207.968	234.497	1803.958	-166.441	147.282	1880.872	-78.051	-100.652	2107.331	-41.521	-286.576	2188.813	-144.337	85.280	1937.503	10.324	58.286	1896.744	119.900	-181.705	2014.200	151.015	-432.946	2086.253	163.735	-535.653	2115.709	0.000	0.000	0.000	-144.337	85.280	1937.503	-250.567	44.062	2028.136	-250.567	-244.726	2028.136	-250.567	-507.941	2028.136	-250.567	-615.542	2028.136	0.000	0.000	0.000	85.948	-455.091	2271.088	18.157	-858.392	2133.536	18.157	-1263.635	2133.536	0.000	0.000	0.000	-82.160	-460.339	2325.594	-82.160	-891.811	2325.594	-82.160	-1297.054	2325.594	0.000	0.000	0.000	
00275	4	0.000	0.000	0.000	-117.104	169.034	1807.131	-103.395	90.522	1901.970	-44.063	-141.447	2160.106	-16.960	-318.189	2264.306	-88.762	33.312	1965.633	69.398	-1.171	1958.768	198.668	-231.569	2076.055	255.860	-383.878	2285.081	279.093	-445.750	2369.993	0.000	0.000	0.000	-88.762	33.312	1965.633	-211.919	-6.836	2044.218	-211.919	-295.887	2044.218	-211.919	-560.765	2044.218	-211.919	-668.366	2044.218	0.000	0.000	0.000	102.854	-477.589	2381.306	102.854	-908.552	2381.306	102.854	-1313.775	2381.306	0.000	0.000	0.000	-82.599	-486.745	2403.278	-82.599	-917.708	2403.278	-82.599	-1322.931	2403.278	0.000	0.000	0.000	
