01359	1	0.000	0.000	0.000	-82.895	173.308	2497.123	-93.166	82.556	2547.783	-37.135	-144.826	2673.973	-13.545	-305.092	2629.774	-78.374	22.528	2581.097	3.805	11.367	2659.347	163.717	-158.501	2667.545	180.301	50.212	2707.304	187.073	135.440	2723.539	0.000	0.000	0.000	-78.374	22.528	2581.097	-103.367	-23.851	2672.247	-103.367	-257.290	2672.247	-103.367	-470.403	2672.247	-103.367	-557.428	2672.247	0.000	0.000	0.000	50.480	-377.532	2670.495	50.480	-725.936	2670.495	50.480	-1053.662	2670.495	0.000	0.000	0.000	-54.664	-376.039	2697.563	-54.664	-724.443	2697.563	-54.664	-1052.169	2697.563	0.000	0.000	0.000	
01360	1	0.000	0.000	0.000	-71.508	176.246	2484.730	-81.316	82.815	2527.684	-19.407	-144.794	2658.807	8.126	-304.641	2615.108	-65.272	23.829	2561.665	20.256	-42.550	2521.841	160.299	-142.263	2678.185	175.189	67.627	2651.203	181.272	153.373	2640.181	0.000	0.000	0.000	-65.272	23.829	2561.665	-108.065	-7.921	2658.522	-108.065	-240.296	2658.522	-108.065	-452.436	2658.522	-108.065	-539.102	2658.522	0.000	0.000	0.000	52.439	-371.705	2678.285	52.439	-718.674	2678.285	52.439	-1045.050	2678.285	0.000	0.000	0.000	-51.470	-368.912	2671.539	-51.470	-715.881	2671.539	-51.470	-1042.257	2671.539	0.000	0.000	0.000	
01361	1	0.000	0.000	0.000	-65.507	180.896	2463.259	-68.773	82.699	2499.218	-16.843	-140.192	2646.299	6.671	-303.711	2616.594	-55.472	25.610	2536.891	4.314	-58.097	2483.533	157.262	-125.719	2647.557	161.167	82.670	2612.853	162.762	167.828	2598.672	0.000	0.000	0.000	-55.472	25.610	2536.891	-103.967	25.807	2643.912	-103.967	-208.435	2643.912	-103.967	-419.729	2643.912	-103.967	-506.075	2643.912	0.000	0.000	0.000	85.251	-340.704	2678.688	85.251	-686.390	2678.688	85.251	-1011.560	2678.688	0.000	0.000	0.000	-44.817	-376.583	2673.423	-44.817	-722.269	2673.423	-44.817	-1047.438	2673.423	0.000	0.000	0.000	
01362	1	0.000	0.000	0.000	-65.006	186.190	2450.697	-58.244	86.183	2472.370	-38.669	-148.718	2610.372	-38.382	-303.287	2554.030	-53.267	26.465	2507.454	10.096	-23.111	2387.846	-68.448	195.424	2396.882	91.215	141.412	2523.025	156.474	119.336	2574.583	0.000	0.000	0.000	-53.267	26.465	2507.454	-63.820	0.610	2600.456	-63.820	-231.787	2600.456	-63.820	-442.314	2600.456	-63.820	-528.363	2600.456	0.000	0.000	0.000	20.425	-361.367	2607.563	20.425	-705.862	2607.563	20.425	-1029.911	2607.563	0.000	0.000	0.000	-50.032	-370.687	2624.038	-50.032	-715.181	2624.038	-50.032	-1039.230	2624.038	0.000	0.000	0.000	
01364	1	0.000	0.000	0.000	-54.371	145.195	2447.138	-13.345	25.376	2443.310	5.867	-264.653	2631.437	4.066	-408.537	2478.028	-8.525	-47.386	2490.507	87.508	-105.021	2567.265	87.508	-393.396	2567.265	87.508	-656.657	2567.265	87.508	-764.295	2567.265	0.000	0.000	0.000	-8.525	-47.386	2490.507	-32.353	-84.179	2617.022	-185.912	0.609	2388.131	0.000	0.000	0.000	37.182	-0.122	-477.626	0.000	0.000	0.000	0.000	0.000	0.000	0.000	-430.928	0.000	0.000	-836.281	0.000	0.000	0.000	0.000	0.000	0.000	0.000	0.000	-430.928	0.000	0.000	-836.281	0.000	0.000	0.000	0.000	
01365	1	0.000	0.000	0.000	-80.076	144.585	2449.149	-27.648	29.355	2443.893	-99.385	-268.435	2605.304	-68.210	-404.198	2447.707	-45.645	-45.354	2484.387	76.232	-64.128	2591.139	76.232	-355.052	2591.139	76.232	-618.313	2591.139	76.232	-725.951	2591.139	0.000	0.000	0.000	-45.645	-45.354	2484.387	-11.469	-56.942	2626.929	-186.019	-4.558	2400.158	-186.019	-267.819	2400.158	-186.019	-375.457	2400.158	0.000	0.000	0.000	-46.586	-466.161	2553.798	-46.586	-897.089	2553.798	-46.586	-1302.443	2553.798	0.000	0.000	0.000	-99.303	-475.589	2529.710	-99.303	-906.518	2529.710	-99.303	-1311.871	2529.710	0.000	0.000	0.000	
01366	1	0.000	0.000	0.000	-79.044	149.356	2425.275	-34.473	31.358	2437.302	5.100	-261.575	2617.593	-8.664	-420.007	2479.930	-24.545	-42.132	2482.533	106.418	-46.105	2552.811	106.418	-336.114	2552.811	106.418	-599.378	2552.811	106.418	-707.016	2552.811	0.000	0.000	0.000	-24.545	-42.132	2482.533	28.691	-47.223	2607.679	-193.046	-27.941	2421.759	-193.046	-291.205	2421.759	-193.046	-398.844	2421.759	0.000	0.000	0.000	5.389	-482.006	2571.354	5.389	-912.938	2571.354	5.389	-1318.295	2571.354	0.000	0.000	0.000	-105.736	-411.166	2595.321	-105.736	-842.098	2595.321	-105.736	-1247.454	2595.321	0.000	0.000	0.000	
01367	1	0.000	0.000	0.000	-57.238	146.824	2404.494	-25.224	25.584	2422.673	79.874	-247.806	2607.319	15.770	-413.172	2494.242	1.143	-43.004	2468.997	119.781	-57.363	2524.581	119.781	-347.047	2524.581	119.781	-610.312	2524.581	119.781	-717.951	2524.581	0.000	0.000	0.000	1.143	-43.004	2468.997	39.671	-65.678	2583.147	-204.157	-40.505	2428.775	50.655	-62.301	2491.258	101.617	-66.660	2503.754	0.000	0.000	0.000	27.904	-497.550	2560.743	27.904	-928.483	2560.743	27.904	-1333.842	2560.743	0.000	0.000	0.000	-73.138	-427.099	2578.471	-73.138	-858.032	2578.471	-73.138	-1263.391	2578.471	0.000	0.000	0.000	
01368	1	0.000	0.000	0.000	-36.568	134.880	2377.363	-7.329	11.762	2384.504	63.524	-284.130	2549.968	-15.331	-417.851	2407.956	10.446	-62.471	2426.015	102.755	-85.398	2512.649	102.755	-383.303	2512.649	102.755	-646.644	2512.649	102.755	-754.314	2512.649	0.000	0.000	0.000	10.446	-62.471	2426.015	4.436	-118.773	2528.733	-266.298	-48.628	2426.114	-5.352	-83.911	2429.342	46.838	-90.968	2429.988	0.000	0.000	0.000	28.207	-532.334	2458.032	28.207	-963.392	2458.032	28.207	-1368.867	2458.032	0.000	0.000	0.000	-23.370	-543.989	2459.028	-23.370	-975.047	2459.028	-23.370	-1380.522	2459.028	0.000	0.000	0.000	
01369	3	0.000	0.000	0.000	-32.030	122.872	2346.216	4.116	2.413	2362.760	72.899	-250.450	2589.649	17.276	-397.653	2449.729	21.372	-61.025	2419.681	93.406	-93.296	2508.147	93.406	-389.552	2508.147	93.406	-653.110	2508.147	93.406	-760.869	2508.147	0.000	0.000	0.000	21.372	-61.025	2419.681	15.288	-128.667	2507.548	-264.699	-59.288	2440.014	-10.442	-108.433	2391.014	40.410	-118.262	2381.215	0.000	0.000	0.000	40.556	-582.172	2431.457	40.556	-1013.587	2431.457	40.556	-1419.397	2431.457	0.000	0.000	0.000	-9.053	-594.860	2433.164	-9.053	-1026.275	2433.164	-9.053	-1432.085	2433.164	0.000	0.000	0.000	
01370	3	0.000	0.000	0.000	-35.873	92.041	2290.083	21.693	-18.971	2314.738	94.739	-183.000	2613.173	60.175	-354.480	2494.149	40.018	-60.123	2389.609	66.915	-80.739	2497.901	66.915	-383.574	2497.901	66.915	-648.397	2497.901	66.915	-756.673	2497.901	0.000	0.000	0.000	40.018	-60.123	2389.609	31.959	-136.212	2474.608	-265.479	-79.988	2465.708	-19.795	-131.104	2381.106	80.656	-152.003	2346.516	0.000	0.000	0.000	66.645	-642.649	2425.962	66.645	-1076.133	2425.962	66.645	-1483.890	2425.962	0.000	0.000	0.000	17.817	-650.550	2425.481	17.817	-1084.034	2425.481	17.817	-1491.792	2425.481	0.000	0.000	0.000	
01371	3	0.000	0.000	0.000	-51.768	79.165	2281.199	20.259	-25.210	2299.101	42.277	-228.405	2583.186	20.656	-406.809	2469.591	25.783	-76.187	2370.372	73.172	-76.613	2485.894	73.172	-378.297	2485.894	73.172	-644.397	2485.894	73.172	-753.195	2485.894	0.000	0.000	0.000	25.783	-76.187	2370.372	26.915	-129.729	2470.463	-270.325	-163.291	2509.655	-19.675	-151.855	2421.038	82.806	-147.179	2384.805	0.000	0.000	0.000	50.692	-594.472	2491.049	50.692	-1030.046	2491.049	50.692	-1439.770	2491.049	0.000	0.000	0.000	-50.022	-599.712	2471.664	-50.022	-1035.286	2471.664	-50.022	-1445.010	2471.664	0.000	0.000	0.000	
01372	3	0.000	0.000	0.000	-89.308	68.976	2268.487	-3.317	-37.321	2284.832	-84.500	-353.059	2472.711	-98.767	-574.741	2418.837	-23.684	-116.533	2331.966	95.376	-111.600	2446.597	95.376	-431.521	2446.597	95.376	-717.620	2446.597	95.376	-834.596	2446.597	0.000	0.000	0.000	-23.684	-116.533	2331.966	55.062	-111.259	2465.250	-181.900	-249.258	2630.035	8.805	-168.360	2432.703	86.777	-135.284	2352.021	0.000	0.000	0.000	-6.851	-567.156	2487.142	-6.851	-1035.468	2487.142	-6.851	-1475.986	2487.142	0.000	0.000	0.000	-99.349	-597.368	2492.254	-99.349	-1065.680	2492.254	-99.349	-1506.198	2492.254	0.000	0.000	0.000	
01373	3	0.000	0.000	0.000	-96.686	75.944	2250.671	-23.961	-40.964	2279.926	-118.937	-382.131	2430.007	-117.367	-606.256	2363.963	-47.789	-126.556	2317.578	80.199	-109.481	2443.718	80.199	-435.058	2443.718	80.199	-727.513	2443.718	80.199	-847.086	2443.718	0.000	0.000	0.000	-47.789	-126.556	2317.578	59.375	-100.952	2458.330	-215.798	-220.540	2584.738	15.405	-167.303	2413.738	109.935	-145.536	2343.822	0.000	0.000	0.000	-83.964	-600.109	2431.741	-83.964	-1078.824	2431.741	-83.964	-1529.128	2431.741	0.000	0.000	0.000	-140.743	-605.471	2406.810	-140.743	-1084.186	2406.810	-140.743	-1534.490	2406.810	0.000	0.000	0.000	
01374	3	0.000	0.000	0.000	-74.669	85.457	2213.864	-52.740	-49.052	2265.717	-99.615	-385.116	2474.594	-119.336	-613.628	2397.232	-64.500	-133.363	2318.120	102.428	-105.946	2395.985	102.428	-441.157	2395.985	102.428	-744.124	2395.985	102.428	-867.996	2395.985	0.000	0.000	0.000	-64.500	-133.363	2318.120	43.167	-117.227	2440.181	-263.611	-224.331	2522.541	-7.245	-173.707	2369.235	97.574	-153.009	2306.554	0.000	0.000	0.000	-21.766	-598.657	2501.008	-21.766	-1094.579	2501.008	-21.766	-1561.069	2501.008	0.000	0.000	0.000	-108.985	-630.057	2511.580	-108.985	-1125.979	2511.580	-108.985	-1592.468	2511.580	0.000	0.000	0.000	
01375	3	0.000	0.000	0.000	-66.757	85.323	2196.531	-60.303	-48.784	2257.881	-74.446	-372.866	2497.626	-102.753	-602.931	2418.160	-63.851	-130.089	2318.028	105.083	-103.728	2380.611	105.083	-442.365	2380.611	105.083	-749.070	2380.611	105.083	-874.470	2380.611	0.000	0.000	0.000	-63.851	-130.089	2318.028	31.053	-120.214	2436.727	-277.604	-240.849	2506.391	-15.324	-173.866	2362.203	91.912	-146.479	2303.250	0.000	0.000	0.000	40.944	-575.303	2463.183	40.944	-1077.343	2463.183	40.944	-1549.587	2463.183	0.000	0.000	0.000	11.232	-612.236	2497.956	11.232	-1114.276	2497.956	11.232	-1586.520	2497.956	0.000	0.000	0.000	
01376	3	0.000	0.000	0.000	-60.956	84.766	2169.424	-59.728	-46.164	2243.026	-65.090	-360.211	2507.248	-93.780	-566.841	2370.673	-61.073	-124.951	2309.314	123.530	-87.316	2357.428	123.530	-435.726	2357.428	123.530	-747.812	2357.428	123.530	-875.413	2357.428	0.000	0.000	0.000	-61.073	-124.951	2309.314	5.099	-122.424	2438.849	-309.373	-252.464	2513.593	-54.844	-166.009	2355.041	49.223	-130.662	2290.215	0.000	0.000	0.000	28.140	-575.443	2463.697	28.140	-1086.293	2463.697	28.140	-1566.824	2463.697	0.000	0.000	0.000	21.944	-548.159	2501.698	21.944	-1059.009	2501.698	21.944	-1539.541	2501.698	0.000	0.000	0.000	
01377	3	0.000	0.000	0.000	-58.166	92.648	2157.775	-55.246	-38.758	2229.626	-63.366	-347.820	2503.405	-77.986	-530.489	2332.071	-57.283	-116.295	2298.311	127.621	-70.487	2354.035	127.621	-426.701	2354.035	127.621	-740.701	2354.035	127.621	-869.084	2354.035	0.000	0.000	0.000	-57.283	-116.295	2298.311	16.100	-115.918	2426.809	-302.242	-250.358	2513.255	-79.204	-146.590	2318.107	11.987	-104.164	2238.319	0.000	0.000	0.000	43.899	-519.664	2469.729	43.899	-1033.646	2469.729	43.899	-1517.124	2469.729	0.000	0.000	0.000	-35.659	-544.945	2515.719	-35.659	-1058.928	2515.719	-35.659	-1542.406	2515.719	0.000	0.000	0.000	
01378	3	0.000	0.000	0.000	-53.789	124.596	2134.330	-47.423	-12.809	2203.125	-63.983	-320.616	2483.353	-76.888	-557.064	2394.067	-51.578	-90.031	2273.428	133.924	-30.332	2340.147	133.924	-387.910	2340.147	133.924	-704.666	2340.147	133.924	-834.175	2340.147	0.000	0.000	0.000	-51.578	-90.031	2273.428	16.950	-101.924	2402.833	-280.994	-260.321	2521.162	-140.582	-111.077	2279.615	-83.173	-50.056	2180.856	0.000	0.000	0.000	-12.852	-533.859	2545.313	-12.852	-1052.352	2545.313	-12.852	-1540.073	2545.313	0.000	0.000	0.000	-133.576	-565.439	2504.653	-133.576	-1083.932	2504.653	-133.576	-1571.653	2504.653	0.000	0.000	0.000	
01379	3	0.000	0.000	0.000	-52.752	144.783	2126.011	-46.878	5.600	2191.658	-68.731	-304.921	2470.443	-84.316	-555.527	2433.069	-52.360	-72.303	2261.599	139.973	-17.083	2316.932	139.973	-373.613	2316.932	139.973	-691.348	2316.932	139.973	-821.258	2316.932	0.000	0.000	0.000	-52.360	-72.303	2261.599	8.535	-88.974	2389.411	-266.108	-274.205	2521.221	-128.955	-113.774	2283.720	-72.879	-48.179	2186.615	0.000	0.000	0.000	49.800	-478.193	2528.082	49.800	-998.290	2528.082	49.800	-1487.519	2528.082	0.000	0.000	0.000	-208.842	-525.638	2483.914	-208.842	-1045.735	2483.914	-208.842	-1534.965	2483.914	0.000	0.000	0.000	
01380	3	0.000	0.000	0.000	-53.651	212.727	2106.486	-48.998	69.358	2163.675	-79.936	-251.969	2428.363	-95.650	-504.932	2437.033	-56.760	-11.256	2230.079	159.850	21.090	2247.996	159.850	-336.359	2247.996	159.850	-653.773	2247.996	159.850	-783.551	2247.996	0.000	0.000	0.000	-56.760	-11.256	2230.079	-0.245	-31.823	2364.780	-286.549	-172.215	2203.253	7.402	-92.995	2293.077	127.588	-60.605	2329.802	0.000	0.000	0.000	8.908	-560.020	2456.243	8.908	-1079.588	2456.243	8.908	-1568.321	2456.243	0.000	0.000	0.000	-116.448	-556.682	2538.818	-116.448	-1076.251	2538.818	-116.448	-1564.984	2538.818	0.000	0.000	0.000	
01381	3	0.000	0.000	0.000	-53.693	249.239	2100.716	-53.623	108.583	2151.775	-83.326	-211.635	2410.401	-98.215	-460.946	2432.166	-61.075	28.247	2216.659	142.247	31.726	2236.625	142.247	-319.802	2236.625	142.247	-638.548	2236.625	142.247	-766.843	2236.625	0.000	0.000	0.000	-61.075	28.247	2216.659	-6.249	5.340	2348.163	-279.943	-202.583	2274.468	22.674	-122.873	2335.033	144.478	-90.790	2359.411	0.000	0.000	0.000	-30.202	-529.601	2501.913	-30.202	-1043.235	2501.913	-30.202	-1526.385	2501.913	0.000	0.000	0.000	-199.224	-475.841	2522.552	-199.224	-989.475	2522.552	-199.224	-1472.625	2522.552	0.000	0.000	0.000	
01382	3	0.000	0.000	0.000	-53.677	295.870	2093.721	-61.751	164.893	2146.388	-74.546	-130.955	2405.519	-79.559	-364.627	2455.661	-64.961	90.671	2211.398	124.464	71.051	2221.692	177.832	-204.810	2399.917	177.832	-507.180	2399.917	177.832	-629.510	2399.917	0.000	0.000	0.000	-64.961	90.671	2211.398	-227.094	77.952	2265.786	-227.094	-254.782	2265.786	-227.094	-557.151	2265.786	-227.094	-679.481	2265.786	0.000	0.000	0.000	55.501	-342.587	2523.925	55.501	-832.336	2523.925	55.501	-1293.020	2523.925	0.000	0.000	0.000	-189.855	-358.417	2554.398	-189.855	-848.166	2554.398	-189.855	-1308.849	2554.398	0.000	0.000	0.000	
01383	3	0.000	0.000	0.000	-55.125	308.527	2094.377	-65.089	185.845	2154.569	-70.138	-88.638	2412.905	-72.924	-313.762	2464.161	-66.366	116.412	2219.917	124.947	93.945	2211.511	174.822	-173.734	2380.707	174.822	-465.278	2380.707	174.822	-583.442	2380.707	0.000	0.000	0.000	-66.366	116.412	2219.917	-251.346	107.141	2237.733	-251.346	-213.431	2237.733	-251.346	-504.975	2237.733	-251.346	-623.138	2237.733	0.000	0.000	0.000	71.693	-298.884	2498.683	71.693	-771.953	2498.683	71.693	-1216.945	2498.683	0.000	0.000	0.000	-215.956	-305.414	2500.598	-215.956	-778.482	2500.598	-215.956	-1223.474	2500.598	0.000	0.000	0.000	
01384	3	0.000	0.000	0.000	-58.214	342.516	2096.373	-67.319	231.024	2163.168	-68.999	-26.548	2406.954	-73.475	-242.804	2437.804	-67.746	165.492	2225.193	124.896	150.575	2200.581	157.139	-133.678	2297.719	157.139	-408.775	2297.719	157.139	-520.587	2297.719	0.000	0.000	0.000	-67.746	165.492	2225.193	-253.661	144.482	2214.212	-253.661	-157.635	2214.212	-253.661	-432.732	2214.212	-253.661	-544.544	2214.212	0.000	0.000	0.000	57.368	-263.687	2449.696	57.368	-711.329	2449.696	57.368	-1132.404	2449.696	0.000	0.000	0.000	-206.172	-252.135	2456.750	-206.172	-699.776	2456.750	-206.172	-1120.851	2456.750	0.000	0.000	0.000	
01385	3	0.000	0.000	0.000	-59.351	359.943	2095.307	-67.648	251.174	2161.976	-69.939	-9.247	2389.951	-73.463	-221.925	2413.374	-68.233	184.681	2220.185	121.039	168.304	2194.750	151.162	-115.136	2272.452	151.162	-384.277	2272.452	151.162	-493.787	2272.452	0.000	0.000	0.000	-68.233	184.681	2220.185	-250.149	162.769	2211.192	-310.662	-117.978	2280.496	-310.662	-387.118	2280.496	-310.662	-496.628	2280.496	0.000	0.000	0.000	57.241	-239.775	2433.110	57.241	-678.200	2433.110	57.241	-1090.604	2433.110	0.000	0.000	0.000	-194.611	-253.186	2443.921	-194.611	-691.610	2443.921	-194.611	-1104.014	2443.921	0.000	0.000	0.000	
01386	3	0.000	0.000	0.000	-63.693	392.406	2093.686	-67.949	285.379	2156.803	-72.813	12.797	2349.959	-73.510	-187.693	2377.462	-69.197	215.463	2206.346	114.160	200.527	2194.369	150.270	-83.220	2232.448	150.270	-343.784	2232.448	150.270	-449.979	2232.448	0.000	0.000	0.000	-69.197	215.463	2206.346	-242.090	192.076	2209.191	-322.420	-82.055	2250.008	-298.280	-338.810	2287.259	-288.442	-443.452	2302.440	0.000	0.000	0.000	47.578	-237.708	2409.030	47.578	-662.859	2409.030	47.578	-1062.778	2409.030	0.000	0.000	0.000	-176.815	-241.185	2444.275	-176.815	-666.336	2444.275	-176.815	-1066.255	2444.275	0.000	0.000	0.000	
01387	3	0.000	0.000	0.000	-69.069	404.698	2092.538	-68.140	298.700	2155.073	-75.465	24.946	2340.450	-77.536	-171.904	2373.201	-70.017	228.545	2202.580	109.998	210.311	2193.974	147.773	-68.269	2230.747	147.773	-328.135	2230.747	147.773	-433.150	2230.747	0.000	0.000	0.000	-70.017	228.545	2202.580	-236.033	197.072	2205.499	-333.314	-66.488	2243.692	-296.472	-317.960	2297.864	-281.583	-419.584	2319.755	0.000	0.000	0.000	34.801	-246.325	2420.487	34.801	-666.757	2420.487	34.801	-1062.237	2420.487	0.000	0.000	0.000	-180.402	-241.711	2443.707	-180.402	-662.143	2443.707	-180.402	-1057.623	2443.707	0.000	0.000	0.000	
01388	3	0.000	0.000	0.000	-77.540	417.325	2091.852	-68.684	313.670	2154.175	-84.605	38.228	2330.982	-91.193	-155.618	2363.947	-72.735	243.587	2199.161	99.523	216.453	2194.771	146.515	-54.889	2220.912	109.953	-291.989	2133.387	95.160	-387.916	2097.976	0.000	0.000	0.000	-72.735	243.587	2199.161	-233.464	213.818	2201.812	-330.523	-41.163	2247.446	-295.133	-293.524	2230.848	-288.055	-343.996	2227.528	0.000	0.000	0.000	22.244	-246.461	2397.441	22.244	-660.098	2397.441	22.244	-1049.185	2397.441	0.000	0.000	0.000	-199.325	-238.764	2426.586	-199.325	-652.401	2426.586	-199.325	-1041.488	2426.586	0.000	0.000	0.000	
01389	2	0.000	0.000	0.000	-79.286	421.345	2092.967	-68.955	318.024	2154.368	-87.074	41.192	2328.136	-94.426	-152.453	2354.350	-73.543	247.927	2198.368	97.703	220.581	2193.631	146.455	-48.807	2220.095	110.809	-282.688	2122.513	103.680	-329.464	2102.996	0.000	0.000	0.000	-73.543	247.927	2198.368	-235.081	223.489	2202.086	-327.106	-32.289	2243.981	-296.958	-284.872	2215.931	-290.929	-335.388	2210.321	0.000	0.000	0.000	26.688	-231.858	2363.345	26.688	-643.078	2363.345	26.688	-1029.893	2363.345	0.000	0.000	0.000	-207.861	-240.395	2397.565	-207.861	-651.616	2397.565	-207.861	-1038.430	2397.565	0.000	0.000	0.000	
01390	2	0.000	0.000	0.000	-79.993	424.767	2095.824	-69.206	320.539	2154.551	-89.611	42.432	2326.045	-97.043	-150.853	2345.134	-74.349	250.453	2197.770	95.048	221.282	2193.162	146.938	-46.807	2217.097	109.932	-283.652	2124.875	102.531	-331.020	2106.431	0.000	0.000	0.000	-74.349	250.453	2197.770	-234.237	226.541	2202.001	-324.131	-29.549	2240.396	-299.331	-284.689	2224.328	-294.371	-335.717	2221.114	0.000	0.000	0.000	21.555	-230.691	2364.627	21.555	-639.979	2364.627	21.555	-1024.975	2364.627	0.000	0.000	0.000	-205.946	-236.714	2397.689	-205.946	-646.001	2397.689	-205.946	-1030.998	2397.689	0.000	0.000	0.000	
01391	2	0.000	0.000	0.000	-80.940	431.224	2102.258	-69.809	320.458	2155.028	-85.283	39.498	2321.824	-91.115	-152.727	2328.801	-73.685	250.078	2196.810	93.253	222.878	2192.539	146.657	-44.801	2209.603	109.424	-289.021	2133.464	101.978	-337.865	2118.236	0.000	0.000	0.000	-73.685	250.078	2196.810	-231.562	224.384	2201.115	-322.699	-30.712	2238.739	-299.252	-287.362	2218.553	-294.563	-338.692	2214.516	0.000	0.000	0.000	22.598	-232.623	2357.801	22.598	-639.127	2357.801	22.598	-1021.505	2357.801	0.000	0.000	0.000	-194.588	-236.453	2384.613	-194.588	-642.957	2384.613	-194.588	-1025.336	2384.613	0.000	0.000	0.000	
01392	2	0.000	0.000	0.000	-81.044	432.863	2103.466	-70.133	320.285	2155.360	-82.594	37.830	2319.200	-87.247	-153.701	2326.970	-73.250	249.630	2196.344	92.543	223.547	2192.328	146.902	-43.762	2209.840	111.247	-292.871	2142.257	104.117	-342.692	2128.741	0.000	0.000	0.000	-73.250	249.630	2196.344	-231.624	225.322	2201.091	-322.142	-30.165	2236.422	-299.797	-289.303	2220.862	-295.328	-341.131	2217.750	0.000	0.000	0.000	26.299	-233.279	2351.182	26.299	-638.794	2351.182	26.299	-1020.242	2351.182	0.000	0.000	0.000	-191.981	-235.409	2378.527	-191.981	-640.923	2378.527	-191.981	-1022.371	2378.527	0.000	0.000	0.000	
01393	2	0.000	0.000	0.000	-81.147	434.148	2104.449	-70.457	320.110	2155.690	-81.715	36.131	2317.553	-85.444	-154.671	2329.910	-73.265	249.276	2196.064	91.915	224.157	2192.131	147.208	-43.043	2209.879	115.274	-294.519	2164.553	108.887	-344.814	2155.488	0.000	0.000	0.000	-73.265	249.276	2196.064	-231.304	225.359	2200.968	-321.605	-30.292	2236.417	-301.109	-286.711	2224.440	-297.009	-337.995	2222.045	0.000	0.000	0.000	25.159	-235.316	2365.539	25.159	-640.040	2365.539	25.159	-1020.743	2365.539	0.000	0.000	0.000	-187.785	-238.186	2385.383	-187.785	-642.909	2385.383	-187.785	-1023.612	2385.383	0.000	0.000	0.000	
01394	2	0.000	0.000	0.000	-80.961	431.515	2106.491	-71.116	319.743	2156.417	-80.539	27.603	2312.994	-81.462	-161.659	2337.880	-73.427	248.070	2194.831	90.691	224.982	2191.827	147.334	-42.486	2210.306	126.431	-294.760	2215.094	122.251	-345.215	2216.052	0.000	0.000	0.000	-73.427	248.070	2194.831	-230.813	225.224	2200.888	-320.596	-31.137	2237.045	-303.258	-283.505	2226.466	-299.790	-333.978	2224.350	0.000	0.000	0.000	27.598	-257.143	2373.448	27.598	-660.727	2373.448	27.598	-1040.359	2373.448	0.000	0.000	0.000	-186.727	-259.225	2383.123	-186.727	-662.809	2383.123	-186.727	-1042.441	2383.123	0.000	0.000	0.000	
01395	2	0.000	0.000	0.000	-80.850	429.459	2107.001	-71.801	319.569	2157.087	-78.893	26.118	2304.268	-75.095	-161.952	2341.573	-73.555	246.999	2193.485	89.543	225.588	2191.544	146.638	-41.721	2210.648	130.671	-282.272	2286.568	127.478	-330.383	2301.752	0.000	0.000	0.000	-73.555	246.999	2193.485	-230.338	224.665	2200.801	-319.744	-31.684	2237.826	-306.372	-283.932	2246.535	-303.698	-334.382	2248.277	0.000	0.000	0.000	41.179	-265.248	2391.023	41.179	-668.106	2391.023	41.179	-1047.055	2391.023	0.000	0.000	0.000	-187.032	-272.462	2388.018	-187.032	-675.320	2388.018	-187.032	-1054.269	2388.018	0.000	0.000	0.000	
01396	2	0.000	0.000	0.000	-80.816	428.604	2107.076	-72.116	319.485	2157.449	-78.279	26.385	2302.814	-73.530	-161.840	2341.485	-73.645	246.795	2193.500	89.065	225.820	2191.429	146.878	-41.176	2211.995	150.747	-267.222	2321.649	151.521	-312.431	2343.579	0.000	0.000	0.000	-73.645	246.795	2193.500	-230.168	224.360	2200.781	-319.264	-31.628	2240.582	-310.678	-281.164	2212.408	-308.961	-331.072	2206.773	0.000	0.000	0.000	39.377	-279.438	2392.550	39.377	-682.041	2392.550	39.377	-1060.750	2392.550	0.000	0.000	0.000	-182.101	-283.930	2388.686	-182.101	-686.532	2388.686	-182.101	-1065.241	2388.686	0.000	0.000	0.000	
01397	2	0.000	0.000	0.000	-80.638	425.496	2103.783	-72.718	319.294	2158.278	-77.243	27.994	2303.645	-73.039	-160.838	2341.972	-73.845	246.752	2194.479	88.284	226.178	2191.244	146.799	-37.940	2233.999	189.052	-253.223	2352.055	197.502	-296.280	2375.667	0.000	0.000	0.000	-73.845	246.752	2194.479	-229.958	223.652	2200.791	-317.159	-31.539	2248.583	-328.907	-270.683	2179.723	-331.257	-318.512	2165.951	0.000	0.000	0.000	40.359	-276.561	2394.570	40.359	-678.806	2394.570	40.359	-1057.178	2394.570	0.000	0.000	0.000	-184.987	-278.129	2386.747	-184.987	-680.374	2386.747	-184.987	-1058.746	2386.747	0.000	0.000	0.000	
01398	2	0.000	0.000	0.000	-80.527	422.134	2099.380	-73.400	319.079	2158.618	-76.855	29.028	2304.210	-73.046	-160.407	2342.140	-74.263	246.656	2194.971	87.539	226.496	2191.089	145.595	-27.989	2271.773	184.703	-246.332	2382.209	192.525	-290.000	2404.297	0.000	0.000	0.000	-74.263	246.656	2194.971	-229.675	222.231	2200.160	-314.365	-32.938	2248.740	-377.202	-227.888	2109.295	-389.770	-266.878	2081.406	0.000	0.000	0.000	35.431	-287.004	2393.802	35.431	-689.043	2393.802	35.431	-1067.223	2393.802	0.000	0.000	0.000	-183.579	-284.400	2380.604	-183.579	-686.439	2380.604	-183.579	-1064.619	2380.604	0.000	0.000	0.000	
01399	2	0.000	0.000	0.000	-80.539	420.407	2097.032	-73.731	318.968	2158.666	-76.570	29.987	2305.606	-72.895	-160.016	2339.466	-74.441	246.744	2195.390	87.214	226.633	2191.022	145.496	-25.216	2277.401	181.992	-244.214	2386.371	189.292	-288.013	2408.165	0.000	0.000	0.000	-74.441	246.744	2195.390	-229.610	221.495	2199.619	-312.850	-33.300	2248.981	-396.561	-199.435	2086.016	-413.303	-232.662	2053.422	0.000	0.000	0.000	41.793	-262.091	2389.745	41.793	-664.074	2389.745	41.793	-1042.200	2389.745	0.000	0.000	0.000	-188.877	-268.179	2362.079	-188.877	-670.162	2362.079	-188.877	-1048.288	2362.079	0.000	0.000	0.000	
01400	2	0.000	0.000	0.000	-81.604	420.806	2087.531	-73.961	316.083	2152.425	-75.799	27.730	2299.944	-72.802	-162.986	2338.882	-74.422	243.779	2189.416	86.269	225.828	2190.835	150.807	-20.089	2281.334	195.289	-248.498	2374.493	204.186	-294.180	2393.125	0.000	0.000	0.000	-74.422	243.779	2189.416	-227.353	213.382	2187.327	-312.619	-38.743	2231.969	-321.457	-286.628	2268.063	-325.005	-386.160	2282.556	0.000	0.000	0.000	37.723	-279.515	2385.153	37.723	-682.443	2385.153	37.723	-1061.458	2385.153	0.000	0.000	0.000	-181.742	-282.149	2378.323	-181.742	-685.077	2378.323	-181.742	-1064.092	2378.323	0.000	0.000	0.000	
01401	2	0.000	0.000	0.000	-81.591	420.625	2087.661	-73.959	315.541	2151.996	-75.802	27.344	2300.501	-72.766	-161.081	2339.551	-74.421	243.268	2189.237	86.267	225.497	2190.850	150.999	-20.598	2281.445	195.544	-248.648	2373.735	204.453	-294.258	2392.193	0.000	0.000	0.000	-74.421	243.268	2189.237	-226.884	212.284	2187.238	-312.061	-39.616	2234.689	-320.098	-288.147	2260.698	-323.336	-388.299	2271.179	0.000	0.000	0.000	36.512	-276.031	2384.933	36.512	-679.389	2384.933	36.512	-1058.808	2384.933	0.000	0.000	0.000	-181.652	-277.749	2374.467	-181.652	-681.107	2374.467	-181.652	-1060.526	2374.467	0.000	0.000	0.000	
01402	2	0.000	0.000	0.000	-81.578	420.441	2087.751	-73.957	315.000	2151.625	-75.806	26.879	2301.156	-72.761	-159.467	2339.828	-74.421	242.740	2189.126	86.294	225.203	2190.867	150.728	-21.468	2281.135	195.414	-251.512	2367.128	204.351	-297.521	2384.327	0.000	0.000	0.000	-74.421	242.740	2189.126	-226.591	211.479	2187.265	-311.663	-40.643	2235.677	-318.176	-289.441	2254.890	-320.808	-389.992	2262.655	0.000	0.000	0.000	35.247	-275.962	2384.752	35.247	-679.854	2384.752	35.247	-1059.775	2384.752	0.000	0.000	0.000	-181.159	-277.635	2369.660	-181.159	-681.526	2369.660	-181.159	-1061.447	2369.660	0.000	0.000	0.000	
01403	2	0.000	0.000	0.000	-81.555	420.103	2087.934	-73.952	313.898	2151.047	-75.186	26.261	2303.804	-72.559	-158.172	2340.511	-74.262	241.751	2189.363	86.370	224.605	2190.938	151.582	-23.308	2281.381	200.121	-265.849	2313.511	209.828	-314.357	2319.937	0.000	0.000	0.000	-74.262	241.751	2189.363	-226.719	210.917	2187.449	-280.529	-53.285	2222.027	-318.572	-297.889	2252.617	-334.012	-397.160	2265.032	0.000	0.000	0.000	36.775	-270.490	2385.414	36.775	-675.759	2385.414	36.775	-1056.975	2385.414	0.000	0.000	0.000	-181.398	-275.420	2368.863	-181.398	-680.688	2368.863	-181.398	-1061.905	2368.863	0.000	0.000	0.000	
01404	2	0.000	0.000	0.000	-81.554	420.099	2087.931	-73.949	313.642	2150.939	-74.555	25.721	2304.560	-72.363	-158.566	2340.635	-74.101	241.421	2189.473	86.335	224.380	2190.959	152.058	-23.898	2281.329	203.319	-271.539	2278.870	213.572	-321.067	2278.379	0.000	0.000	0.000	-74.101	241.421	2189.473	-226.646	210.674	2187.563	-312.245	-44.747	2227.068	-318.130	-288.298	2294.951	-320.491	-385.984	2322.178	0.000	0.000	0.000	34.887	-276.632	2384.958	34.887	-682.733	2384.958	34.887	-1064.732	2384.958	0.000	0.000	0.000	-180.916	-277.512	2370.580	-180.916	-683.613	2370.580	-180.916	-1065.612	2370.580	0.000	0.000	0.000	
01405	2	0.000	0.000	0.000	-81.552	420.070	2087.944	-73.946	313.407	2150.940	-73.828	24.961	2305.120	-72.092	-159.374	2340.733	-73.916	241.051	2189.615	86.328	224.178	2190.990	152.369	-24.655	2281.146	194.710	-273.553	2284.826	203.178	-323.333	2285.563	0.000	0.000	0.000	-73.916	241.051	2189.615	-226.607	210.458	2187.674	-280.392	-53.969	2227.584	-318.525	-300.998	2263.352	-333.879	-400.460	2277.752	0.000	0.000	0.000	34.831	-279.377	2385.166	34.831	-686.395	2385.166	34.831	-1069.256	2385.166	0.000	0.000	0.000	-181.045	-279.587	2370.569	-181.045	-686.604	2370.569	-181.045	-1069.466	2370.569	0.000	0.000	0.000	
01406	2	0.000	0.000	0.000	-81.550	420.030	2087.954	-73.939	312.942	2150.938	-72.438	19.175	2308.519	-71.537	-165.475	2341.434	-73.568	240.281	2189.915	86.290	223.717	2191.048	153.115	-26.553	2280.361	203.397	-266.757	2222.548	213.453	-314.797	2210.985	0.000	0.000	0.000	-73.568	240.281	2189.915	-226.580	210.093	2187.903	-312.637	-45.174	2238.007	-318.561	-296.446	2257.894	-320.962	-398.276	2265.954	0.000	0.000	0.000	41.866	-264.393	2385.421	41.866	-673.457	2385.421	41.866	-1058.244	2385.421	0.000	0.000	0.000	-184.022	-273.565	2370.819	-184.022	-682.629	2370.819	-184.022	-1067.416	2370.819	0.000	0.000	0.000	
01407	2	0.000	0.000	0.000	-81.520	419.630	2088.190	-73.934	312.723	2152.071	-71.781	16.203	2313.764	-71.289	-169.167	2342.650	-73.407	240.135	2191.653	86.120	224.797	2196.838	153.769	-28.387	2279.168	199.023	-272.050	2216.609	208.074	-320.782	2204.097	0.000	0.000	0.000	-73.407	240.135	2191.653	-225.836	210.244	2194.221	-312.669	-45.411	2244.788	-318.230	-298.122	2282.725	-320.460	-399.417	2297.931	0.000	0.000	0.000	36.578	-278.374	2387.626	36.578	-688.549	2387.626	36.578	-1074.380	2387.626	0.000	0.000	0.000	-180.816	-282.362	2372.482	-180.816	-692.537	2372.482	-180.816	-1078.369	2372.482	0.000	0.000	0.000	
01408	2	0.000	0.000	0.000	-79.377	417.380	2086.016	-73.924	311.761	2154.935	-70.854	11.808	2324.059	-69.589	-175.141	2347.385	-73.183	239.331	2195.774	88.150	225.847	2201.637	152.611	-31.749	2277.607	196.377	-281.194	2218.466	205.131	-331.083	2206.638	0.000	0.000	0.000	-73.183	239.331	2195.774	-226.830	209.436	2199.431	-313.102	-46.776	2255.956	-318.470	-304.866	2287.519	-320.597	-407.124	2300.024	0.000	0.000	0.000	36.874	-279.456	2403.193	36.874	-691.982	2403.193	36.874	-1080.025	2403.193	0.000	0.000	0.000	-179.023	-287.292	2381.457	-179.023	-699.818	2381.457	-179.023	-1087.861	2381.457	0.000	0.000	0.000	
01409	2	0.000	0.000	0.000	-76.759	415.182	2081.896	-73.918	311.225	2156.385	-70.046	10.612	2330.061	-67.030	-176.467	2352.830	-72.988	239.015	2198.104	89.730	225.946	2201.660	153.204	-32.483	2278.521	203.624	-287.132	2236.922	213.708	-338.062	2228.602	0.000	0.000	0.000	-72.988	239.015	2198.104	-227.958	208.762	2199.696	-280.622	-58.440	2250.208	-318.734	-314.862	2293.959	-333.716	-415.661	2311.158	0.000	0.000	0.000	39.227	-279.225	2412.111	39.227	-692.977	2412.111	39.227	-1082.174	2412.111	0.000	0.000	0.000	-178.985	-283.169	2387.144	-178.985	-696.922	2387.144	-178.985	-1086.118	2387.144	0.000	0.000	0.000	
01410	2	0.000	0.000	0.000	-71.206	408.516	2080.218	-73.857	310.243	2159.682	-68.304	15.440	2344.081	-61.965	-169.823	2374.910	-72.517	239.113	2204.174	93.468	226.582	2201.590	154.353	-33.316	2281.500	199.008	-288.909	2324.933	216.495	-388.999	2341.941	0.000	0.000	0.000	-72.517	239.113	2204.174	-230.849	208.436	2201.413	-312.624	-50.442	2264.140	-318.508	-299.066	2349.930	-319.685	-348.791	2367.089	0.000	0.000	0.000	48.073	-284.649	2434.358	48.073	-700.927	2434.358	48.073	-1092.499	2434.358	0.000	0.000	0.000	-171.697	-286.172	2422.988	-171.697	-702.450	2422.988	-171.697	-1094.022	2422.988	0.000	0.000	0.000	
01411	2	0.000	0.000	0.000	-70.327	407.110	2082.322	-73.822	309.704	2162.148	-67.565	17.945	2348.301	-61.584	-170.136	2384.366	-72.300	238.759	2207.414	95.136	226.361	2201.907	154.061	-34.109	2284.356	190.458	-283.822	2355.213	204.834	-382.458	2383.201	0.000	0.000	0.000	-72.300	238.759	2207.414	-230.717	208.487	2209.186	-312.105	-52.114	2269.001	-318.508	-297.589	2360.670	-319.788	-346.683	2379.003	0.000	0.000	0.000	51.527	-289.056	2434.628	51.527	-706.625	2434.628	51.527	-1099.411	2434.628	0.000	0.000	0.000	-172.378	-289.096	2429.842	-172.378	-706.664	2429.842	-172.378	-1099.450	2429.842	0.000	0.000	0.000	
01412	2	0.000	0.000	0.000	-68.412	403.910	2086.854	-73.127	308.439	2168.332	-65.504	16.057	2350.207	-60.131	-176.738	2391.671	-71.253	236.537	2213.058	99.985	226.791	2202.316	152.383	-29.248	2306.170	194.651	-279.389	2395.162	211.075	-376.586	2429.741	0.000	0.000	0.000	-71.253	236.537	2213.058	-229.793	208.641	2225.651	-308.955	-51.642	2296.879	-319.877	-309.622	2371.736	-322.062	-361.218	2386.708	0.000	0.000	0.000	54.101	-288.839	2443.116	54.101	-709.028	2443.116	54.101	-1104.280	2443.116	0.000	0.000	0.000	-172.941	-290.510	2434.965	-172.941	-710.699	2434.965	-172.941	-1105.951	2434.965	0.000	0.000	0.000	
01413	2	0.000	0.000	0.000	-67.329	401.091	2087.443	-72.361	307.848	2171.412	-62.515	14.812	2351.556	-56.369	-180.184	2393.188	-69.930	235.496	2215.890	102.116	226.372	2203.912	151.534	-24.601	2318.227	197.413	-279.812	2388.121	215.333	-379.493	2415.420	0.000	0.000	0.000	-69.930	235.496	2215.890	-230.464	208.205	2228.081	-307.542	-52.480	2295.902	-319.962	-308.854	2374.905	-322.446	-360.128	2390.705	0.000	0.000	0.000	59.654	-283.304	2445.771	59.654	-704.819	2445.771	59.654	-1101.317	2445.771	0.000	0.000	0.000	-169.773	-290.614	2431.933	-169.773	-712.129	2431.933	-169.773	-1108.626	2431.933	0.000	0.000	0.000	
01414	2	0.000	0.000	0.000	-66.577	393.459	2090.378	-70.934	306.251	2180.904	-58.641	4.458	2362.706	-53.821	-195.076	2399.968	-67.952	233.055	2224.998	104.666	224.700	2214.696	153.507	-26.496	2326.821	188.017	-288.503	2378.936	201.559	-391.320	2399.387	0.000	0.000	0.000	-67.952	233.055	2224.998	-231.856	207.206	2234.959	-303.041	-50.650	2315.581	-319.485	-305.017	2402.651	-322.774	-355.891	2420.065	0.000	0.000	0.000	61.384	-275.393	2455.377	61.384	-699.578	2455.377	61.384	-1098.589	2455.377	0.000	0.000	0.000	-164.015	-278.031	2460.158	-164.015	-702.216	2460.158	-164.015	-1101.227	2460.158	0.000	0.000	0.000	
01415	2	0.000	0.000	0.000	-66.285	391.452	2091.260	-70.173	305.483	2183.212	-57.457	2.204	2367.793	-53.190	-199.070	2403.531	-67.103	232.269	2227.771	106.405	223.741	2212.949	154.441	-22.928	2334.320	191.594	-283.642	2384.566	206.293	-386.793	2404.446	0.000	0.000	0.000	-67.103	232.269	2227.771	-232.185	206.970	2236.063	-298.566	-51.527	2317.655	-320.066	-302.563	2409.281	-324.366	-352.770	2427.606	0.000	0.000	0.000	62.365	-273.976	2456.967	62.365	-699.443	2456.967	62.365	-1099.659	2456.967	0.000	0.000	0.000	-166.561	-274.924	2457.951	-166.561	-700.391	2457.951	-166.561	-1100.606	2457.951	0.000	0.000	0.000	
01416	2	0.000	0.000	0.000	-64.446	389.379	2089.124	-68.173	304.377	2182.424	-56.807	1.666	2374.447	-53.258	-201.239	2413.550	-65.441	231.627	2228.572	108.679	222.943	2213.784	157.718	-11.393	2358.597	191.187	-274.276	2386.495	204.587	-379.522	2397.664	0.000	0.000	0.000	-65.441	231.627	2228.572	-231.203	207.489	2236.509	-293.107	-47.603	2333.387	-321.478	-298.879	2417.419	-327.152	-349.134	2434.225	0.000	0.000	0.000	64.134	-271.333	2459.881	64.134	-698.950	2459.881	64.134	-1101.188	2459.881	0.000	0.000	0.000	-164.887	-271.248	2471.577	-164.887	-698.865	2471.577	-164.887	-1101.104	2471.577	0.000	0.000	0.000	
01417	2	0.000	0.000	0.000	-63.177	387.303	2087.676	-67.175	303.637	2182.372	-56.895	4.189	2381.427	-53.545	-198.727	2424.745	-64.707	231.733	2230.169	109.452	222.892	2217.552	156.492	8.258	2395.575	189.534	-259.698	2391.060	202.619	-365.810	2389.272	0.000	0.000	0.000	-64.707	231.733	2230.169	-230.981	207.571	2236.164	-291.452	-41.178	2356.330	-324.729	-301.017	2421.819	-331.384	-352.985	2434.916	0.000	0.000	0.000	64.979	-268.661	2467.919	64.979	-697.173	2467.919	64.979	-1100.253	2467.919	0.000	0.000	0.000	-162.256	-268.233	2489.394	-162.256	-696.746	2489.394	-162.256	-1099.826	2489.394	0.000	0.000	0.000	
01418	2	0.000	0.000	0.000	-60.165	385.459	2081.763	-65.169	302.156	2182.301	-56.981	9.780	2392.123	-54.259	-193.579	2439.140	-63.198	231.785	2232.802	111.511	220.947	2214.797	159.604	-6.670	2392.711	191.515	-279.208	2394.189	203.992	-385.772	2394.768	0.000	0.000	0.000	-63.198	231.785	2232.802	-229.257	207.279	2236.523	-289.474	-44.993	2372.569	-329.715	-310.896	2427.101	-337.764	-364.077	2438.007	0.000	0.000	0.000	62.948	-261.798	2472.068	62.948	-691.615	2472.068	62.948	-1095.922	2472.068	0.000	0.000	0.000	-166.792	-259.153	2488.195	-166.792	-688.969	2488.195	-166.792	-1093.277	2488.195	0.000	0.000	0.000	
