01689	1	0.000	0.000	0.000	-46.123	202.711	2696.470	-17.039	90.331	2712.831	32.962	-199.945	2854.316	28.909	-387.882	2789.898	-4.482	17.433	2748.363	127.900	13.292	2794.954	-65.187	-107.321	2640.578	-65.187	-356.838	2640.578	-65.187	-458.528	2640.578	0.000	0.000	0.000	-4.482	17.433	2748.363	-62.985	-4.185	2863.304	-63.928	172.641	2652.605	0.836	334.392	2473.998	27.230	400.314	2401.207	0.000	0.000	0.000	134.123	-351.396	2862.430	134.123	-758.514	2862.430	134.123	-1141.470	2862.430	0.000	0.000	0.000	72.811	-335.346	2919.751	72.811	-742.464	2919.751	72.811	-1125.420	2919.751	0.000	0.000	0.000	
01690	1	0.000	0.000	0.000	-48.965	206.439	2712.833	-17.025	90.387	2732.414	31.918	-217.710	2829.845	52.648	-378.136	2714.585	-4.741	13.060	2756.867	128.548	6.532	2794.601	-95.578	-54.071	2650.240	-95.578	-303.004	2650.240	-95.578	-404.648	2650.240	0.000	0.000	0.000	-4.741	13.060	2756.867	-50.720	-24.383	2865.767	-22.939	168.493	2674.006	-40.303	366.566	2524.229	-47.394	447.444	2463.072	0.000	0.000	0.000	127.638	-351.148	2837.776	127.638	-758.084	2837.776	127.638	-1140.870	2837.776	0.000	0.000	0.000	59.854	-335.960	2875.999	59.854	-742.897	2875.999	59.854	-1125.682	2875.999	0.000	0.000	0.000	
01691	1	0.000	0.000	0.000	-50.454	208.304	2714.804	-17.065	90.672	2731.815	1.499	-224.419	2816.487	26.801	-372.280	2686.370	-12.406	11.601	2753.063	119.895	11.584	2811.547	-87.240	-86.921	2663.586	-87.240	-335.679	2663.586	-87.240	-437.301	2663.586	0.000	0.000	0.000	-12.406	11.601	2753.063	-43.296	6.747	2885.563	-77.823	90.267	2628.012	-78.431	328.377	2556.014	-78.680	425.650	2526.602	0.000	0.000	0.000	77.429	-407.937	2783.049	77.429	-814.782	2783.049	77.429	-1197.481	2783.049	0.000	0.000	0.000	-68.579	-391.862	2773.532	-68.579	-798.707	2773.532	-68.579	-1181.406	2773.532	0.000	0.000	0.000	
01692	1	0.000	0.000	0.000	-50.810	211.592	2714.473	-17.203	92.237	2730.001	-10.381	-225.493	2805.842	9.155	-385.272	2689.670	-15.492	12.514	2749.030	117.257	13.305	2811.975	107.231	-261.673	2801.569	142.201	-15.661	2808.116	149.195	33.541	2809.425	0.000	0.000	0.000	-15.492	12.514	2749.030	-41.750	8.673	2883.115	-188.671	216.977	2778.974	-98.779	303.248	2563.883	-62.042	338.506	2475.979	0.000	0.000	0.000	65.844	-394.205	2802.342	65.844	-800.911	2802.342	65.844	-1183.478	2802.342	0.000	0.000	0.000	-42.196	-380.547	2831.969	-42.196	-787.252	2831.969	-42.196	-1169.820	2831.969	0.000	0.000	0.000	
01693	1	0.000	0.000	0.000	-51.744	216.476	2712.618	-17.124	97.349	2723.159	25.406	-208.692	2829.281	28.673	-386.551	2741.231	-6.453	20.561	2749.786	112.142	16.086	2808.917	-13.903	-195.495	2694.365	137.974	-26.561	2802.573	168.350	7.226	2824.215	0.000	0.000	0.000	-6.453	20.561	2749.786	-42.320	8.889	2872.182	-200.937	223.115	2819.987	-91.199	279.252	2600.623	-46.900	301.914	2512.070	0.000	0.000	0.000	85.210	-409.645	2823.532	85.210	-816.303	2823.532	85.210	-1198.826	2823.532	0.000	0.000	0.000	84.355	-356.523	2874.072	84.355	-763.181	2874.072	84.355	-1145.704	2874.072	0.000	0.000	0.000	
01694	1	0.000	0.000	0.000	-52.766	220.388	2711.876	-17.051	102.734	2719.268	41.107	-194.574	2841.484	48.611	-381.205	2774.399	-2.459	28.139	2749.932	108.801	10.040	2802.455	-81.604	-91.182	2637.183	112.796	-27.119	2782.385	151.676	-14.306	2811.425	0.000	0.000	0.000	-2.459	28.139	2749.932	-53.695	1.481	2859.824	-192.257	208.461	2751.313	-19.180	258.210	2576.532	50.865	278.343	2505.798	0.000	0.000	0.000	105.717	-412.784	2837.061	105.717	-819.393	2837.061	105.717	-1201.870	2837.061	0.000	0.000	0.000	-14.972	-390.520	2871.040	-14.972	-797.129	2871.040	-14.972	-1179.606	2871.040	0.000	0.000	0.000	
01695	1	0.000	0.000	0.000	-53.006	221.202	2715.028	-17.022	106.577	2718.145	34.663	-193.981	2835.015	53.350	-364.031	2734.505	-4.054	31.169	2747.467	99.834	-1.027	2803.585	99.834	-272.798	2803.585	99.834	-527.514	2803.585	99.834	-629.052	2803.585	0.000	0.000	0.000	-4.054	31.169	2747.467	-23.514	11.442	2871.250	-173.280	130.879	2678.470	25.898	244.083	2567.143	105.297	289.210	2522.765	0.000	0.000	0.000	100.292	-400.050	2821.154	100.292	-806.559	2821.154	100.292	-1188.942	2821.154	0.000	0.000	0.000	-20.222	-387.852	2826.831	-20.222	-794.361	2826.831	-20.222	-1176.745	2826.831	0.000	0.000	0.000	
01696	1	0.000	0.000	0.000	-52.586	219.661	2720.813	-17.014	107.545	2713.564	54.503	-186.736	2835.625	53.334	-340.068	2709.784	0.929	33.714	2744.188	107.927	-0.052	2793.043	107.927	-271.848	2793.043	107.927	-524.206	2793.043	107.927	-625.718	2793.043	0.000	0.000	0.000	0.929	33.714	2744.188	-25.590	10.640	2868.613	-178.171	140.146	2684.710	19.756	215.442	2547.449	99.372	245.730	2492.236	0.000	0.000	0.000	107.365	-375.972	2816.576	107.365	-782.376	2816.576	107.365	-1164.661	2816.576	0.000	0.000	0.000	-17.056	-366.563	2812.071	-17.056	-772.968	2812.071	-17.056	-1155.253	2812.071	0.000	0.000	0.000	
01697	1	0.000	0.000	0.000	-52.374	218.895	2722.805	-17.013	107.768	2713.218	42.245	-192.775	2826.135	50.735	-354.240	2711.267	-2.146	32.366	2741.547	105.172	19.459	2814.480	105.172	-252.335	2814.480	105.172	-503.844	2814.480	105.172	-605.343	2814.480	0.000	0.000	0.000	-2.146	32.366	2741.547	-45.386	10.628	2864.017	-166.057	189.295	2698.523	12.091	184.675	2521.043	83.984	182.811	2449.420	0.000	0.000	0.000	120.916	-393.216	2765.318	120.916	-799.566	2765.318	120.916	-1181.801	2765.318	0.000	0.000	0.000	-19.103	-398.246	2743.335	-19.103	-804.597	2743.335	-19.103	-1186.831	2743.335	0.000	0.000	0.000	
01698	1	0.000	0.000	0.000	-52.128	218.001	2725.969	-17.013	107.759	2713.128	20.704	-199.890	2815.549	39.631	-368.948	2713.626	-7.551	30.575	2738.824	106.834	24.115	2816.035	106.834	-247.668	2816.035	106.834	-498.491	2816.035	106.834	-599.976	2816.035	0.000	0.000	0.000	-7.551	30.575	2738.824	-50.605	10.823	2862.791	-177.027	193.161	2705.830	-49.138	108.169	2507.505	2.607	73.781	2427.261	0.000	0.000	0.000	148.331	-343.799	2737.730	148.331	-750.094	2737.730	148.331	-1132.277	2737.730	0.000	0.000	0.000	-31.980	-411.717	2740.598	-31.980	-818.013	2740.598	-31.980	-1200.195	2740.598	0.000	0.000	0.000	
01699	1	0.000	0.000	0.000	-52.010	217.594	2724.932	-17.013	107.722	2713.100	5.477	-203.267	2809.600	29.474	-375.111	2713.632	-11.371	29.700	2737.310	104.542	24.993	2820.236	104.542	-246.775	2820.236	104.542	-497.041	2820.236	104.542	-598.512	2820.236	0.000	0.000	0.000	-11.371	29.700	2737.310	-33.345	9.916	2865.629	-179.730	173.903	2705.825	-104.849	47.636	2503.135	-89.873	22.383	2462.598	0.000	0.000	0.000	86.038	-406.627	2797.526	86.038	-812.866	2797.526	86.038	-1194.996	2797.526	0.000	0.000	0.000	-63.940	-371.905	2813.567	-63.940	-778.144	2813.567	-63.940	-1160.273	2813.567	0.000	0.000	0.000	
01700	1	0.000	0.000	0.000	-51.866	217.101	2721.186	-17.013	107.661	2713.050	-4.797	-203.365	2810.957	19.118	-371.917	2709.409	-13.948	29.630	2737.613	99.255	18.981	2822.297	99.255	-252.740	2822.297	99.255	-502.184	2822.297	99.255	-603.626	2822.297	0.000	0.000	0.000	-13.948	29.630	2737.613	-50.742	2.705	2858.529	-172.941	155.634	2670.082	-172.941	-93.810	2670.082	-172.941	-195.252	2670.082	0.000	0.000	0.000	87.363	-383.014	2809.573	87.363	-789.137	2809.573	87.363	-1171.157	2809.573	0.000	0.000	0.000	-31.986	-373.341	2843.652	-31.986	-779.465	2843.652	-31.986	-1161.485	2843.652	0.000	0.000	0.000	
01701	1	0.000	0.000	0.000	-51.729	216.674	2718.870	-17.013	107.630	2713.051	5.258	-200.865	2816.708	25.352	-368.066	2712.254	-11.426	30.234	2739.056	104.884	17.716	2816.963	104.884	-253.945	2816.963	104.884	-502.834	2816.963	104.884	-604.246	2816.963	0.000	0.000	0.000	-11.426	30.234	2739.056	-41.591	18.064	2871.528	-111.614	132.317	2635.218	-111.614	-116.573	2635.218	-111.614	-217.984	2635.218	0.000	0.000	0.000	119.446	-348.681	2796.897	119.446	-754.683	2796.897	119.446	-1136.590	2796.897	0.000	0.000	0.000	-41.760	-379.832	2824.217	-41.760	-785.835	2824.217	-41.760	-1167.742	2824.217	0.000	0.000	0.000	
01702	1	0.000	0.000	0.000	-42.569	179.808	2693.729	-8.386	77.203	2726.114	11.393	-236.482	2811.412	16.512	-398.844	2698.474	-3.424	-1.494	2747.513	138.538	-35.914	2760.281	138.538	-307.164	2760.281	138.538	-554.886	2760.281	138.538	-656.133	2760.281	0.000	0.000	0.000	-3.424	-1.494	2747.513	67.839	-21.682	2867.397	-68.799	-189.917	2704.292	-33.166	53.855	2678.373	-26.039	102.609	2673.189	0.000	0.000	0.000	92.317	-421.494	2788.110	92.317	-826.836	2788.110	92.317	-1208.121	2788.110	0.000	0.000	0.000	-47.109	-411.662	2821.673	-47.109	-817.004	2821.673	-47.109	-1198.289	2821.673	0.000	0.000	0.000	
01703	1	0.000	0.000	0.000	-5.225	74.102	2716.437	26.280	-21.511	2773.868	12.378	-340.689	2836.201	59.019	-314.410	2645.845	22.793	-101.586	2789.506	86.516	16.850	2597.833	198.177	-126.120	2801.349	63.134	65.743	2722.414	7.930	144.174	2690.147	0.000	0.000	0.000	22.793	-101.586	2789.506	-153.826	0.819	2717.731	-153.826	-271.811	2717.731	-153.826	-519.358	2717.731	-153.826	-620.551	2717.731	0.000	0.000	0.000	152.575	-357.600	2746.811	152.575	-762.728	2746.811	152.575	-1143.812	2746.811	0.000	0.000	0.000	-28.233	-413.381	2810.385	-28.233	-818.509	2810.385	-28.233	-1199.592	2810.385	0.000	0.000	0.000	
01704	1	0.000	0.000	0.000	2.719	57.393	2721.779	35.254	-37.996	2780.259	17.181	-357.576	2839.058	69.953	-283.853	2663.367	30.720	-118.172	2795.010	79.278	3.768	2599.846	208.093	-115.589	2809.592	70.565	72.547	2726.267	14.343	149.458	2692.204	0.000	0.000	0.000	30.720	-118.172	2795.010	-151.681	-5.352	2765.392	-151.681	-278.907	2765.392	-151.681	-526.400	2765.392	-151.681	-627.575	2765.392	0.000	0.000	0.000	81.336	-424.254	2799.504	81.336	-829.309	2799.504	81.336	-1210.324	2799.504	0.000	0.000	0.000	-23.422	-393.038	2818.805	-23.422	-798.093	2818.805	-23.422	-1179.109	2818.805	0.000	0.000	0.000	
01705	1	0.000	0.000	0.000	7.822	44.610	2713.666	38.961	-47.599	2779.332	6.093	-365.579	2839.721	49.411	-281.702	2666.092	30.715	-127.374	2794.482	102.831	-13.278	2602.654	240.923	-91.583	2824.436	58.157	-6.442	2681.088	-16.563	28.366	2622.484	0.000	0.000	0.000	30.715	-127.374	2794.482	-115.587	-5.045	2675.523	-115.587	-277.788	2675.523	-115.587	-525.177	2675.523	-115.587	-626.315	2675.523	0.000	0.000	0.000	106.747	-412.584	2781.125	106.747	-817.492	2781.125	106.747	-1198.369	2781.125	0.000	0.000	0.000	-31.911	-402.359	2821.325	-31.911	-807.266	2821.325	-31.911	-1188.143	2821.325	0.000	0.000	0.000	
01706	1	0.000	0.000	0.000	5.013	42.508	2700.827	33.964	-46.023	2772.804	6.599	-362.925	2840.800	38.510	-305.462	2654.455	27.099	-125.527	2789.862	122.028	-20.890	2604.916	241.208	-105.810	2834.594	91.508	7.416	2673.516	30.306	53.707	2607.662	0.000	0.000	0.000	27.099	-125.527	2789.862	-122.341	-7.629	2669.518	-122.341	-279.965	2669.518	-122.341	-527.304	2669.518	-122.341	-628.423	2669.518	0.000	0.000	0.000	133.469	-361.722	2708.285	133.469	-766.556	2708.285	133.469	-1147.362	2708.285	0.000	0.000	0.000	75.794	-346.418	2857.847	75.794	-751.251	2857.847	75.794	-1132.058	2857.847	0.000	0.000	0.000	
01707	1	0.000	0.000	0.000	3.894	39.409	2686.775	32.367	-44.843	2764.262	-4.604	-360.789	2831.876	23.749	-340.110	2637.457	23.092	-124.107	2781.225	117.686	-18.414	2594.896	232.777	-113.394	2822.311	84.842	47.709	2706.930	24.361	113.573	2659.758	0.000	0.000	0.000	23.092	-124.107	2781.225	-125.716	11.318	2671.966	-125.716	-260.684	2671.966	-125.716	-507.973	2671.966	-125.716	-609.073	2671.966	0.000	0.000	0.000	119.454	-387.161	2709.520	119.454	-791.919	2709.520	119.454	-1172.656	2709.520	0.000	0.000	0.000	69.004	-378.489	2843.280	69.004	-783.247	2843.280	69.004	-1163.983	2843.280	0.000	0.000	0.000	
01708	3	0.000	0.000	0.000	-0.091	42.818	2672.819	30.255	-39.088	2752.371	-20.254	-354.579	2812.662	18.714	-365.474	2619.328	17.583	-118.238	2767.497	111.168	-20.233	2582.261	225.999	-115.428	2809.385	103.938	41.526	2662.436	54.035	105.695	2602.356	0.000	0.000	0.000	17.583	-118.238	2767.497	-115.371	37.937	2659.097	-115.371	-233.786	2659.097	-115.371	-481.026	2659.097	-115.371	-582.108	2659.097	0.000	0.000	0.000	112.591	-400.113	2703.845	112.591	-804.796	2703.845	112.591	-1185.461	2703.845	0.000	0.000	0.000	58.300	-390.086	2825.125	58.300	-794.768	2825.125	58.300	-1175.434	2825.125	0.000	0.000	0.000	
01709	3	0.000	0.000	0.000	-7.816	54.283	2635.196	18.953	-31.002	2712.844	-7.381	-343.511	2798.201	31.117	-394.415	2611.351	12.347	-109.404	2734.258	131.816	-22.803	2560.084	229.382	-125.111	2791.632	24.354	-89.426	2658.330	-59.471	-74.836	2603.829	0.000	0.000	0.000	12.347	-109.404	2734.258	-134.191	9.241	2607.639	-134.191	-262.053	2607.639	-134.191	-509.195	2607.639	-134.191	-610.239	2607.639	0.000	0.000	0.000	124.196	-419.832	2696.627	124.196	-824.362	2696.627	124.196	-1204.884	2696.627	0.000	0.000	0.000	55.537	-405.225	2811.122	55.537	-809.756	2811.122	55.537	-1190.278	2811.122	0.000	0.000	0.000	
01710	3	0.000	0.000	0.000	-3.577	42.169	2624.828	21.671	-46.414	2699.361	4.694	-353.170	2799.478	31.714	-430.870	2620.024	17.388	-123.810	2724.621	139.844	-22.867	2556.071	139.844	-293.993	2556.071	139.844	-545.282	2556.071	139.844	-646.306	2556.071	0.000	0.000	0.000	17.388	-123.810	2724.621	-127.028	-12.668	2590.729	-127.028	-283.793	2590.729	-127.028	-535.082	2590.729	-127.028	-636.107	2590.729	0.000	0.000	0.000	71.814	-482.033	2771.345	71.814	-886.487	2771.345	71.814	-1266.937	2771.345	0.000	0.000	0.000	33.704	-505.483	2753.577	33.704	-909.937	2753.577	33.704	-1290.386	2753.577	0.000	0.000	0.000	
01712	3	0.000	0.000	0.000	-35.999	112.295	2482.237	-6.606	31.614	2481.272	-14.399	-161.672	2614.106	-5.937	-301.820	2589.443	-8.561	-16.878	2514.597	38.048	-16.448	2585.761	172.445	-108.139	2694.063	259.080	-52.333	2839.717	276.407	-41.172	2868.848	0.000	0.000	0.000	-8.561	-16.878	2514.597	-26.430	-9.500	2595.895	-136.062	-8.288	2434.098	-89.249	163.884	2434.903	-79.886	198.318	2435.063	0.000	0.000	0.000	38.209	-402.510	2637.266	38.209	-694.571	2637.266	38.209	-969.297	2637.266	0.000	0.000	0.000	-2.319	-417.576	2636.274	-2.319	-709.636	2636.274	-2.319	-984.363	2636.274	0.000	0.000	0.000	
01713	3	0.000	0.000	0.000	-76.301	148.344	2443.954	-48.542	68.577	2459.476	-56.399	-67.701	2650.347	-14.042	-199.130	2614.942	-50.513	34.387	2507.362	9.148	37.869	2564.249	139.476	-99.581	2626.198	139.476	-278.367	2626.198	139.476	-350.679	2626.198	0.000	0.000	0.000	-50.513	34.387	2507.362	-167.522	101.289	2454.765	-13.897	115.433	2328.611	-158.190	129.848	2433.187	-187.049	132.731	2454.102	0.000	0.000	0.000	64.334	-188.275	2593.416	64.334	-480.335	2593.416	64.334	-755.062	2593.416	0.000	0.000	0.000	-99.005	-215.963	2605.234	-99.005	-508.023	2605.234	-99.005	-782.750	2605.234	0.000	0.000	0.000	
01714	3	0.000	0.000	0.000	-84.054	185.704	2413.780	-75.787	100.624	2426.317	-39.717	-106.960	2529.691	-25.133	-248.405	2519.344	-66.738	48.546	2452.251	8.305	42.873	2503.483	108.072	-124.338	2470.798	108.072	-302.969	2470.798	108.072	-375.602	2470.798	0.000	0.000	0.000	-66.738	48.546	2452.251	-171.714	40.955	2486.308	-171.714	-156.482	2486.308	-171.714	-335.113	2486.308	-171.714	-408.222	2486.308	0.000	0.000	0.000	33.974	-326.670	2528.375	33.974	-618.766	2528.375	33.974	-893.526	2528.375	0.000	0.000	0.000	-45.442	-332.928	2564.413	-45.442	-625.025	2564.413	-45.442	-899.785	2564.413	0.000	0.000	0.000	
01715	3	0.000	0.000	0.000	-74.243	188.375	2404.482	-77.932	102.734	2415.437	-64.705	-110.711	2512.929	-57.965	-254.679	2501.216	-74.614	49.185	2439.896	12.177	34.311	2481.173	110.106	-136.684	2470.751	110.106	-315.537	2470.751	110.106	-388.341	2470.751	0.000	0.000	0.000	-74.614	49.185	2439.896	-166.088	27.127	2475.724	-166.088	-170.201	2475.724	-166.088	-349.054	2475.724	-166.088	-422.239	2475.724	0.000	0.000	0.000	-27.627	-363.324	2541.317	-27.627	-655.844	2541.317	-27.627	-931.004	2541.317	0.000	0.000	0.000	-123.531	-346.014	2516.147	-123.531	-638.534	2516.147	-123.531	-913.693	2516.147	0.000	0.000	0.000	
01716	3	0.000	0.000	0.000	-65.839	181.390	2359.622	-80.015	101.292	2391.048	-115.211	-98.206	2520.600	-132.224	-246.998	2521.729	-88.739	51.843	2423.159	6.005	17.577	2459.758	141.352	-127.604	2472.301	141.352	-308.340	2472.301	141.352	-382.029	2472.301	0.000	0.000	0.000	-88.739	51.843	2423.159	-185.448	28.588	2443.266	-185.448	-170.293	2443.266	-185.448	-351.029	2443.266	-185.448	-424.963	2443.266	0.000	0.000	0.000	-82.051	-354.119	2550.231	-82.051	-649.807	2550.231	-82.051	-927.947	2550.231	0.000	0.000	0.000	-177.175	-361.284	2557.898	-177.175	-656.972	2557.898	-177.175	-935.112	2557.898	0.000	0.000	0.000	
01717	3	0.000	0.000	0.000	-65.839	181.390	2359.622	-80.015	101.292	2391.048	-115.211	-98.206	2520.600	-132.224	-246.998	2521.729	-88.739	51.843	2423.159	6.005	17.577	2459.758	141.352	-127.604	2472.301	141.352	-308.340	2472.301	141.352	-382.029	2472.301	0.000	0.000	0.000	-88.739	51.843	2423.159	-185.448	28.588	2443.266	-185.448	-170.293	2443.266	-185.448	-351.029	2443.266	-185.448	-424.963	2443.266	0.000	0.000	0.000	-82.051	-354.119	2550.231	-82.051	-649.807	2550.231	-82.051	-927.947	2550.231	0.000	0.000	0.000	-177.175	-361.284	2557.898	-177.175	-656.972	2557.898	-177.175	-935.112	2557.898	0.000	0.000	0.000	
01718	3	0.000	0.000	0.000	-70.009	162.478	2301.346	-81.129	93.439	2355.635	-117.301	-85.711	2512.352	-131.703	-237.459	2523.188	-90.271	48.158	2395.245	22.297	11.645	2416.116	124.213	-151.824	2479.078	124.213	-336.311	2479.078	124.213	-411.608	2479.078	0.000	0.000	0.000	-90.271	48.158	2395.245	-194.139	16.931	2404.834	-194.139	-185.733	2404.834	-194.139	-370.220	2404.834	-194.139	-445.674	2404.834	0.000	0.000	0.000	-62.448	-323.338	2540.686	-62.448	-625.222	2540.686	-62.448	-909.190	2540.686	0.000	0.000	0.000	-208.784	-323.930	2529.008	-208.784	-625.814	2529.008	-208.784	-909.782	2529.008	0.000	0.000	0.000	
01719	3	0.000	0.000	0.000	-71.667	155.086	2284.767	-81.018	85.884	2341.172	-110.627	-88.833	2509.435	-123.464	-241.388	2521.334	-88.490	41.793	2383.634	26.740	12.024	2412.953	125.100	-155.539	2479.083	125.100	-342.487	2479.083	125.100	-418.817	2479.083	0.000	0.000	0.000	-88.490	41.793	2383.634	-193.967	16.973	2409.825	-193.967	-188.272	2409.825	-193.967	-375.219	2409.825	-193.967	-451.674	2409.825	0.000	0.000	0.000	-88.525	-349.877	2555.155	-88.525	-655.809	2555.155	-88.525	-943.584	2555.155	0.000	0.000	0.000	-196.248	-320.852	2556.733	-196.248	-626.784	2556.733	-196.248	-914.559	2556.733	0.000	0.000	0.000	
01720	3	0.000	0.000	0.000	-72.837	154.229	2275.719	-81.101	84.722	2334.096	-106.619	-88.850	2509.833	-119.100	-241.746	2524.623	-87.533	40.975	2378.389	24.598	10.154	2414.812	139.171	-152.262	2476.768	139.171	-341.986	2476.768	139.171	-419.472	2476.768	0.000	0.000	0.000	-87.533	40.975	2378.389	-202.756	13.072	2391.665	-202.756	-195.121	2391.665	-202.756	-384.845	2391.665	-202.756	-462.431	2391.665	0.000	0.000	0.000	-60.806	-337.872	2555.642	-60.806	-648.365	2555.642	-60.806	-940.430	2555.642	0.000	0.000	0.000	-191.866	-294.555	2584.752	-191.866	-605.047	2584.752	-191.866	-897.113	2584.752	0.000	0.000	0.000	
01721	3	0.000	0.000	0.000	-74.684	157.116	2271.869	-80.973	85.486	2332.365	-91.684	-88.316	2520.436	-97.366	-241.508	2530.562	-83.668	41.758	2379.684	49.037	27.080	2398.084	183.615	-125.270	2466.090	183.615	-320.737	2466.090	183.615	-400.602	2466.090	0.000	0.000	0.000	-83.668	41.758	2379.684	-208.520	24.379	2400.412	-302.170	-156.249	2467.862	-302.170	-351.717	2467.862	-302.170	-431.646	2467.862	0.000	0.000	0.000	-11.176	-290.630	2544.530	-11.176	-610.547	2544.530	-11.176	-911.477	2544.530	0.000	0.000	0.000	-172.711	-314.082	2538.748	-172.711	-633.999	2538.748	-172.711	-934.929	2538.748	0.000	0.000	0.000	
01722	3	0.000	0.000	0.000	-75.278	160.491	2270.092	-80.815	88.150	2331.474	-84.979	-86.992	2522.658	-82.858	-242.833	2524.976	-81.862	44.111	2379.547	56.016	28.230	2383.078	175.213	-132.289	2466.604	175.213	-329.927	2466.604	175.213	-410.691	2466.604	0.000	0.000	0.000	-81.862	44.111	2379.547	-212.870	29.112	2395.131	-299.070	-157.852	2462.694	-299.070	-355.490	2462.694	-299.070	-436.305	2462.694	0.000	0.000	0.000	-1.017	-289.701	2523.973	-1.017	-613.179	2523.973	-1.017	-917.459	2523.973	0.000	0.000	0.000	-160.514	-291.753	2503.254	-160.514	-615.232	2503.254	-160.514	-919.512	2503.254	0.000	0.000	0.000	
01723	3	0.000	0.000	0.000	-76.094	171.454	2255.439	-80.732	99.228	2319.375	-85.205	-65.987	2524.785	-77.316	-223.656	2504.999	-81.856	57.720	2370.982	68.632	55.754	2340.929	151.119	-131.658	2421.483	151.119	-332.422	2421.483	151.119	-414.479	2421.483	0.000	0.000	0.000	-81.856	57.720	2370.982	-225.677	39.891	2330.975	-298.801	-146.936	2421.334	-298.801	-347.700	2421.334	-298.801	-429.790	2421.334	0.000	0.000	0.000	14.716	-226.800	2511.879	14.716	-555.406	2511.879	14.716	-864.509	2511.879	0.000	0.000	0.000	-171.143	-223.183	2505.070	-171.143	-551.789	2505.070	-171.143	-860.893	2505.070	0.000	0.000	0.000	
01724	3	0.000	0.000	0.000	-75.349	180.407	2240.622	-80.363	110.932	2308.296	-84.539	-53.631	2511.082	-76.270	-209.070	2486.632	-81.428	68.967	2360.008	65.177	57.846	2298.013	126.309	-140.689	2374.102	126.309	-342.564	2374.102	126.309	-425.081	2374.102	0.000	0.000	0.000	-81.428	68.967	2360.008	-224.295	55.830	2289.505	-293.786	-121.996	2401.271	-293.786	-323.871	2401.271	-293.786	-406.414	2401.271	0.000	0.000	0.000	16.509	-214.841	2483.030	16.509	-545.270	2483.030	16.509	-856.089	2483.030	0.000	0.000	0.000	-171.160	-200.609	2481.630	-171.160	-531.038	2481.630	-171.160	-841.857	2481.630	0.000	0.000	0.000	
01725	3	0.000	0.000	0.000	-71.702	206.662	2192.394	-79.917	135.517	2259.146	-82.741	-23.240	2464.444	-76.004	-180.870	2457.171	-80.647	94.451	2312.250	64.819	91.721	2278.546	124.525	-115.149	2336.388	124.525	-318.624	2336.388	124.525	-401.803	2336.388	0.000	0.000	0.000	-80.647	94.451	2312.250	-219.472	74.913	2268.851	-290.495	-104.672	2380.255	-290.495	-308.146	2380.255	-290.495	-391.342	2380.255	0.000	0.000	0.000	14.611	-184.202	2473.629	14.611	-517.256	2473.629	14.611	-830.544	2473.629	0.000	0.000	0.000	-167.391	-188.240	2466.288	-167.391	-521.294	2466.288	-167.391	-834.582	2466.288	0.000	0.000	0.000	
01726	3	0.000	0.000	0.000	-69.303	222.538	2174.321	-79.711	148.835	2238.347	-82.381	-8.304	2447.177	-76.423	-166.268	2453.079	-80.399	108.359	2292.138	65.535	107.905	2246.684	132.419	-100.657	2291.482	132.419	-304.701	2291.482	132.419	-388.115	2291.482	0.000	0.000	0.000	-80.399	108.359	2292.138	-219.762	92.685	2246.941	-287.975	-86.117	2362.505	-287.975	-290.161	2362.505	-287.975	-373.589	2362.505	0.000	0.000	0.000	13.445	-182.669	2472.010	13.445	-516.657	2472.010	13.445	-830.822	2472.010	0.000	0.000	0.000	-164.923	-193.776	2467.995	-164.923	-527.763	2467.995	-164.923	-841.929	2467.995	0.000	0.000	0.000	
01727	3	0.000	0.000	0.000	-60.254	249.145	2148.473	-75.043	171.812	2207.799	-75.487	11.495	2420.772	-69.483	-145.612	2442.643	-75.156	131.161	2261.802	62.431	114.220	2222.226	148.190	-85.328	2278.781	148.190	-290.190	2278.781	148.190	-373.943	2278.781	0.000	0.000	0.000	-75.156	131.161	2261.802	-210.920	115.022	2234.942	-263.347	-51.958	2375.445	-263.347	-256.820	2375.445	-263.347	-340.582	2375.445	0.000	0.000	0.000	20.595	-184.314	2467.964	20.595	-519.644	2467.964	20.595	-835.073	2467.964	0.000	0.000	0.000	-157.420	-187.103	2465.118	-157.420	-522.433	2465.118	-157.420	-837.862	2465.118	0.000	0.000	0.000	
01728	3	0.000	0.000	0.000	-57.461	262.262	2139.566	-72.910	182.699	2195.940	-70.695	18.874	2409.525	-61.994	-137.415	2437.664	-72.353	141.504	2249.648	66.867	135.574	2221.410	135.917	-72.999	2268.755	135.917	-278.152	2268.755	135.917	-362.026	2268.755	0.000	0.000	0.000	-72.353	141.504	2249.648	-209.024	125.983	2221.697	-287.897	-71.379	2294.768	-287.897	-276.532	2294.768	-287.897	-360.413	2294.768	0.000	0.000	0.000	30.077	-181.988	2465.841	30.077	-517.795	2465.841	30.077	-833.673	2465.841	0.000	0.000	0.000	-149.199	-185.310	2423.400	-149.199	-521.117	2423.400	-149.199	-836.995	2423.400	0.000	0.000	0.000	
01729	3	0.000	0.000	0.000	-55.988	289.591	2121.920	-69.624	208.010	2176.200	-69.473	36.834	2388.036	-66.854	-119.858	2418.493	-69.586	165.380	2228.956	65.874	153.363	2207.760	141.581	-19.614	2330.485	141.581	-225.186	2330.485	141.581	-309.233	2330.485	0.000	0.000	0.000	-69.586	165.380	2228.956	-201.290	149.456	2215.914	-293.066	-51.239	2260.782	-293.066	-256.811	2260.782	-293.066	-340.862	2260.782	0.000	0.000	0.000	26.131	-159.358	2434.597	26.131	-495.852	2434.597	26.131	-812.375	2434.597	0.000	0.000	0.000	-158.734	-161.842	2421.140	-158.734	-498.336	2421.140	-158.734	-814.859	2421.140	0.000	0.000	0.000	
01730	3	0.000	0.000	0.000	-56.363	300.039	2112.037	-69.388	219.206	2167.701	-69.411	49.320	2380.314	-68.058	-105.281	2424.416	-69.393	176.835	2220.729	66.370	171.685	2207.917	138.486	-40.892	2227.833	138.486	-246.612	2227.833	138.486	-330.720	2227.833	0.000	0.000	0.000	-69.393	176.835	2220.729	-203.359	166.389	2207.297	-290.382	-38.242	2243.891	-290.382	-243.962	2243.891	-290.382	-328.074	2243.891	0.000	0.000	0.000	9.463	-196.256	2482.963	9.463	-532.994	2482.963	9.463	-849.747	2482.963	0.000	0.000	0.000	-145.072	-211.281	2462.311	-145.072	-548.018	2462.311	-145.072	-864.771	2462.311	0.000	0.000	0.000	
01731	3	0.000	0.000	0.000	-55.311	322.095	2101.890	-67.520	242.333	2159.438	-66.535	70.858	2370.393	-64.421	-82.768	2427.008	-67.273	199.475	2212.164	68.022	193.210	2196.137	141.825	-19.150	2214.734	141.825	-225.084	2214.734	141.825	-309.281	2214.734	0.000	0.000	0.000	-67.273	199.475	2212.164	-199.768	179.216	2185.088	-285.493	-21.252	2242.995	-285.493	-227.186	2242.995	-285.493	-311.385	2242.995	0.000	0.000	0.000	24.134	-189.146	2455.361	24.134	-526.234	2455.361	24.134	-843.317	2455.361	0.000	0.000	0.000	-153.105	-182.140	2450.507	-153.105	-519.228	2450.507	-153.105	-836.311	2450.507	0.000	0.000	0.000	
01732	3	0.000	0.000	0.000	-54.567	333.509	2096.521	-67.100	253.364	2153.530	-67.430	78.137	2366.178	-72.103	-76.562	2420.297	-67.182	210.138	2205.988	66.627	203.208	2194.635	143.809	-7.538	2220.421	143.809	-213.547	2220.421	143.809	-297.775	2220.421	0.000	0.000	0.000	-67.182	210.138	2205.988	-196.172	182.773	2174.640	-284.609	-17.590	2230.041	-284.609	-223.600	2230.041	-284.609	-307.830	2230.041	0.000	0.000	0.000	4.685	-197.641	2444.162	4.685	-534.854	2444.162	4.685	-852.053	2444.162	0.000	0.000	0.000	-161.218	-181.029	2445.716	-161.218	-518.242	2445.716	-161.218	-835.441	2445.716	0.000	0.000	0.000	
01733	3	0.000	0.000	0.000	-50.963	352.942	2084.990	-66.324	270.742	2138.358	-68.923	87.854	2346.762	-86.156	-68.293	2394.794	-66.962	225.886	2189.472	59.224	207.374	2190.862	141.040	-0.248	2242.126	141.040	-209.384	2242.126	141.040	-293.657	2242.126	0.000	0.000	0.000	-66.962	225.886	2189.472	-194.159	199.474	2171.733	-285.496	-3.098	2226.966	-310.189	-200.731	2290.758	-320.140	-280.370	2316.464	0.000	0.000	0.000	-10.095	-174.345	2427.080	-10.095	-511.738	2427.080	-10.095	-829.106	2427.080	0.000	0.000	0.000	-177.825	-172.293	2420.811	-177.825	-509.686	2420.811	-177.825	-827.054	2420.811	0.000	0.000	0.000	
01734	3	0.000	0.000	0.000	-47.114	359.202	2080.750	-65.730	276.649	2132.548	-68.944	89.156	2340.112	-84.793	-66.731	2389.820	-66.512	231.056	2183.022	60.314	212.602	2187.917	141.549	2.992	2240.999	141.549	-209.301	2240.999	141.549	-293.591	2240.999	0.000	0.000	0.000	-66.512	231.056	2183.022	-195.155	203.965	2164.504	-288.425	1.107	2223.686	-313.427	-198.750	2290.772	-323.354	-278.103	2317.408	0.000	0.000	0.000	-15.314	-187.269	2438.298	-15.314	-524.725	2438.298	-15.314	-842.154	2438.298	0.000	0.000	0.000	-173.282	-184.510	2424.369	-173.282	-521.966	2424.369	-173.282	-839.395	2424.369	0.000	0.000	0.000	
