00731	1	0.000	0.000	0.000	99.803	196.299	2500.162	91.850	98.842	2502.056	120.626	-64.414	2701.439	136.507	-206.460	2756.111	99.105	57.684	2552.322	193.869	-0.713	2584.719	284.930	-157.673	2705.792	370.971	11.341	2763.096	406.150	80.444	2786.525	0.000	0.000	0.000	99.105	57.684	2552.322	1.308	23.699	2617.414	-92.508	-166.870	2667.110	-21.571	-24.021	2549.575	7.546	34.612	2501.332	0.000	0.000	0.000	252.780	-295.411	2773.415	252.780	-619.714	2773.415	252.780	-924.770	2773.415	0.000	0.000	0.000	40.981	-293.080	2757.748	40.981	-617.383	2757.748	40.981	-922.439	2757.748	0.000	0.000	0.000	
00732	1	0.000	0.000	0.000	86.656	202.007	2567.784	75.330	106.741	2561.759	94.753	-76.981	2746.067	110.543	-230.424	2777.574	80.291	59.810	2608.840	175.513	30.426	2661.821	294.674	-141.826	2733.762	294.674	-346.975	2733.762	294.674	-429.581	2733.762	0.000	0.000	0.000	80.291	59.810	2608.840	-21.379	15.871	2652.660	-82.099	-196.403	2669.938	-10.576	-11.266	2618.026	18.238	63.320	2597.112	0.000	0.000	0.000	218.721	-291.566	2802.841	218.721	-622.279	2802.841	218.721	-933.364	2802.841	0.000	0.000	0.000	24.685	-301.975	2745.936	24.685	-632.688	2745.936	24.685	-943.773	2745.936	0.000	0.000	0.000	
00733	1	0.000	0.000	0.000	86.784	202.528	2576.967	81.793	106.728	2582.094	103.629	-84.260	2759.084	116.550	-239.446	2784.811	87.382	57.848	2627.392	185.358	27.962	2680.895	301.667	-150.936	2742.655	301.667	-356.109	2742.655	301.667	-438.979	2742.655	0.000	0.000	0.000	87.382	57.848	2627.392	-23.815	11.876	2662.974	-82.062	-202.182	2674.495	-16.055	-18.585	2611.003	10.616	55.601	2585.348	0.000	0.000	0.000	220.769	-305.762	2820.176	220.769	-637.532	2820.176	220.769	-949.612	2820.176	0.000	0.000	0.000	28.939	-312.093	2752.755	28.939	-643.863	2752.755	28.939	-955.943	2752.755	0.000	0.000	0.000	
00734	1	0.000	0.000	0.000	86.791	201.182	2580.276	85.987	106.611	2598.688	108.848	-86.568	2774.677	122.504	-242.688	2796.334	91.830	57.237	2643.668	195.905	24.273	2690.250	307.238	-158.661	2751.304	307.238	-363.853	2751.304	307.238	-446.935	2751.304	0.000	0.000	0.000	91.830	57.237	2643.668	-32.892	13.805	2665.772	-76.929	-203.955	2680.888	45.205	-67.548	2588.259	94.673	-12.299	2550.742	0.000	0.000	0.000	227.815	-309.298	2823.351	227.815	-641.915	2823.351	227.815	-954.791	2823.351	0.000	0.000	0.000	36.765	-323.052	2762.856	36.765	-655.669	2762.856	36.765	-968.545	2762.856	0.000	0.000	0.000	
00735	1	0.000	0.000	0.000	86.766	199.889	2583.671	85.075	106.566	2609.971	111.257	-90.440	2782.397	126.580	-246.909	2801.944	91.761	56.262	2653.998	199.794	20.006	2693.373	309.457	-163.809	2756.356	309.457	-369.016	2756.356	309.457	-452.266	2756.356	0.000	0.000	0.000	91.761	56.262	2653.998	-37.826	16.405	2676.115	-74.961	-203.599	2676.557	3.137	-25.383	2611.365	34.829	46.936	2584.910	0.000	0.000	0.000	232.674	-313.639	2821.755	232.674	-646.933	2821.755	232.674	-960.446	2821.755	0.000	0.000	0.000	47.139	-327.636	2758.031	47.139	-660.930	2758.031	47.139	-974.443	2758.031	0.000	0.000	0.000	
00736	1	0.000	0.000	0.000	85.561	183.213	2591.500	79.903	92.247	2630.652	112.074	-111.670	2790.777	124.920	-269.460	2799.562	88.232	39.456	2672.106	204.577	3.267	2700.299	324.988	-175.455	2763.439	324.988	-380.713	2763.439	324.988	-464.526	2763.439	0.000	0.000	0.000	88.232	39.456	2672.106	-45.179	2.344	2698.354	-73.737	-218.021	2665.939	-15.858	-28.481	2612.502	7.776	48.917	2590.681	0.000	0.000	0.000	228.435	-314.156	2809.053	228.435	-649.702	2809.053	228.435	-965.333	2809.053	0.000	0.000	0.000	39.966	-327.760	2756.557	39.966	-663.306	2756.557	39.966	-978.937	2756.557	0.000	0.000	0.000	
00737	1	0.000	0.000	0.000	85.593	180.388	2591.804	79.985	91.104	2634.473	113.142	-113.669	2792.495	125.816	-271.407	2799.277	88.587	37.978	2675.470	207.205	3.682	2700.827	322.381	-178.470	2764.136	322.381	-385.705	2764.136	322.381	-469.540	2764.136	0.000	0.000	0.000	88.587	37.978	2675.470	-45.362	-0.391	2698.873	-74.154	-220.594	2665.193	-22.874	-28.432	2606.966	-2.128	49.308	2583.410	0.000	0.000	0.000	229.150	-313.589	2807.626	229.150	-649.224	2807.626	229.150	-964.941	2807.626	0.000	0.000	0.000	39.661	-324.146	2756.245	39.661	-659.782	2756.245	39.661	-975.499	2756.245	0.000	0.000	0.000	
00738	1	0.000	0.000	0.000	85.632	177.092	2591.859	80.056	89.319	2637.418	114.264	-115.646	2794.088	126.843	-273.307	2799.450	88.951	36.023	2678.156	207.868	2.007	2702.461	325.573	-179.102	2764.253	325.573	-385.943	2764.253	325.573	-469.796	2764.253	0.000	0.000	0.000	88.951	36.023	2678.156	-45.539	-3.437	2699.159	-75.027	-223.438	2664.469	-59.611	-21.504	2622.419	-53.362	60.362	2605.371	0.000	0.000	0.000	229.826	-313.882	2808.644	229.826	-649.590	2808.644	229.826	-965.373	2808.644	0.000	0.000	0.000	40.105	-325.845	2757.789	40.105	-661.553	2757.789	40.105	-977.336	2757.789	0.000	0.000	0.000	
00739	1	0.000	0.000	0.000	85.546	173.399	2597.000	79.977	86.140	2643.339	116.238	-119.060	2797.481	128.740	-276.476	2802.273	89.446	32.551	2683.594	204.820	-4.699	2707.723	330.208	-182.054	2765.395	330.208	-388.326	2765.395	330.208	-472.205	2765.395	0.000	0.000	0.000	89.446	32.551	2683.594	-48.874	-3.303	2701.483	-73.565	-223.424	2663.541	-18.200	-34.112	2603.175	4.315	42.872	2578.628	0.000	0.000	0.000	231.490	-313.927	2809.338	231.490	-649.737	2809.338	231.490	-965.616	2809.338	0.000	0.000	0.000	40.410	-322.907	2762.187	40.410	-658.716	2762.187	40.410	-974.596	2762.187	0.000	0.000	0.000	
00740	1	0.000	0.000	0.000	85.443	172.518	2601.163	79.952	85.241	2647.406	116.849	-120.890	2799.429	129.608	-278.160	2803.698	89.605	31.316	2687.177	209.869	-1.259	2706.028	329.994	-181.611	2765.658	329.994	-389.137	2765.658	329.994	-473.025	2765.658	0.000	0.000	0.000	89.605	31.316	2687.177	-49.705	-3.633	2702.972	-73.155	-223.494	2662.676	-15.494	-29.891	2615.136	7.814	48.370	2595.919	0.000	0.000	0.000	232.204	-314.942	2809.397	232.204	-650.786	2809.397	232.204	-966.699	2809.397	0.000	0.000	0.000	41.648	-323.318	2762.756	41.648	-659.163	2762.756	41.648	-975.075	2762.756	0.000	0.000	0.000	
00741	1	0.000	0.000	0.000	85.319	172.229	2606.116	79.935	84.743	2651.868	117.929	-122.315	2801.189	131.475	-279.312	2804.940	89.902	30.425	2691.040	211.208	0.133	2706.068	330.870	-180.353	2766.335	330.870	-391.093	2766.335	330.870	-474.993	2766.335	0.000	0.000	0.000	89.902	30.425	2691.040	-50.222	-3.271	2703.265	-72.808	-223.186	2662.595	-21.598	-21.829	2627.318	-1.210	58.335	2613.273	0.000	0.000	0.000	234.070	-314.676	2810.334	234.070	-650.570	2810.334	234.070	-966.528	2810.334	0.000	0.000	0.000	43.760	-316.621	2761.408	43.760	-652.514	2761.408	43.760	-968.473	2761.408	0.000	0.000	0.000	
00742	1	0.000	0.000	0.000	85.142	170.206	2608.060	79.944	84.524	2657.092	118.699	-124.393	2803.335	132.549	-281.304	2805.677	90.117	29.684	2695.481	210.160	-1.642	2708.315	332.749	-180.606	2767.266	332.749	-390.248	2767.266	332.749	-474.151	2767.266	0.000	0.000	0.000	90.117	29.684	2695.481	-51.190	-3.311	2702.851	-72.303	-223.481	2662.721	-21.713	-24.208	2621.723	-1.465	55.546	2605.314	0.000	0.000	0.000	235.003	-314.638	2810.330	235.003	-650.547	2810.330	235.003	-966.520	2810.330	0.000	0.000	0.000	44.758	-321.632	2763.422	44.758	-657.542	2763.422	44.758	-973.515	2763.422	0.000	0.000	0.000	
00743	1	0.000	0.000	0.000	84.947	169.445	2608.595	79.949	84.950	2659.616	118.958	-125.189	2804.281	133.423	-281.924	2806.078	90.184	29.816	2697.572	206.546	-3.743	2708.790	334.936	-178.364	2768.455	334.936	-386.424	2768.455	334.936	-470.332	2768.455	0.000	0.000	0.000	90.184	29.816	2697.572	-50.857	-1.938	2700.258	-72.188	-222.815	2664.273	-0.314	-30.430	2630.945	28.672	47.157	2617.504	0.000	0.000	0.000	235.895	-314.218	2810.275	235.895	-650.146	2810.275	235.895	-966.138	2810.275	0.000	0.000	0.000	44.965	-317.464	2764.011	44.965	-653.392	2764.011	44.965	-969.383	2764.011	0.000	0.000	0.000	
00744	1	0.000	0.000	0.000	84.830	169.165	2608.814	79.951	84.992	2660.355	119.133	-125.997	2804.160	133.684	-282.663	2805.997	90.222	29.685	2698.051	206.685	-2.283	2708.155	333.599	-178.097	2767.485	333.599	-388.458	2767.485	333.599	-472.367	2767.485	0.000	0.000	0.000	90.222	29.685	2698.051	-50.253	-0.976	2700.602	-72.374	-221.736	2664.365	4.859	-29.139	2629.830	35.666	47.686	2616.054	0.000	0.000	0.000	236.069	-314.222	2810.260	236.069	-650.155	2810.260	236.069	-966.150	2810.260	0.000	0.000	0.000	45.148	-317.813	2764.138	45.148	-653.746	2764.138	45.148	-969.742	2764.138	0.000	0.000	0.000	
00745	1	0.000	0.000	0.000	84.462	168.757	2608.910	79.952	85.021	2661.162	119.049	-128.674	2801.576	133.790	-285.296	2799.104	90.187	29.080	2697.919	207.016	0.372	2706.969	329.724	-179.544	2762.744	329.724	-388.057	2762.744	329.724	-471.967	2762.744	0.000	0.000	0.000	90.187	29.080	2697.919	-49.166	0.124	2700.277	-72.897	-220.599	2664.834	25.020	-44.343	2611.695	64.424	26.586	2590.311	0.000	0.000	0.000	235.665	-314.557	2806.454	235.665	-650.491	2806.454	235.665	-966.487	2806.454	0.000	0.000	0.000	44.236	-317.600	2758.469	44.236	-653.533	2758.469	44.236	-969.530	2758.469	0.000	0.000	0.000	
00746	1	0.000	0.000	0.000	83.808	164.637	2604.197	79.954	84.684	2662.097	115.025	-130.447	2801.294	130.278	-287.107	2796.471	89.136	28.359	2698.541	208.075	8.336	2714.512	323.638	-179.772	2756.890	323.638	-387.097	2756.890	323.638	-471.005	2756.890	0.000	0.000	0.000	89.136	28.359	2698.541	-48.645	0.814	2699.770	-73.039	-219.980	2665.264	-21.051	-27.960	2606.875	-0.010	49.754	2583.244	0.000	0.000	0.000	231.660	-312.969	2808.536	231.660	-648.894	2808.536	231.660	-964.883	2808.536	0.000	0.000	0.000	39.110	-319.568	2759.972	39.110	-655.493	2759.972	39.110	-971.481	2759.972	0.000	0.000	0.000	
00747	1	0.000	0.000	0.000	83.547	161.300	2600.634	80.355	84.293	2662.425	114.952	-130.675	2801.628	130.408	-287.360	2799.091	89.419	27.969	2698.898	206.414	6.063	2715.296	320.728	-183.858	2752.651	320.728	-390.758	2752.651	320.728	-474.664	2752.651	0.000	0.000	0.000	89.419	27.969	2698.898	-48.073	1.041	2699.599	-73.281	-219.687	2665.296	-20.337	-29.391	2603.717	1.133	47.781	2578.744	0.000	0.000	0.000	232.130	-313.170	2808.358	232.130	-649.088	2808.358	232.130	-965.070	2808.358	0.000	0.000	0.000	41.797	-319.420	2756.808	41.797	-655.338	2756.808	41.797	-971.320	2756.808	0.000	0.000	0.000	
00748	1	0.000	0.000	0.000	83.157	157.007	2596.723	80.924	83.904	2663.110	114.941	-130.560	2802.137	130.583	-287.194	2799.932	89.857	27.586	2699.618	204.819	3.655	2714.297	330.441	-178.835	2752.292	330.441	-385.117	2752.292	330.441	-469.018	2752.292	0.000	0.000	0.000	89.857	27.586	2699.618	-48.233	2.130	2695.385	-72.985	-219.515	2667.320	14.230	-37.881	2623.107	49.703	35.995	2605.124	0.000	0.000	0.000	231.582	-320.859	2808.020	231.582	-656.757	2808.020	231.582	-972.719	2808.020	0.000	0.000	0.000	43.922	-320.229	2754.093	43.922	-656.127	2754.093	43.922	-972.089	2754.093	0.000	0.000	0.000	
00749	1	0.000	0.000	0.000	83.100	157.429	2597.318	81.000	83.911	2663.240	114.582	-130.723	2802.620	130.348	-287.468	2800.026	89.809	27.611	2699.800	201.782	-3.422	2707.284	335.166	-178.299	2753.651	335.166	-384.358	2753.651	335.166	-468.255	2753.651	0.000	0.000	0.000	89.809	27.611	2699.800	-49.286	2.198	2685.686	-72.420	-220.946	2671.746	-11.761	-32.986	2612.994	12.937	43.542	2589.073	0.000	0.000	0.000	231.493	-324.866	2808.315	231.493	-660.750	2808.315	231.493	-976.701	2808.315	0.000	0.000	0.000	43.327	-323.461	2755.457	43.327	-659.346	2755.457	43.327	-975.297	2755.457	0.000	0.000	0.000	
00750	1	0.000	0.000	0.000	82.931	158.253	2595.807	80.965	83.877	2660.746	114.461	-131.696	2800.708	130.308	-288.671	2799.418	89.714	27.572	2697.302	203.419	-0.264	2703.667	329.465	-179.258	2754.532	329.465	-384.988	2754.532	329.465	-468.878	2754.532	0.000	0.000	0.000	89.714	27.572	2697.302	-43.245	-0.363	2698.061	-74.788	-220.268	2663.995	-26.473	-35.140	2588.378	-6.772	40.350	2557.544	0.000	0.000	0.000	232.612	-315.967	2808.427	232.612	-651.822	2808.427	232.612	-967.743	2808.427	0.000	0.000	0.000	44.883	-334.947	2756.125	44.883	-670.801	2756.125	44.883	-986.723	2756.125	0.000	0.000	0.000	
00751	1	0.000	0.000	0.000	82.829	157.718	2593.557	80.935	83.868	2659.086	114.465	-131.872	2799.850	130.327	-288.909	2799.362	89.673	27.647	2695.768	205.715	4.699	2705.311	325.495	-179.298	2753.338	325.495	-384.907	2753.338	325.495	-468.793	2753.338	0.000	0.000	0.000	89.673	27.647	2695.768	-41.208	-2.454	2699.139	-76.173	-221.420	2662.536	-32.802	-38.972	2578.234	-15.107	35.464	2543.840	0.000	0.000	0.000	231.068	-329.591	2808.393	231.068	-665.428	2808.393	231.068	-981.333	2808.393	0.000	0.000	0.000	45.202	-337.108	2756.740	45.202	-672.945	2756.740	45.202	-988.851	2756.740	0.000	0.000	0.000	
00752	1	0.000	0.000	0.000	82.422	153.418	2583.790	80.856	83.862	2653.851	115.059	-128.584	2798.124	130.744	-285.957	2799.154	89.792	28.356	2691.545	203.114	1.396	2701.995	326.423	-179.030	2754.323	326.423	-384.457	2754.323	326.423	-468.333	2754.323	0.000	0.000	0.000	89.792	28.356	2691.545	-42.934	-0.147	2694.885	-74.566	-220.258	2662.522	-34.999	-31.536	2591.678	-18.844	45.519	2562.753	0.000	0.000	0.000	231.131	-322.252	2808.689	231.131	-658.050	2808.689	231.131	-973.919	2808.689	0.000	0.000	0.000	46.818	-337.348	2758.332	46.818	-673.146	2758.332	46.818	-989.015	2758.332	0.000	0.000	0.000	
00753	1	0.000	0.000	0.000	82.281	152.631	2578.408	80.837	83.859	2649.232	110.674	-129.686	2796.655	128.684	-285.451	2794.523	88.569	28.524	2687.433	205.558	4.414	2696.477	324.314	-177.344	2754.369	324.314	-386.312	2754.369	324.314	-470.182	2754.369	0.000	0.000	0.000	88.569	28.524	2687.433	-42.504	0.478	2693.199	-74.654	-219.730	2662.128	-20.963	-27.846	2599.158	0.587	49.168	2573.885	0.000	0.000	0.000	215.987	-336.002	2803.743	215.987	-671.779	2803.743	215.987	-987.628	2803.743	0.000	0.000	0.000	54.509	-346.350	2762.415	54.509	-682.128	2762.415	54.509	-997.977	2762.415	0.000	0.000	0.000	
00754	1	0.000	0.000	0.000	81.238	152.927	2570.162	78.225	83.863	2640.642	101.751	-131.633	2789.383	124.467	-288.142	2784.616	84.281	28.387	2678.932	206.718	5.942	2679.789	320.571	-172.197	2763.216	320.571	-380.384	2763.216	320.571	-464.249	2763.216	0.000	0.000	0.000	84.281	28.387	2678.932	-42.780	0.542	2690.940	-74.818	-222.422	2660.661	-11.050	-37.711	2588.847	14.638	36.697	2559.918	0.000	0.000	0.000	213.219	-310.555	2794.989	213.219	-646.310	2794.989	213.219	-962.139	2794.989	0.000	0.000	0.000	38.826	-320.069	2758.758	38.826	-655.824	2758.758	38.826	-971.652	2758.758	0.000	0.000	0.000	
00755	1	0.000	0.000	0.000	80.619	145.590	2548.368	76.341	78.760	2620.876	102.129	-137.458	2768.174	122.169	-297.030	2774.461	82.979	23.109	2658.788	197.969	-12.455	2651.603	315.331	-182.366	2747.453	315.331	-389.011	2747.453	315.331	-472.858	2747.453	0.000	0.000	0.000	82.979	23.109	2658.788	-43.437	-1.465	2678.101	-75.437	-226.494	2665.097	-20.744	-53.946	2565.406	1.448	16.066	2524.956	0.000	0.000	0.000	215.850	-307.127	2785.857	215.850	-642.810	2785.857	215.850	-958.570	2785.857	0.000	0.000	0.000	20.809	-291.955	2763.418	20.809	-627.638	2763.418	20.809	-943.398	2763.418	0.000	0.000	0.000	
00756	1	0.000	0.000	0.000	80.619	145.590	2548.368	76.341	78.760	2620.876	102.129	-137.458	2768.174	122.169	-297.030	2774.461	82.979	23.109	2658.788	197.969	-12.455	2651.603	315.331	-182.366	2747.453	315.331	-389.011	2747.453	315.331	-472.858	2747.453	0.000	0.000	0.000	82.979	23.109	2658.788	-43.437	-1.465	2678.101	-75.437	-226.494	2665.097	-20.744	-53.946	2565.406	1.448	16.066	2524.956	0.000	0.000	0.000	215.850	-307.127	2785.857	215.850	-642.810	2785.857	215.850	-958.570	2785.857	0.000	0.000	0.000	20.809	-291.955	2763.418	20.809	-627.638	2763.418	20.809	-943.398	2763.418	0.000	0.000	0.000	
00757	1	0.000	0.000	0.000	80.760	131.336	2524.167	76.070	70.231	2601.517	104.440	-146.808	2749.658	119.002	-307.114	2767.615	83.332	14.676	2639.436	205.992	-11.665	2594.522	292.084	-150.787	2751.217	292.084	-356.834	2751.217	292.084	-440.668	2751.217	0.000	0.000	0.000	83.332	14.676	2639.436	-47.493	-2.780	2656.627	-75.546	-227.457	2663.928	-28.071	-55.982	2560.014	-8.755	13.785	2517.735	0.000	0.000	0.000	202.917	-360.319	2782.417	202.917	-695.949	2782.417	202.917	-1011.660	2782.417	0.000	0.000	0.000	44.502	-374.459	2770.074	44.502	-710.090	2770.074	44.502	-1025.800	2770.074	0.000	0.000	0.000	
00758	1	0.000	0.000	0.000	81.154	127.631	2505.637	76.046	66.674	2583.067	105.076	-158.976	2724.900	116.298	-317.563	2742.531	83.371	9.737	2618.855	210.242	-3.866	2567.751	283.438	-135.085	2736.750	283.438	-340.915	2736.750	283.438	-424.742	2736.750	0.000	0.000	0.000	83.371	9.737	2618.855	-51.364	-4.513	2626.860	-75.279	-227.958	2652.097	-29.415	-57.291	2546.574	-10.737	12.215	2503.598	0.000	0.000	0.000	200.992	-388.048	2775.290	200.992	-723.651	2775.290	200.992	-1039.335	2775.290	0.000	0.000	0.000	61.662	-417.734	2775.720	61.662	-753.337	2775.720	61.662	-1069.021	2775.720	0.000	0.000	0.000	
00759	1	0.000	0.000	0.000	89.784	144.455	2456.305	76.204	66.313	2513.605	106.914	-155.981	2669.544	114.260	-313.842	2692.414	83.805	11.293	2552.202	209.527	0.436	2525.752	306.691	-160.585	2650.247	306.691	-366.090	2650.247	306.691	-449.903	2650.247	0.000	0.000	0.000	83.805	11.293	2552.202	-47.903	-7.518	2551.143	-73.708	-198.525	2668.266	-59.706	-45.401	2531.923	-53.996	17.049	2476.317	0.000	0.000	0.000	186.362	-419.291	2744.097	186.362	-754.837	2744.097	186.362	-1070.468	2744.097	0.000	0.000	0.000	80.685	-438.611	2753.818	80.685	-774.156	2753.818	80.685	-1089.788	2753.818	0.000	0.000	0.000	
00760	1	0.000	0.000	0.000	98.135	155.773	2443.325	76.367	66.428	2477.207	106.363	-148.074	2644.210	112.493	-305.228	2675.493	83.785	13.386	2518.503	206.875	-0.619	2502.242	291.264	-160.194	2637.087	318.849	-67.575	2818.315	330.105	-29.783	2892.264	0.000	0.000	0.000	83.785	13.386	2518.503	-38.179	-11.520	2531.588	-98.350	-193.715	2649.714	-57.177	-52.864	2506.018	-40.377	4.609	2447.383	0.000	0.000	0.000	176.576	-423.365	2739.939	176.576	-758.882	2739.939	176.576	-1074.486	2739.939	0.000	0.000	0.000	81.001	-432.758	2752.246	81.001	-768.275	2752.246	81.001	-1083.879	2752.246	0.000	0.000	0.000	
00761	1	0.000	0.000	0.000	111.594	152.694	2424.929	76.703	61.216	2432.745	103.838	-142.407	2615.357	106.846	-297.679	2656.778	83.379	11.122	2477.670	201.099	-3.140	2480.758	286.359	-155.713	2622.441	286.359	-360.913	2622.441	286.359	-444.703	2622.441	0.000	0.000	0.000	83.379	11.122	2477.670	-29.131	-22.859	2493.174	-118.700	-210.143	2579.915	-35.046	-53.927	2476.450	-0.887	9.862	2434.201	0.000	0.000	0.000	178.180	-441.747	2721.915	178.180	-777.203	2721.915	178.180	-1092.750	2721.915	0.000	0.000	0.000	66.599	-454.644	2735.506	66.599	-790.100	2735.506	66.599	-1105.647	2735.506	0.000	0.000	0.000	
00762	1	0.000	0.000	0.000	111.387	146.389	2411.474	76.908	54.782	2420.451	102.567	-150.846	2604.593	104.126	-305.889	2646.482	83.166	4.631	2465.363	189.007	-6.984	2498.226	297.205	-182.440	2588.090	297.205	-387.567	2588.090	297.205	-471.350	2588.090	0.000	0.000	0.000	83.166	4.631	2465.363	-23.923	-25.880	2496.324	-120.633	-223.867	2541.223	-35.655	-62.075	2448.058	-0.947	4.007	2410.005	0.000	0.000	0.000	178.203	-458.877	2700.938	178.203	-794.302	2700.938	178.203	-1109.820	2700.938	0.000	0.000	0.000	49.835	-468.213	2714.660	49.835	-803.638	2714.660	49.835	-1119.156	2714.660	0.000	0.000	0.000	
00763	3	0.000	0.000	0.000	110.693	135.487	2380.448	77.897	45.673	2403.664	99.135	-178.139	2570.849	96.934	-337.836	2593.946	83.021	-8.329	2444.002	187.205	-25.020	2482.597	320.543	-193.319	2548.769	320.543	-398.332	2548.769	320.543	-482.099	2548.769	0.000	0.000	0.000	83.021	-8.329	2444.002	-18.122	-54.109	2466.911	-72.309	-270.794	2491.279	-10.017	-91.479	2413.845	15.435	-18.212	2382.206	0.000	0.000	0.000	147.850	-471.904	2661.544	147.850	-807.265	2661.544	147.850	-1122.723	2661.544	0.000	0.000	0.000	37.474	-469.307	2657.957	37.474	-804.669	2657.957	37.474	-1120.126	2657.957	0.000	0.000	0.000	
00764	3	0.000	0.000	0.000	109.573	124.051	2349.769	79.744	40.719	2392.823	97.552	-186.457	2557.338	94.979	-347.118	2577.629	84.027	-13.917	2432.388	199.294	-37.022	2444.642	331.680	-178.940	2557.700	331.680	-387.745	2557.700	331.680	-471.503	2557.700	0.000	0.000	0.000	84.027	-13.917	2432.388	-18.570	-64.945	2439.625	-36.053	-287.972	2459.686	-20.930	-86.504	2406.945	-14.863	-5.689	2385.788	0.000	0.000	0.000	158.911	-470.017	2633.096	158.911	-805.345	2633.096	158.911	-1120.772	2633.096	0.000	0.000	0.000	64.204	-467.564	2662.179	64.204	-802.892	2662.179	64.204	-1118.319	2662.179	0.000	0.000	0.000	
00765	3	0.000	0.000	0.000	107.097	84.347	2287.372	86.095	29.676	2364.484	101.358	-199.601	2526.644	101.724	-360.309	2548.821	89.762	-25.417	2403.449	211.863	-47.797	2409.085	318.378	-194.125	2541.893	208.708	-103.689	2390.947	164.414	-67.163	2329.982	0.000	0.000	0.000	89.762	-25.417	2403.449	-16.394	-71.598	2419.697	-155.103	-233.199	2490.690	-20.133	-125.122	2376.264	34.379	-81.472	2330.050	0.000	0.000	0.000	170.609	-487.353	2575.935	170.609	-822.614	2575.935	170.609	-1137.978	2575.935	0.000	0.000	0.000	82.487	-481.101	2631.222	82.487	-816.363	2631.222	82.487	-1131.726	2631.222	0.000	0.000	0.000	
00766	3	0.000	0.000	0.000	107.502	72.768	2266.595	90.586	22.685	2347.805	107.348	-204.295	2512.125	110.585	-363.551	2538.813	94.621	-31.952	2387.359	206.936	-55.239	2415.861	147.048	-61.040	2199.637	224.116	-127.116	2379.825	255.319	-153.867	2452.777	0.000	0.000	0.000	94.621	-31.952	2387.359	-21.966	-70.286	2401.930	-149.063	-223.898	2504.997	-21.752	-126.902	2374.013	29.792	-87.632	2320.982	0.000	0.000	0.000	166.902	-503.657	2566.182	166.902	-838.884	2566.182	166.902	-1154.215	2566.182	0.000	0.000	0.000	84.903	-493.780	2613.034	84.903	-829.007	2613.034	84.903	-1144.339	2613.034	0.000	0.000	0.000	
00767	3	0.000	0.000	0.000	110.129	74.009	2239.772	95.173	12.797	2311.246	121.655	-210.814	2474.544	126.517	-370.257	2493.986	101.605	-41.513	2350.907	207.809	-55.216	2399.228	286.018	-262.929	2431.983	218.094	-102.220	2322.375	190.497	-36.925	2277.842	0.000	0.000	0.000	101.605	-41.513	2350.907	-16.887	-77.434	2377.233	-142.131	-263.571	2376.099	-19.203	-106.168	2325.427	30.742	-42.215	2304.840	0.000	0.000	0.000	185.773	-489.100	2552.229	185.773	-824.256	2552.229	185.773	-1139.521	2552.229	0.000	0.000	0.000	76.676	-474.995	2571.048	76.676	-810.152	2571.048	76.676	-1125.417	2571.048	0.000	0.000	0.000	
00768	3	0.000	0.000	0.000	111.663	84.488	2225.193	96.746	10.204	2284.023	114.081	-202.447	2460.645	117.149	-361.293	2486.141	100.974	-41.659	2327.098	195.444	-49.173	2394.143	274.724	-258.557	2407.941	196.847	-107.091	2292.475	165.166	-45.474	2245.503	0.000	0.000	0.000	100.974	-41.659	2327.098	-30.152	-65.772	2343.333	-131.115	-249.004	2424.266	-39.995	-85.476	2338.857	-2.927	-18.951	2304.112	0.000	0.000	0.000	146.473	-520.223	2481.309	146.473	-855.343	2481.309	146.473	-1170.573	2481.309	0.000	0.000	0.000	84.308	-517.809	2478.672	84.308	-852.929	2478.672	84.308	-1168.160	2478.672	0.000	0.000	0.000	
00769	3	0.000	0.000	0.000	112.293	95.444	2210.477	97.301	10.318	2253.247	99.297	-186.770	2445.553	98.448	-344.158	2481.502	97.790	-38.025	2300.417	189.402	-44.505	2372.361	352.003	-184.930	2436.745	215.504	-50.705	2361.925	159.919	3.954	2331.456	0.000	0.000	0.000	97.790	-38.025	2300.417	-32.877	-62.221	2312.138	-125.746	-207.350	2455.724	-47.013	-90.222	2306.294	-14.952	-42.526	2245.445	0.000	0.000	0.000	148.517	-502.302	2518.881	148.517	-837.393	2518.881	148.517	-1152.596	2518.881	0.000	0.000	0.000	62.871	-511.509	2507.634	62.871	-846.600	2507.634	62.871	-1161.803	2507.634	0.000	0.000	0.000	
00770	3	0.000	0.000	0.000	111.324	121.330	2181.698	98.256	25.902	2200.409	82.383	-128.113	2418.689	77.728	-276.205	2478.872	94.251	-12.965	2255.495	192.809	-20.506	2324.334	324.903	-158.751	2441.484	243.708	-40.492	2294.732	210.596	7.734	2234.885	0.000	0.000	0.000	94.251	-12.965	2255.495	-22.675	-44.575	2283.235	-123.042	-197.413	2413.048	-40.911	-72.811	2272.183	-7.418	-21.998	2214.738	0.000	0.000	0.000	159.842	-384.669	2538.229	159.842	-719.718	2538.229	159.842	-1034.882	2538.229	0.000	0.000	0.000	17.022	-422.226	2505.056	17.022	-757.275	2505.056	17.022	-1072.439	2505.056	0.000	0.000	0.000	
00771	3	0.000	0.000	0.000	111.021	134.055	2163.287	98.126	38.346	2181.055	83.408	-105.217	2406.787	79.135	-249.475	2477.325	94.416	2.159	2237.954	209.657	-11.043	2291.868	334.681	-137.858	2433.678	251.084	-45.206	2270.909	216.975	-7.403	2204.497	0.000	0.000	0.000	94.416	2.159	2237.954	-24.403	-44.288	2253.967	-118.472	-195.027	2396.276	-62.431	-90.209	2229.126	-39.565	-47.441	2160.926	0.000	0.000	0.000	174.118	-311.502	2528.237	174.118	-646.537	2528.237	174.118	-961.687	2528.237	0.000	0.000	0.000	-20.085	-322.408	2510.379	-20.085	-657.442	2510.379	-20.085	-972.593	2510.379	0.000	0.000	0.000	
00772	3	0.000	0.000	0.000	110.309	156.440	2122.456	97.768	64.551	2155.048	99.284	-83.340	2378.975	97.942	-229.571	2447.907	98.149	27.336	2211.396	225.804	0.435	2238.683	337.709	-133.338	2383.030	224.983	-44.274	2235.051	179.246	-8.138	2175.012	0.000	0.000	0.000	98.149	27.336	2211.396	-25.440	-6.432	2240.373	-113.310	-197.661	2323.825	-53.610	-49.228	2193.667	-29.388	10.995	2140.858	0.000	0.000	0.000	187.418	-312.729	2459.725	187.418	-647.743	2459.725	187.418	-962.874	2459.725	0.000	0.000	0.000	8.137	-314.410	2465.130	8.137	-649.424	2465.130	8.137	-964.555	2465.130	0.000	0.000	0.000	
00773	3	0.000	0.000	0.000	109.991	166.674	2109.479	97.537	76.268	2146.119	104.834	-76.506	2366.820	108.785	-226.518	2427.944	99.372	37.847	2201.622	230.305	11.576	2224.573	341.374	-144.510	2345.917	236.390	-32.287	2208.839	193.730	13.315	2153.138	0.000	0.000	0.000	99.372	37.847	2201.622	-28.162	11.769	2235.602	-125.157	-185.005	2293.009	-36.680	-30.154	2190.058	-0.728	32.770	2148.223	0.000	0.000	0.000	199.203	-285.076	2476.032	199.203	-620.084	2476.032	199.203	-935.209	2476.032	0.000	0.000	0.000	24.009	-283.877	2485.315	24.009	-618.885	2485.315	24.009	-934.011	2485.315	0.000	0.000	0.000	
00774	3	0.000	0.000	0.000	109.823	176.879	2097.220	97.447	89.375	2140.430	113.012	-62.060	2361.779	122.335	-212.567	2416.418	101.360	51.310	2196.069	238.769	34.148	2213.933	333.937	-147.605	2309.314	231.585	-24.843	2179.875	189.943	25.103	2127.213	0.000	0.000	0.000	101.360	51.310	2196.069	-29.444	25.582	2231.279	-123.430	-165.517	2307.676	-33.195	-20.170	2193.513	3.516	38.964	2147.066	0.000	0.000	0.000	213.190	-277.481	2461.271	213.190	-612.487	2461.271	213.190	-927.610	2461.271	0.000	0.000	0.000	40.028	-267.597	2474.649	40.028	-602.602	2474.649	40.028	-917.725	2474.649	0.000	0.000	0.000	
00775	3	0.000	0.000	0.000	109.886	194.764	2091.299	99.751	110.933	2141.857	128.258	-26.184	2371.333	143.160	-176.412	2420.899	106.912	76.491	2199.499	248.075	51.351	2196.899	334.674	-146.191	2262.719	215.055	-23.724	2149.380	166.301	26.190	2103.186	0.000	0.000	0.000	106.912	76.491	2199.499	-38.134	48.095	2216.814	-74.856	-118.355	2364.464	-74.605	-16.259	2186.337	-74.503	25.353	2113.738	0.000	0.000	0.000	236.657	-224.925	2464.553	236.657	-559.936	2464.553	236.657	-875.064	2464.553	0.000	0.000	0.000	58.676	-219.515	2470.756	58.676	-554.526	2470.756	58.676	-869.654	2470.756	0.000	0.000	0.000	
00776	3	0.000	0.000	0.000	111.454	203.647	2092.144	104.615	122.809	2147.900	133.451	-8.196	2380.963	144.543	-158.746	2435.104	111.856	89.910	2206.428	255.199	66.717	2197.674	341.690	-130.514	2263.680	207.877	-33.823	2141.834	153.304	5.611	2092.142	0.000	0.000	0.000	111.856	89.910	2206.428	-34.444	55.209	2214.176	-120.036	-141.700	2282.282	-75.595	28.993	2177.447	-57.471	98.606	2134.692	0.000	0.000	0.000	240.209	-205.826	2479.772	240.209	-540.844	2479.772	240.209	-855.980	2479.772	0.000	0.000	0.000	54.458	-220.447	2469.789	54.458	-555.466	2469.789	54.458	-870.602	2469.789	0.000	0.000	0.000	
00777	3	0.000	0.000	0.000	115.425	219.987	2096.547	113.384	143.231	2158.198	140.241	5.947	2391.606	148.371	-145.589	2453.415	120.049	109.159	2216.126	267.958	106.743	2198.904	345.493	-100.835	2237.294	194.090	-31.339	2117.800	132.287	-2.971	2069.023	0.000	0.000	0.000	120.049	109.159	2216.126	-26.984	83.200	2217.987	-111.974	-119.650	2264.920	-24.233	-13.423	2113.102	11.583	29.938	2051.130	0.000	0.000	0.000	245.095	-222.280	2499.075	245.095	-557.323	2499.075	245.095	-872.482	2499.075	0.000	0.000	0.000	57.608	-232.201	2476.441	57.608	-567.244	2476.441	57.608	-882.403	2476.441	0.000	0.000	0.000	
00778	3	0.000	0.000	0.000	117.019	231.403	2097.099	116.332	156.853	2161.449	140.137	10.620	2389.014	146.498	-144.200	2447.391	122.252	120.482	2218.049	271.647	121.812	2193.306	340.456	-86.222	2243.356	204.372	-28.642	2101.322	148.805	-5.130	2043.325	0.000	0.000	0.000	122.252	120.482	2218.049	-24.368	95.998	2214.983	-109.290	-107.183	2259.968	2.000	8.929	2132.922	47.443	56.341	2081.045	0.000	0.000	0.000	242.477	-211.917	2488.147	242.477	-546.976	2488.147	242.477	-862.150	2488.147	0.000	0.000	0.000	59.308	-235.624	2469.740	59.308	-570.684	2469.740	59.308	-885.858	2469.740	0.000	0.000	0.000	
