00965	2	0.000	0.000	0.000	147.142	583.864	2491.557	156.275	459.526	2465.988	163.440	142.291	2586.959	168.571	-56.497	2604.722	158.071	380.011	2496.310	306.910	355.031	2454.880	333.080	71.442	2456.094	103.333	168.278	2389.760	9.404	207.868	2362.640	0.000	0.000	0.000	158.071	380.011	2496.310	3.647	363.855	2501.844	-75.019	98.570	2569.251	-72.600	-135.350	2678.046	-71.610	-230.986	2722.525	0.000	0.000	0.000	283.385	-124.655	2624.066	283.385	-548.034	2624.066	283.385	-945.262	2624.066	0.000	0.000	0.000	70.735	-136.697	2656.255	76.182	-544.476	2769.994	103.375	-907.199	2929.625	0.000	0.000	0.000	
00966	2	0.000	0.000	0.000	147.559	588.188	2493.281	154.107	460.333	2469.848	164.733	135.085	2578.120	169.154	-60.683	2593.999	156.745	379.608	2496.720	304.515	357.024	2454.755	331.465	74.510	2443.908	195.260	262.938	2332.095	139.573	339.976	2286.381	0.000	0.000	0.000	156.745	379.608	2496.720	1.183	369.454	2513.183	-51.652	91.138	2533.344	-67.897	-138.480	2649.836	-74.539	-232.359	2697.464	0.000	0.000	0.000	281.406	-132.113	2620.946	281.406	-555.100	2620.946	281.406	-952.327	2620.946	0.000	0.000	0.000	68.912	-135.421	2647.162	68.912	-558.408	2647.162	68.912	-955.635	2647.162	0.000	0.000	0.000	
00967	2	0.000	0.000	0.000	152.195	590.520	2494.642	153.596	461.224	2469.421	166.491	130.908	2567.299	173.890	-63.333	2582.992	156.780	379.668	2493.587	295.063	356.190	2425.939	290.256	73.142	2441.146	252.435	-187.900	2428.204	237.329	-292.164	2423.035	0.000	0.000	0.000	156.780	379.668	2493.587	-0.595	380.005	2520.063	-27.005	97.791	2525.393	-60.652	-157.896	2582.252	-74.092	-260.021	2604.962	0.000	0.000	0.000	278.733	-143.097	2619.366	278.733	-565.834	2619.366	278.733	-963.062	2619.366	0.000	0.000	0.000	65.905	-138.083	2610.453	65.905	-560.820	2610.453	65.905	-958.049	2610.453	0.000	0.000	0.000	
00968	2	0.000	0.000	0.000	170.208	583.358	2497.424	154.692	458.851	2468.989	168.065	121.173	2545.982	181.927	-70.699	2562.696	157.976	375.921	2487.898	279.439	348.439	2405.100	322.473	68.640	2398.167	355.822	-187.399	2462.281	369.044	-288.913	2487.702	0.000	0.000	0.000	157.976	375.921	2487.898	9.958	374.139	2529.903	5.535	93.168	2494.927	0.251	-171.901	2472.812	-1.844	-276.995	2464.044	0.000	0.000	0.000	291.026	-138.831	2597.486	291.026	-561.410	2597.486	291.026	-958.640	2597.486	0.000	0.000	0.000	76.922	-135.069	2605.656	76.922	-557.648	2605.656	76.922	-954.878	2605.656	0.000	0.000	0.000	
00969	2	0.000	0.000	0.000	173.306	586.315	2494.156	155.395	463.149	2468.557	168.412	122.373	2537.576	182.621	-68.538	2552.599	158.579	379.780	2485.442	278.244	356.583	2398.766	299.032	78.221	2351.810	361.310	-160.357	2447.342	386.152	-255.525	2485.448	0.000	0.000	0.000	158.579	379.780	2485.442	17.163	371.852	2530.813	4.428	89.225	2521.740	-2.231	-169.520	2467.602	-4.888	-272.732	2446.006	0.000	0.000	0.000	295.906	-132.818	2573.301	295.906	-555.341	2573.301	295.906	-952.572	2573.301	0.000	0.000	0.000	80.915	-133.062	2601.632	80.915	-555.585	2601.632	80.915	-952.816	2601.632	0.000	0.000	0.000	
00970	2	0.000	0.000	0.000	172.958	590.425	2486.411	156.040	467.502	2465.225	168.907	127.048	2529.645	180.599	-67.380	2534.776	159.199	383.921	2481.040	276.647	355.259	2403.110	280.647	87.919	2310.458	343.474	-140.023	2425.956	368.658	-231.394	2472.252	0.000	0.000	0.000	159.199	383.921	2481.040	14.236	384.677	2528.740	-6.555	114.508	2610.272	-33.896	-147.054	2601.207	-44.856	-251.901	2597.573	0.000	0.000	0.000	301.214	-66.128	2517.318	301.214	-488.606	2517.318	301.214	-885.838	2517.318	0.000	0.000	0.000	75.737	-104.391	2582.327	75.737	-526.869	2582.327	75.737	-924.101	2582.327	0.000	0.000	0.000	
00971	2	0.000	0.000	0.000	172.510	588.660	2468.920	157.146	469.633	2451.167	169.280	134.821	2498.827	172.517	-63.863	2473.243	160.198	385.413	2463.156	238.180	349.021	2354.258	258.197	79.414	2271.301	239.843	-169.374	2355.542	232.491	-269.041	2389.290	0.000	0.000	0.000	160.198	385.413	2463.156	42.161	364.301	2529.836	15.699	83.648	2552.291	-31.835	-167.729	2490.008	-50.878	-268.433	2465.056	0.000	0.000	0.000	287.556	-48.130	2466.793	318.324	-452.672	2349.258	241.764	-549.686	2726.781	0.000	0.000	0.000	70.177	-77.130	2503.532	70.177	-499.523	2503.532	70.177	-896.759	2503.532	0.000	0.000	0.000	
00972	2	0.000	0.000	0.000	192.580	584.586	2438.668	168.647	464.770	2432.336	169.027	134.217	2468.105	178.894	-67.809	2459.998	168.744	380.141	2441.494	270.259	347.115	2355.324	266.643	83.212	2253.959	275.910	-169.950	2330.152	279.605	-270.895	2360.533	0.000	0.000	0.000	168.744	380.141	2441.494	56.617	364.987	2519.461	17.008	88.994	2566.285	38.108	-164.587	2493.939	46.522	-265.699	2465.092	0.000	0.000	0.000	289.639	-82.582	2458.295	288.479	-448.927	2248.104	122.971	-396.893	2609.336	0.000	0.000	0.000	78.924	-95.736	2500.469	78.924	-518.099	2500.469	78.924	-918.833	2500.469	0.000	0.000	0.000	
00973	2	0.000	0.000	0.000	204.682	578.058	2422.077	175.398	458.906	2423.952	170.408	127.193	2459.370	184.032	-75.418	2452.965	174.125	374.273	2432.989	249.778	329.342	2334.309	265.283	62.253	2242.969	294.275	-189.625	2313.736	305.893	-290.559	2342.095	0.000	0.000	0.000	174.125	374.273	2432.989	62.585	363.187	2515.965	3.017	105.126	2614.842	-68.503	-146.947	2589.639	-97.162	-247.959	2579.539	0.000	0.000	0.000	297.233	-86.766	2437.071	297.233	-509.118	2437.071	297.233	-909.155	2437.071	0.000	0.000	0.000	79.401	-109.150	2481.777	79.401	-531.502	2481.777	79.401	-931.539	2481.777	0.000	0.000	0.000	
00974	2	0.000	0.000	0.000	209.990	572.001	2409.316	181.395	452.585	2416.535	175.873	121.066	2444.163	191.704	-81.766	2432.883	179.982	367.766	2423.604	226.717	317.067	2317.804	269.986	49.012	2239.167	319.901	-204.841	2281.693	339.983	-306.972	2298.802	0.000	0.000	0.000	179.982	367.766	2423.604	55.114	376.065	2507.994	55.114	93.382	2507.994	55.114	-168.804	2507.994	55.114	-274.287	2507.994	0.000	0.000	0.000	299.446	-57.764	2385.961	299.446	-480.108	2385.961	299.446	-879.587	2385.961	0.000	0.000	0.000	79.468	-89.193	2465.369	79.468	-511.537	2465.369	79.468	-911.016	2465.369	0.000	0.000	0.000	
00975	2	0.000	0.000	0.000	217.135	566.011	2390.192	192.672	445.491	2400.680	194.671	110.752	2415.886	199.182	-92.455	2392.360	193.180	360.455	2404.543	223.035	291.814	2319.426	277.326	33.650	2217.943	80.604	204.225	2230.490	0.999	273.249	2235.567	0.000	0.000	0.000	193.180	360.455	2404.543	65.151	360.523	2488.199	65.151	77.866	2488.199	65.151	-182.813	2488.199	65.151	-288.297	2488.199	0.000	0.000	0.000	307.240	-71.973	2392.250	307.240	-494.306	2392.250	307.240	-892.983	2392.250	0.000	0.000	0.000	122.173	-90.201	2465.354	122.173	-512.535	2465.354	122.173	-911.212	2465.354	0.000	0.000	0.000	
00976	2	0.000	0.000	0.000	221.590	561.388	2380.666	196.758	441.096	2394.224	199.963	105.611	2411.311	197.591	-97.762	2386.318	197.570	356.084	2398.553	225.196	284.135	2312.938	275.623	33.002	2193.440	83.178	203.064	2234.895	5.144	272.022	2251.704	0.000	0.000	0.000	197.570	356.084	2398.553	62.523	353.239	2473.692	62.523	70.590	2473.692	62.523	-189.553	2473.692	62.523	-295.038	2473.692	0.000	0.000	0.000	318.599	-14.876	2371.672	318.599	-437.207	2371.672	318.599	-835.599	2371.672	0.000	0.000	0.000	115.495	-73.416	2464.632	115.495	-495.746	2464.632	115.495	-894.139	2464.632	0.000	0.000	0.000	
00977	2	0.000	0.000	0.000	229.102	539.705	2345.773	204.429	421.677	2373.785	200.958	87.542	2418.667	198.113	-117.499	2407.686	203.553	337.312	2385.117	229.340	259.546	2298.137	313.981	520.686	2215.168	139.989	330.163	2241.655	69.227	252.678	2252.427	0.000	0.000	0.000	203.553	337.312	2385.117	66.102	337.892	2454.253	66.102	51.113	2454.253	66.102	-208.260	2454.253	66.102	-313.746	2454.253	0.000	0.000	0.000	313.912	-92.236	2404.708	313.912	-514.563	2404.708	313.912	-912.546	2404.708	0.000	0.000	0.000	113.276	-114.450	2469.749	113.276	-536.777	2469.749	113.276	-934.760	2469.749	0.000	0.000	0.000	
00978	2	0.000	0.000	0.000	234.376	530.168	2331.040	208.538	413.578	2363.937	201.153	82.065	2427.258	198.296	-123.422	2426.065	206.675	329.982	2379.904	229.690	246.412	2293.093	335.809	500.040	2214.497	85.799	497.914	2282.488	-15.986	497.048	2310.170	0.000	0.000	0.000	206.675	329.982	2379.904	57.117	330.476	2423.742	57.117	44.529	2423.742	57.117	-214.569	2423.742	57.117	-320.056	2423.742	0.000	0.000	0.000	320.943	-64.373	2405.461	320.943	-486.699	2405.461	320.943	-884.537	2405.461	0.000	0.000	0.000	101.939	-119.603	2476.554	101.939	-541.929	2476.554	101.939	-939.767	2476.554	0.000	0.000	0.000	
00979	2	0.000	0.000	0.000	244.836	519.078	2319.667	214.980	403.422	2352.879	201.381	76.561	2438.690	198.266	-129.058	2444.871	211.557	321.152	2374.478	230.279	228.671	2289.665	342.765	481.860	2223.907	342.765	223.155	2223.907	342.765	117.668	2223.907	0.000	0.000	0.000	211.557	321.152	2374.478	214.493	326.416	2183.062	214.493	41.668	2183.062	214.493	-217.038	2183.062	214.493	-322.525	2183.062	0.000	0.000	0.000	312.347	-58.970	2391.356	312.347	-481.296	2391.356	312.347	-878.926	2391.356	0.000	0.000	0.000	99.637	-110.312	2493.788	99.637	-532.637	2493.788	99.637	-930.268	2493.788	0.000	0.000	0.000	
00980	2	0.000	0.000	0.000	246.487	517.640	2320.711	216.125	401.041	2350.094	201.428	74.820	2438.981	198.251	-130.968	2437.871	212.428	318.985	2372.452	223.674	227.091	2286.043	330.378	484.802	2230.922	330.378	226.237	2230.922	330.378	120.749	2230.922	0.000	0.000	0.000	212.428	318.985	2372.452	134.158	287.973	2227.966	134.158	3.650	2227.966	134.158	-254.916	2227.966	134.158	-360.403	2227.966	0.000	0.000	0.000	314.350	-71.538	2393.685	314.350	-493.864	2393.685	314.350	-891.421	2393.685	0.000	0.000	0.000	103.663	-113.522	2492.142	103.663	-535.848	2492.142	103.663	-933.405	2492.142	0.000	0.000	0.000	
00981	2	0.000	0.000	0.000	247.234	517.764	2322.833	217.255	399.902	2347.288	201.423	74.536	2439.725	198.304	-131.076	2429.698	213.275	318.104	2370.527	214.150	228.002	2282.302	389.347	440.778	2213.903	389.347	182.324	2213.903	389.347	76.836	2213.903	0.000	0.000	0.000	213.275	318.104	2370.527	136.099	283.590	2230.379	136.099	-0.393	2230.379	136.099	-258.847	2230.379	136.099	-364.335	2230.379	0.000	0.000	0.000	317.604	-72.123	2397.501	317.604	-494.450	2397.501	317.604	-891.948	2397.501	0.000	0.000	0.000	102.214	-112.959	2486.285	102.214	-535.286	2486.285	102.214	-932.784	2486.285	0.000	0.000	0.000	
00982	2	0.000	0.000	0.000	246.928	515.091	2320.677	219.970	399.156	2343.358	202.812	81.811	2460.961	197.740	-122.560	2435.830	215.659	319.435	2372.902	332.021	316.223	2468.425	332.021	32.729	2468.425	332.021	-225.565	2468.425	332.021	-331.053	2468.425	0.000	0.000	0.000	215.659	319.435	2372.902	122.877	266.454	2253.701	122.877	-17.039	2253.701	122.877	-275.333	2253.701	122.877	-380.822	2253.701	0.000	0.000	0.000	322.278	-62.284	2462.936	322.278	-484.613	2462.936	322.278	-882.028	2462.936	0.000	0.000	0.000	92.758	-98.470	2484.282	92.758	-520.799	2484.282	92.758	-918.214	2484.282	0.000	0.000	0.000	
00983	2	0.000	0.000	0.000	247.997	518.805	2316.719	223.613	402.535	2342.150	206.675	97.617	2489.232	199.991	-104.030	2447.614	219.359	325.956	2379.090	327.528	348.045	2490.023	327.528	64.725	2490.023	327.528	-193.512	2490.023	327.528	-299.002	2490.023	0.000	0.000	0.000	219.359	325.956	2379.090	113.683	265.232	2273.616	113.683	-18.088	2273.616	113.683	-276.325	2273.616	113.683	-381.815	2273.616	0.000	0.000	0.000	312.334	-35.835	2522.188	312.334	-458.165	2522.188	312.334	-855.551	2522.188	0.000	0.000	0.000	82.264	-64.780	2460.567	327.219	-344.366	2260.091	327.219	-741.752	2260.091	0.000	0.000	0.000	
00984	2	0.000	0.000	0.000	263.424	525.944	2308.813	238.836	409.587	2341.768	255.668	137.570	2543.532	246.778	-66.257	2514.655	243.062	341.297	2392.421	376.694	362.167	2465.646	376.694	79.097	2465.646	376.694	-179.059	2465.646	376.694	-284.550	2465.646	0.000	0.000	0.000	243.062	341.297	2392.421	106.001	273.136	2360.082	106.001	-9.934	2360.082	106.001	-268.091	2360.082	106.001	-373.581	2360.082	0.000	0.000	0.000	339.056	-36.973	2604.265	339.056	-462.831	2604.265	339.056	-860.176	2604.265	0.000	0.000	0.000	151.426	-58.448	2469.640	302.193	-426.144	2316.590	302.193	-823.489	2316.590	0.000	0.000	0.000	
00985	2	0.000	0.000	0.000	275.307	527.477	2310.756	250.736	411.030	2346.951	275.463	148.135	2559.772	269.187	-57.632	2550.490	256.943	345.039	2400.372	393.926	353.273	2461.736	393.926	70.291	2461.736	393.926	-187.837	2461.736	393.926	-293.328	2461.736	0.000	0.000	0.000	256.943	345.039	2400.372	108.828	294.880	2405.143	108.828	11.898	2405.143	108.828	-246.230	2405.143	108.828	-351.720	2405.143	0.000	0.000	0.000	358.144	-57.440	2625.017	358.144	-487.676	2625.017	358.144	-885.006	2625.017	0.000	0.000	0.000	168.121	-53.277	2500.470	219.203	-469.874	2595.026	219.203	-867.205	2595.026	0.000	0.000	0.000	
00986	2	0.000	0.000	0.000	288.251	528.667	2317.028	263.048	412.598	2357.071	287.297	148.381	2568.364	284.068	-57.679	2568.975	269.134	346.283	2410.103	413.311	347.520	2459.913	413.311	64.608	2459.913	413.311	-193.497	2459.913	413.311	-298.988	2459.913	0.000	0.000	0.000	269.134	346.283	2410.103	116.184	302.745	2418.344	116.184	19.834	2418.344	116.184	-238.272	2418.344	116.184	-343.763	2418.344	0.000	0.000	0.000	386.108	-70.388	2616.858	386.108	-499.045	2616.858	386.108	-896.365	2616.858	0.000	0.000	0.000	175.357	-61.593	2530.725	265.710	-414.137	2304.239	265.710	-811.456	2304.239	0.000	0.000	0.000	
00987	2	0.000	0.000	0.000	307.758	532.573	2339.911	290.013	415.591	2383.449	315.409	147.035	2576.160	315.380	-58.811	2586.515	296.535	346.628	2432.936	444.646	366.540	2485.231	444.646	83.729	2485.231	444.646	-174.345	2485.231	444.646	-279.837	2485.231	0.000	0.000	0.000	296.535	346.628	2432.936	142.082	313.652	2449.794	142.082	30.841	2449.794	142.082	-227.233	2449.794	142.082	-332.724	2449.794	0.000	0.000	0.000	426.971	-70.288	2625.281	426.971	-496.673	2625.281	426.971	-893.978	2625.281	0.000	0.000	0.000	197.413	-61.983	2566.909	373.563	-406.939	2745.179	373.563	-804.244	2745.179	0.000	0.000	0.000	
00988	2	0.000	0.000	0.000	314.862	537.712	2357.413	302.442	420.124	2399.230	325.940	147.107	2581.465	327.867	-58.700	2592.562	308.521	349.498	2446.372	457.055	372.605	2498.478	457.055	89.830	2498.478	457.055	-168.233	2498.478	457.055	-273.725	2498.478	0.000	0.000	0.000	308.521	349.498	2446.372	154.882	319.210	2462.915	154.882	36.435	2462.915	154.882	-221.627	2462.915	154.882	-327.120	2462.915	0.000	0.000	0.000	437.379	-79.986	2631.418	437.379	-505.563	2631.418	437.379	-902.863	2631.418	0.000	0.000	0.000	210.277	-73.787	2588.142	247.668	-452.586	2397.802	247.668	-849.886	2397.802	0.000	0.000	0.000	
00989	2	0.000	0.000	0.000	343.463	545.151	2392.305	333.107	430.657	2433.209	360.264	149.469	2598.475	359.478	-55.740	2617.878	340.171	357.516	2476.197	489.892	376.825	2518.533	600.674	132.072	2606.602	600.674	-125.975	2606.602	600.674	-231.469	2606.602	0.000	0.000	0.000	340.171	357.516	2476.197	185.389	324.120	2473.071	185.389	41.395	2473.071	185.389	-216.652	2473.071	185.389	-322.145	2473.071	0.000	0.000	0.000	459.240	-95.117	2673.409	459.240	-519.532	2673.409	459.240	-916.826	2673.409	0.000	0.000	0.000	244.057	-86.455	2633.521	381.692	-462.242	2774.834	381.692	-859.536	2774.834	0.000	0.000	0.000	
00990	2	0.000	0.000	0.000	370.057	541.668	2394.690	351.885	435.631	2450.342	375.011	152.034	2611.473	369.253	-53.276	2628.926	357.906	361.797	2492.292	511.467	377.672	2524.258	620.476	130.924	2608.851	620.476	-127.118	2608.851	620.476	-232.612	2608.851	0.000	0.000	0.000	357.906	361.797	2492.292	203.647	331.039	2487.429	171.671	52.934	2526.908	171.671	-205.108	2526.908	171.671	-310.602	2526.908	0.000	0.000	0.000	482.173	-96.397	2646.003	482.173	-520.399	2646.003	482.173	-917.692	2646.003	0.000	0.000	0.000	251.470	-83.811	2632.783	152.965	-406.616	2376.127	152.965	-803.908	2376.127	0.000	0.000	0.000	
00991	2	0.000	0.000	0.000	404.836	537.475	2400.022	393.920	448.098	2483.232	386.027	155.400	2630.885	371.559	-47.855	2662.059	391.871	372.110	2521.564	554.546	372.709	2532.702	652.709	120.273	2613.602	686.427	-133.905	2563.458	700.041	-236.540	2543.211	0.000	0.000	0.000	391.871	372.110	2521.564	234.286	364.236	2520.854	195.042	86.452	2555.509	195.324	-174.715	2562.517	195.438	-280.172	2565.346	0.000	0.000	0.000	468.210	-101.965	2722.833	468.210	-531.572	2722.833	468.210	-928.863	2722.833	0.000	0.000	0.000	261.751	-97.725	2701.782	427.752	-455.963	2871.108	427.752	-853.254	2871.108	0.000	0.000	0.000	
00992	2	0.000	0.000	0.000	404.836	537.475	2400.022	393.920	448.098	2483.232	386.027	155.400	2630.885	371.559	-47.855	2662.059	391.871	372.110	2521.564	554.546	372.709	2532.702	652.709	120.273	2613.602	686.427	-133.905	2563.458	700.041	-236.540	2543.211	0.000	0.000	0.000	391.871	372.110	2521.564	234.286	364.236	2520.854	195.042	86.452	2555.509	195.324	-174.715	2562.517	195.438	-280.172	2565.346	0.000	0.000	0.000	468.210	-101.965	2722.833	468.210	-531.572	2722.833	468.210	-928.863	2722.833	0.000	0.000	0.000	261.751	-97.725	2701.782	427.752	-455.963	2871.108	427.752	-853.254	2871.108	0.000	0.000	0.000	
00993	2	0.000	0.000	0.000	414.967	536.433	2402.154	406.253	451.217	2491.564	391.157	157.379	2639.037	373.039	-43.536	2681.456	402.348	375.209	2529.712	566.829	373.671	2533.430	665.868	122.568	2617.331	694.008	-133.424	2577.377	699.635	-184.623	2569.387	0.000	0.000	0.000	402.348	375.209	2529.712	241.625	385.339	2537.485	191.022	107.625	2552.140	194.639	-150.741	2586.116	196.103	-255.325	2599.869	0.000	0.000	0.000	465.629	-104.212	2749.686	465.629	-532.369	2749.686	465.629	-929.661	2749.686	0.000	0.000	0.000	267.347	-100.414	2734.745	467.501	-460.100	2852.570	467.501	-857.391	2852.570	0.000	0.000	0.000	
00994	2	0.000	0.000	0.000	427.606	544.565	2410.079	425.898	460.642	2504.349	404.158	170.302	2664.109	380.527	-23.565	2714.840	420.325	386.213	2545.303	586.608	378.012	2536.198	676.295	115.218	2589.034	700.879	-151.713	2578.407	705.796	-205.099	2576.282	0.000	0.000	0.000	420.325	386.213	2545.303	261.310	392.020	2547.615	201.392	121.367	2602.866	208.734	-146.713	2595.880	211.621	-252.134	2593.133	0.000	0.000	0.000	481.867	-106.305	2763.684	481.867	-532.991	2763.684	481.867	-930.284	2763.684	0.000	0.000	0.000	276.474	-102.681	2778.698	498.089	-455.914	2869.111	498.089	-853.206	2869.111	0.000	0.000	0.000	
00995	2	0.000	0.000	0.000	430.303	555.344	2419.025	433.916	464.741	2509.207	414.777	179.482	2681.208	390.236	-14.976	2730.865	429.033	391.953	2553.095	593.495	376.878	2537.691	675.155	109.262	2577.792	700.482	-160.548	2589.706	705.547	-214.511	2592.089	0.000	0.000	0.000	429.033	391.953	2553.095	270.940	390.813	2553.596	211.209	122.244	2618.380	182.007	-139.412	2683.684	170.650	-241.174	2709.082	0.000	0.000	0.000	493.197	-104.338	2777.902	465.593	-518.099	2874.671	478.291	-843.897	3101.688	0.000	0.000	0.000	280.779	-95.446	2795.328	280.779	-521.268	2795.328	280.779	-918.562	2795.328	0.000	0.000	0.000	
00996	2	0.000	0.000	0.000	435.343	564.802	2425.896	440.409	468.029	2511.927	423.380	185.332	2692.813	402.251	-9.363	2743.223	436.095	396.409	2557.754	597.802	375.360	2537.879	670.772	112.312	2591.993	699.532	-154.427	2605.251	705.284	-207.775	2607.903	0.000	0.000	0.000	436.095	396.409	2557.754	278.622	396.856	2564.776	223.592	136.848	2647.329	187.294	-123.888	2700.731	173.038	-226.292	2721.704	0.000	0.000	0.000	504.816	-105.872	2791.555	456.502	-528.138	2781.910	456.502	-925.433	2781.910	0.000	0.000	0.000	295.289	-99.641	2810.470	295.289	-524.772	2810.470	295.289	-922.067	2810.470	0.000	0.000	0.000	
00997	2	0.000	0.000	0.000	439.198	576.228	2428.601	445.825	474.719	2510.488	431.648	192.784	2696.706	417.418	-0.425	2751.321	442.256	403.743	2557.368	600.276	374.470	2530.086	671.670	112.621	2575.118	698.856	-140.324	2648.609	704.293	-190.913	2663.307	0.000	0.000	0.000	442.256	403.743	2557.368	283.059	406.421	2566.451	245.394	148.206	2653.610	228.393	-115.491	2670.801	221.619	-220.549	2677.649	0.000	0.000	0.000	510.198	-102.630	2814.840	510.198	-526.766	2814.840	510.198	-924.064	2814.840	0.000	0.000	0.000	317.964	-94.803	2821.816	317.964	-518.939	2821.816	317.964	-916.237	2821.816	0.000	0.000	0.000	
00998	2	0.000	0.000	0.000	445.446	577.944	2430.765	450.292	475.967	2510.061	432.324	194.109	2696.341	416.671	1.227	2755.498	445.770	405.041	2556.936	603.662	373.408	2531.259	674.326	107.875	2563.195	698.870	-143.248	2642.953	703.778	-193.472	2658.904	0.000	0.000	0.000	445.770	405.041	2556.936	290.145	401.917	2568.024	243.431	146.707	2663.978	256.020	-117.148	2648.231	261.039	-222.340	2641.953	0.000	0.000	0.000	507.701	-105.172	2823.199	507.701	-528.955	2823.199	507.701	-926.254	2823.199	0.000	0.000	0.000	312.799	-92.228	2826.239	312.799	-516.011	2826.239	312.799	-913.310	2826.239	0.000	0.000	0.000	
00999	2	0.000	0.000	0.000	439.939	581.024	2442.735	452.312	476.950	2509.758	433.454	194.998	2696.770	417.284	1.111	2767.117	447.574	406.111	2556.744	605.860	373.348	2530.657	663.244	100.368	2561.473	677.558	-145.606	2665.323	680.421	-194.801	2686.093	0.000	0.000	0.000	447.574	406.111	2556.744	295.117	412.415	2586.388	243.193	178.823	2733.014	225.065	-87.935	2735.205	217.913	-193.188	2736.070	0.000	0.000	0.000	516.376	-110.887	2827.203	516.376	-534.163	2827.203	516.376	-931.465	2827.203	0.000	0.000	0.000	310.584	-101.584	2840.016	310.584	-524.860	2840.016	310.584	-922.162	2840.016	0.000	0.000	0.000	
01000	2	0.000	0.000	0.000	435.692	582.810	2446.360	452.489	477.099	2509.677	434.091	193.713	2696.283	419.384	-3.240	2763.072	447.879	406.097	2556.431	606.521	373.736	2529.961	652.034	98.426	2563.418	672.839	-140.311	2677.738	677.000	-188.058	2700.602	0.000	0.000	0.000	447.879	406.097	2556.431	295.065	409.387	2583.528	234.693	186.645	2743.926	208.923	-72.682	2794.748	198.684	-175.723	2814.942	0.000	0.000	0.000	525.977	-109.502	2814.468	525.977	-532.599	2814.468	525.977	-929.902	2814.468	0.000	0.000	0.000	313.510	-103.220	2840.026	313.510	-526.316	2840.026	313.510	-923.620	2840.026	0.000	0.000	0.000	
01001	4	0.000	0.000	0.000	434.283	583.362	2447.787	452.558	477.069	2509.636	436.479	191.241	2695.725	423.991	-7.950	2759.061	448.549	405.799	2556.037	607.159	374.261	2529.380	646.893	93.652	2567.525	678.186	-143.373	2679.533	684.445	-190.778	2701.934	0.000	0.000	0.000	448.549	405.799	2556.037	297.082	404.502	2583.269	221.109	177.829	2740.185	187.289	-65.385	2837.185	173.775	-162.572	2875.946	0.000	0.000	0.000	526.476	-114.222	2825.255	479.470	-528.118	2898.536	479.470	-925.423	2898.536	0.000	0.000	0.000	317.549	-103.993	2838.698	317.549	-526.946	2838.698	317.549	-924.251	2838.698	0.000	0.000	0.000	
01002	4	0.000	0.000	0.000	422.244	582.547	2452.092	443.620	477.066	2509.658	433.738	189.010	2697.059	423.469	-11.529	2753.249	441.173	405.730	2556.067	594.262	371.017	2529.960	611.025	88.136	2567.489	647.567	-164.300	2640.670	654.875	-214.788	2655.307	0.000	0.000	0.000	441.173	405.730	2556.067	288.288	410.757	2585.992	211.922	169.841	2719.554	192.452	-86.663	2784.680	184.711	-188.644	2810.573	0.000	0.000	0.000	523.007	-117.291	2816.147	482.121	-519.023	2941.269	482.121	-916.331	2941.269	0.000	0.000	0.000	321.075	-100.730	2833.917	321.075	-523.478	2833.917	321.075	-920.786	2833.917	0.000	0.000	0.000	
01003	4	0.000	0.000	0.000	409.928	581.584	2454.569	434.443	477.069	2509.678	428.815	188.492	2697.374	419.271	-11.045	2748.357	433.051	405.708	2556.093	586.639	374.400	2529.563	606.680	90.854	2572.851	585.518	-169.668	2609.191	581.286	-221.773	2616.459	0.000	0.000	0.000	433.051	405.708	2556.093	281.068	411.559	2588.955	220.852	175.144	2741.125	199.912	-84.289	2697.573	191.541	-188.007	2680.162	0.000	0.000	0.000	514.018	-117.842	2807.090	479.262	-524.619	2916.540	479.262	-921.928	2916.540	0.000	0.000	0.000	321.588	-96.252	2829.494	321.588	-518.927	2829.494	321.588	-916.237	2829.494	0.000	0.000	0.000	
01004	4	0.000	0.000	0.000	396.285	581.883	2458.207	416.310	477.079	2510.967	402.787	196.251	2704.954	393.179	-2.177	2750.780	412.940	407.082	2559.319	575.082	383.755	2529.740	612.095	106.809	2597.259	468.740	-106.865	2527.885	440.069	-149.600	2514.010	0.000	0.000	0.000	412.940	407.082	2559.319	264.017	412.477	2594.056	218.720	182.283	2760.148	179.180	-81.237	2763.867	163.526	-185.561	2765.340	0.000	0.000	0.000	499.467	-96.661	2788.250	480.876	-502.689	2904.781	495.143	-838.985	3115.871	0.000	0.000	0.000	303.277	-91.054	2830.362	303.277	-513.882	2830.362	303.277	-911.195	2830.362	0.000	0.000	0.000	
01005	4	0.000	0.000	0.000	391.014	581.973	2460.490	408.931	477.084	2511.841	393.283	198.598	2703.046	382.352	0.470	2749.198	404.992	406.970	2559.980	569.711	386.368	2536.029	613.881	113.371	2622.235	461.265	-93.023	2557.183	430.742	-134.302	2544.172	0.000	0.000	0.000	404.992	406.970	2559.980	255.357	412.160	2594.692	214.257	204.825	2792.766	181.283	-57.831	2799.579	168.146	-162.478	2802.293	0.000	0.000	0.000	494.432	-80.451	2784.103	474.836	-492.504	2876.504	474.836	-889.819	2876.504	0.000	0.000	0.000	296.023	-84.792	2831.008	296.023	-507.533	2831.008	296.023	-904.848	2831.008	0.000	0.000	0.000	
01006	4	0.000	0.000	0.000	389.147	582.492	2468.708	404.130	477.090	2517.536	388.833	198.801	2705.235	376.640	1.165	2749.375	400.254	406.577	2565.095	566.584	388.795	2547.225	616.879	114.606	2620.650	469.994	-101.412	2574.365	440.618	-144.616	2565.108	0.000	0.000	0.000	400.254	406.577	2565.095	248.174	410.632	2597.098	195.738	210.216	2797.558	172.592	-50.250	2842.315	163.388	-153.833	2860.114	0.000	0.000	0.000	490.713	-77.281	2779.905	456.901	-489.458	2867.182	456.901	-886.775	2867.182	0.000	0.000	0.000	286.734	-76.596	2832.678	286.734	-499.267	2832.678	286.734	-896.584	2832.678	0.000	0.000	0.000	
01007	4	0.000	0.000	0.000	371.096	582.541	2488.282	392.691	477.111	2533.069	386.066	195.416	2712.201	374.636	-0.832	2750.162	391.001	405.280	2578.747	555.649	389.932	2548.980	586.928	107.699	2585.129	478.858	-138.250	2584.507	457.244	-187.440	2584.382	0.000	0.000	0.000	391.001	405.280	2578.747	236.181	410.504	2607.076	173.056	199.557	2789.989	149.009	-67.423	2807.698	139.565	-172.274	2814.653	0.000	0.000	0.000	488.365	-75.547	2785.370	439.981	-477.719	2906.557	439.981	-875.039	2906.557	0.000	0.000	0.000	285.549	-78.251	2831.715	285.549	-501.063	2831.715	285.549	-898.383	2831.715	0.000	0.000	0.000	
01008	4	0.000	0.000	0.000	360.191	584.129	2500.164	386.513	477.126	2538.417	385.011	193.736	2714.025	374.134	-1.299	2750.076	386.129	404.754	2583.264	549.088	389.252	2549.083	578.734	109.421	2597.522	527.249	-153.504	2599.911	516.952	-206.090	2600.389	0.000	0.000	0.000	386.129	404.754	2583.264	233.024	411.433	2618.366	178.912	183.951	2782.238	152.699	-82.514	2792.015	142.377	-187.442	2795.865	0.000	0.000	0.000	487.206	-77.698	2784.812	431.508	-486.283	2877.848	431.508	-883.605	2877.848	0.000	0.000	0.000	284.001	-79.158	2829.845	247.745	-491.094	2917.563	247.745	-888.416	2917.563	0.000	0.000	0.000	
01009	4	0.000	0.000	0.000	348.556	586.145	2502.468	375.601	478.026	2541.979	379.693	195.382	2718.463	372.842	1.981	2754.842	376.646	405.811	2587.071	538.478	391.632	2548.828	576.946	105.587	2575.352	541.048	-148.300	2625.323	533.868	-199.078	2635.317	0.000	0.000	0.000	376.646	405.811	2587.071	221.024	414.005	2619.742	158.747	181.015	2780.496	159.029	-79.595	2762.415	159.143	-184.848	2755.113	0.000	0.000	0.000	472.992	-95.122	2811.955	460.451	-506.548	2908.798	460.451	-903.873	2908.798	0.000	0.000	0.000	285.915	-88.634	2839.764	236.155	-498.063	2933.030	236.155	-895.388	2933.030	0.000	0.000	0.000	
01010	4	0.000	0.000	0.000	345.264	587.380	2500.780	369.931	478.634	2542.300	372.259	198.593	2723.834	371.048	4.866	2761.361	370.525	407.191	2588.613	533.176	393.221	2548.838	577.597	112.782	2599.400	542.711	-144.633	2620.214	535.734	-196.116	2624.377	0.000	0.000	0.000	370.525	407.191	2588.613	213.865	418.182	2619.603	158.006	173.813	2762.221	142.979	-84.447	2793.654	136.896	-189.006	2806.380	0.000	0.000	0.000	476.712	-96.542	2816.204	458.746	-504.051	2901.982	458.746	-901.378	2901.982	0.000	0.000	0.000	282.453	-91.267	2847.944	233.019	-494.517	2941.165	233.019	-891.844	2941.165	0.000	0.000	0.000	
01011	4	0.000	0.000	0.000	344.921	588.776	2498.923	365.423	479.273	2542.438	365.514	200.002	2726.365	369.006	5.387	2766.129	365.446	408.166	2589.269	529.833	395.742	2548.741	577.586	117.069	2599.507	539.254	-138.417	2612.355	531.588	-189.514	2614.924	0.000	0.000	0.000	365.446	408.166	2589.269	212.556	411.991	2620.875	156.023	165.702	2757.484	127.861	-88.317	2797.345	116.373	-191.928	2813.603	0.000	0.000	0.000	478.346	-100.208	2817.575	451.934	-501.560	2907.562	451.934	-898.888	2907.562	0.000	0.000	0.000	280.215	-93.732	2854.815	233.836	-493.666	2943.018	233.836	-890.995	2943.018	0.000	0.000	0.000	
01012	4	0.000	0.000	0.000	345.007	588.929	2491.196	360.294	480.602	2542.529	362.039	200.120	2726.966	364.542	2.487	2768.061	360.736	409.462	2589.309	525.264	396.875	2548.688	578.854	118.186	2623.535	524.094	-136.815	2604.558	513.142	-187.815	2600.763	0.000	0.000	0.000	360.736	409.462	2589.309	212.640	403.217	2622.987	154.792	150.491	2760.553	109.441	-105.457	2789.156	91.143	-208.723	2800.697	0.000	0.000	0.000	476.732	-100.538	2816.125	429.381	-509.179	2876.972	429.381	-906.511	2876.972	0.000	0.000	0.000	273.920	-98.193	2854.021	226.339	-506.240	2918.567	226.339	-903.572	2918.567	0.000	0.000	0.000	
01013	4	0.000	0.000	0.000	344.701	591.452	2489.202	358.786	483.985	2542.556	361.801	201.607	2724.787	359.113	3.128	2768.494	359.549	412.447	2588.723	521.855	397.542	2556.050	578.693	123.677	2637.555	527.337	-129.703	2603.125	517.065	-180.379	2596.240	0.000	0.000	0.000	359.549	412.447	2588.723	209.433	411.602	2624.414	157.642	165.538	2771.540	118.626	-91.255	2795.193	102.842	-195.136	2804.762	0.000	0.000	0.000	473.258	-97.349	2815.335	438.393	-510.069	2865.047	438.393	-907.403	2865.047	0.000	0.000	0.000	271.635	-96.368	2861.869	224.637	-509.725	2892.714	224.637	-907.059	2892.714	0.000	0.000	0.000	
01014	4	0.000	0.000	0.000	341.260	598.566	2489.143	354.542	491.923	2542.668	360.994	209.441	2726.259	353.493	9.340	2771.545	356.173	420.544	2589.059	515.140	402.216	2560.131	561.519	118.536	2581.208	548.252	-139.711	2630.916	545.598	-191.360	2640.857	0.000	0.000	0.000	356.173	420.544	2589.059	207.670	415.258	2624.491	153.702	171.935	2769.236	109.393	-86.831	2789.612	91.639	-190.514	2797.777	0.000	0.000	0.000	470.299	-93.827	2816.234	458.024	-500.395	2923.083	458.024	-897.732	2923.083	0.000	0.000	0.000	267.475	-98.715	2868.834	230.283	-507.268	2961.382	230.283	-904.605	2961.382	0.000	0.000	0.000	
01015	4	0.000	0.000	0.000	337.038	600.512	2490.100	353.462	493.697	2542.735	360.576	213.130	2730.935	352.107	12.521	2776.815	355.255	423.002	2590.156	513.955	403.466	2558.604	552.523	122.838	2605.427	544.700	-140.874	2624.502	543.135	-193.616	2628.317	0.000	0.000	0.000	355.255	423.002	2590.156	207.938	413.778	2623.896	148.305	173.058	2768.568	108.847	-87.681	2789.238	93.108	-191.684	2797.482	0.000	0.000	0.000	469.565	-94.283	2819.051	456.013	-502.281	2918.547	456.013	-899.620	2918.547	0.000	0.000	0.000	263.403	-101.227	2871.199	233.659	-513.977	2943.989	233.659	-911.317	2943.989	0.000	0.000	0.000	
01016	4	0.000	0.000	0.000	330.077	602.078	2490.359	352.266	495.193	2542.797	359.995	217.024	2736.914	350.762	16.298	2785.562	354.206	425.387	2591.511	512.812	404.672	2558.637	559.699	127.044	2610.103	551.742	-138.297	2625.788	550.151	-191.365	2628.925	0.000	0.000	0.000	354.206	425.387	2591.511	206.420	414.623	2623.152	145.806	178.556	2773.227	107.358	-83.282	2799.269	99.668	-135.649	2804.477	0.000	0.000	0.000	467.102	-94.213	2833.967	458.648	-510.358	2925.329	458.648	-907.699	2925.329	0.000	0.000	0.000	261.958	-101.636	2882.185	232.552	-520.214	2956.502	232.552	-917.555	2956.502	0.000	0.000	0.000	
01017	4	0.000	0.000	0.000	320.318	601.171	2488.147	350.660	495.961	2542.891	359.273	213.985	2732.829	350.660	12.384	2786.440	352.816	425.364	2590.445	511.533	404.662	2558.672	553.436	125.682	2598.803	533.630	-139.202	2640.160	529.669	-192.178	2648.431	0.000	0.000	0.000	352.816	425.364	2590.445	200.803	417.930	2619.825	143.093	186.079	2775.102	108.456	-77.136	2817.337	101.528	-129.779	2825.784	0.000	0.000	0.000	462.708	-95.772	2850.979	458.760	-517.724	2906.572	458.760	-922.935	2906.572	0.000	0.000	0.000	265.354	-100.128	2890.228	223.375	-518.497	2956.216	225.507	-825.582	3220.583	0.000	0.000	0.000	
01018	4	0.000	0.000	0.000	318.549	597.809	2481.973	349.419	496.024	2542.921	358.033	214.225	2732.832	350.546	12.311	2789.956	351.577	425.437	2590.491	510.954	405.043	2558.663	554.732	126.858	2599.092	537.070	-133.570	2673.586	533.538	-185.656	2688.485	0.000	0.000	0.000	351.577	425.437	2590.491	196.880	420.114	2617.675	139.973	187.999	2772.021	107.871	-76.296	2824.949	101.451	-129.155	2835.535	0.000	0.000	0.000	464.893	-96.246	2852.452	458.544	-518.407	2900.893	458.544	-922.046	2900.893	0.000	0.000	0.000	264.838	-100.499	2894.963	215.481	-521.965	2918.133	215.481	-925.604	2918.133	0.000	0.000	0.000	
01019	4	0.000	0.000	0.000	317.870	559.907	2451.553	347.967	486.163	2542.966	353.102	212.316	2745.129	349.690	13.948	2823.597	349.252	417.667	2593.532	513.366	400.686	2558.892	558.684	136.332	2651.088	536.393	-133.456	2667.614	531.935	-187.413	2670.919	0.000	0.000	0.000	349.252	417.667	2593.532	195.089	410.842	2619.594	133.973	180.869	2773.912	105.440	-81.415	2836.748	99.733	-133.871	2849.315	0.000	0.000	0.000	468.546	-100.572	2882.432	442.461	-522.801	2906.785	442.461	-923.374	2906.785	0.000	0.000	0.000	261.323	-107.345	2928.989	225.796	-529.571	2932.601	225.796	-930.145	2932.601	0.000	0.000	0.000	
01020	4	0.000	0.000	0.000	333.542	413.790	2391.363	344.816	385.106	2511.425	355.077	151.861	2767.437	363.849	-17.455	2878.811	347.338	327.783	2574.343	515.269	321.978	2555.209	582.677	90.766	2710.327	602.589	-158.715	2799.876	606.572	-208.612	2817.786	0.000	0.000	0.000	347.338	327.783	2574.343	185.756	341.663	2599.564	120.963	126.236	2776.927	91.123	-85.919	2934.270	85.155	-128.350	2965.738	0.000	0.000	0.000	474.815	-137.601	3000.924	482.615	-552.213	2919.445	482.615	-949.929	2919.445	0.000	0.000	0.000	269.500	-127.364	3017.446	291.638	-549.302	3026.478	291.638	-947.017	3026.478	0.000	0.000	0.000	
01021	4	0.000	0.000	0.000	323.197	344.964	2378.751	339.341	340.592	2501.667	352.550	122.264	2770.903	361.822	-42.248	2891.272	342.584	286.997	2567.758	508.988	276.577	2543.519	584.291	66.539	2721.010	611.126	-162.335	2847.823	616.492	-208.110	2873.185	0.000	0.000	0.000	342.584	286.997	2567.758	179.955	291.392	2584.158	105.142	79.427	2759.553	88.731	-105.422	2945.957	85.449	-142.392	2983.238	0.000	0.000	0.000	493.869	-137.485	3008.999	480.059	-553.339	2935.324	480.059	-950.934	2935.324	0.000	0.000	0.000	241.001	-136.467	3011.116	231.887	-553.474	2943.479	231.887	-951.069	2943.479	0.000	0.000	0.000	
01022	4	0.000	0.000	0.000	323.459	348.775	2385.445	339.071	322.926	2505.795	359.659	96.296	2765.972	364.061	-68.674	2886.717	344.143	267.095	2569.891	513.836	277.378	2550.311	513.836	-7.254	2550.311	513.836	-269.295	2550.311	513.836	-374.880	2550.311	0.000	0.000	0.000	344.143	267.095	2569.891	186.962	292.319	2608.387	186.962	7.687	2608.387	186.962	-254.354	2608.387	186.962	-359.873	2608.387	0.000	0.000	0.000	490.171	-273.777	3030.466	483.826	-676.898	2904.017	483.826	-1074.450	2904.017	0.000	0.000	0.000	243.468	-240.098	3048.034	225.024	-649.939	2946.909	225.024	-1047.491	2946.909	0.000	0.000	0.000	
