02967	2	0.000	0.000	0.000	101.577	552.357	2406.839	95.925	440.151	2382.778	103.755	122.629	2435.829	103.161	-73.803	2432.137	97.898	360.147	2396.145	117.145	389.832	2546.114	117.145	115.088	2546.114	117.145	-134.915	2546.114	117.145	-235.457	2546.114	0.000	0.000	0.000	97.898	360.147	2396.145	-34.722	343.271	2439.405	99.245	203.459	2244.494	215.526	-10.810	2299.890	262.290	-96.981	2322.169	0.000	0.000	0.000	217.938	-36.757	2429.186	217.938	-439.276	2429.186	217.938	-817.906	2429.186	0.000	0.000	0.000	11.971	-75.127	2487.910	11.971	-477.646	2487.910	11.971	-856.276	2487.910	0.000	0.000	0.000	
02968	2	0.000	0.000	0.000	102.604	553.488	2413.951	96.486	441.642	2384.989	103.017	130.046	2453.313	99.688	-66.254	2446.170	98.147	362.408	2402.363	115.791	396.834	2549.980	115.791	122.060	2549.980	115.791	-127.114	2549.980	115.791	-227.651	2549.980	0.000	0.000	0.000	98.147	362.408	2402.363	-36.246	360.993	2459.019	96.036	203.802	2276.553	239.243	2.021	2247.162	297.025	-79.394	2235.304	0.000	0.000	0.000	215.307	-40.482	2444.811	215.307	-442.985	2444.811	215.307	-821.600	2444.811	0.000	0.000	0.000	7.473	-74.044	2501.935	167.025	15.488	2143.416	79.905	-225.209	2422.386	0.000	0.000	0.000	
02969	2	0.000	0.000	0.000	105.947	558.380	2407.478	97.385	442.992	2386.937	102.000	136.390	2466.458	96.290	-59.739	2456.927	98.567	364.472	2407.302	117.387	389.108	2547.517	117.387	116.307	2547.517	117.387	-133.854	2547.517	117.387	-234.383	2547.517	0.000	0.000	0.000	98.567	364.472	2407.302	-39.140	348.384	2425.658	67.692	157.027	2263.208	249.505	-14.619	2271.079	322.569	-83.596	2274.242	0.000	0.000	0.000	209.491	-39.067	2428.951	209.491	-441.538	2428.951	209.491	-820.122	2428.951	0.000	0.000	0.000	-7.137	-82.053	2476.656	-7.137	-484.524	2476.656	-7.137	-863.108	2476.656	0.000	0.000	0.000	
02970	2	0.000	0.000	0.000	107.712	559.832	2407.155	97.720	443.603	2387.122	101.844	135.823	2455.325	96.895	-60.354	2446.557	98.781	364.408	2404.671	117.361	389.072	2546.563	117.361	116.975	2546.563	117.361	-132.318	2546.563	117.361	-232.843	2546.563	0.000	0.000	0.000	98.781	364.408	2404.671	-39.809	346.528	2408.162	81.339	157.602	2254.323	248.053	-23.364	2294.386	315.279	-96.337	2310.541	0.000	0.000	0.000	210.234	-38.525	2418.115	210.234	-440.979	2418.115	210.234	-819.548	2418.115	0.000	0.000	0.000	4.089	-74.443	2502.405	4.089	-476.897	2502.405	4.089	-855.466	2502.405	0.000	0.000	0.000	
02971	2	0.000	0.000	0.000	108.959	558.760	2406.707	98.579	442.348	2386.801	101.974	130.486	2425.752	100.581	-65.485	2412.572	99.455	361.861	2396.854	118.475	377.924	2540.618	118.475	106.849	2540.618	118.475	-141.191	2540.618	118.475	-241.708	2540.618	0.000	0.000	0.000	99.455	361.861	2396.854	-38.018	345.314	2398.261	101.168	161.158	2256.149	94.654	408.910	2266.164	92.013	509.310	2270.222	0.000	0.000	0.000	217.912	-29.694	2421.843	217.912	-432.116	2421.843	217.912	-810.653	2421.843	0.000	0.000	0.000	19.026	-68.649	2486.024	19.026	-471.071	2486.024	19.026	-849.609	2486.024	0.000	0.000	0.000	
02972	2	0.000	0.000	0.000	109.597	554.132	2411.162	99.075	440.445	2386.700	101.985	126.469	2423.125	100.746	-69.147	2405.513	99.822	359.876	2396.047	119.067	371.643	2537.742	119.067	100.596	2537.742	119.067	-146.995	2537.742	119.067	-247.508	2537.742	0.000	0.000	0.000	99.822	359.876	2396.047	-38.173	349.154	2414.562	84.483	158.910	2265.466	87.605	404.873	2237.300	88.872	504.726	2225.865	0.000	0.000	0.000	216.729	-30.057	2429.679	216.729	-432.462	2429.679	216.729	-810.984	2429.679	0.000	0.000	0.000	12.640	-64.791	2474.188	220.108	-28.552	2131.299	107.391	-249.615	2417.140	0.000	0.000	0.000	
02973	2	0.000	0.000	0.000	109.860	550.698	2413.486	99.362	439.583	2386.665	101.671	124.129	2422.804	99.925	-71.518	2405.677	99.952	359.002	2395.896	119.110	376.190	2538.972	119.110	104.545	2538.972	119.110	-142.685	2538.972	119.110	-243.194	2538.972	0.000	0.000	0.000	99.952	359.002	2395.896	-38.971	353.071	2418.064	88.818	181.917	2250.232	89.103	423.627	2198.282	89.218	521.892	2177.162	0.000	0.000	0.000	214.714	-30.838	2437.565	214.714	-433.226	2437.565	214.714	-811.732	2437.565	0.000	0.000	0.000	6.659	-65.821	2466.506	191.310	-6.158	2114.001	112.984	-242.209	2399.329	0.000	0.000	0.000	
02974	2	0.000	0.000	0.000	109.584	548.234	2409.761	99.429	438.676	2386.598	102.713	122.807	2435.045	101.038	-73.503	2429.804	100.262	358.514	2398.893	121.698	394.023	2543.678	121.698	123.253	2543.678	121.698	-123.450	2543.678	121.698	-223.951	2543.678	0.000	0.000	0.000	100.262	358.514	2398.893	-36.022	350.384	2418.559	74.221	187.730	2232.261	79.113	433.969	2246.582	81.106	534.280	2252.416	0.000	0.000	0.000	219.251	-29.890	2439.535	219.251	-432.245	2439.535	219.251	-810.720	2439.535	0.000	0.000	0.000	11.961	-69.202	2491.641	159.825	48.131	2136.313	127.100	-236.700	2383.383	0.000	0.000	0.000	
02975	2	0.000	0.000	0.000	109.548	548.060	2408.723	99.459	438.627	2386.592	102.924	123.892	2445.967	101.094	-72.478	2445.596	100.336	358.937	2401.625	119.452	390.725	2542.364	119.452	120.269	2542.364	119.452	-126.244	2542.364	119.452	-226.740	2542.364	0.000	0.000	0.000	100.336	358.937	2401.625	-35.777	351.050	2418.229	90.241	182.521	2248.337	91.114	427.504	2275.750	91.470	527.377	2286.926	0.000	0.000	0.000	218.386	-23.013	2425.337	218.386	-425.350	2425.337	218.386	-803.810	2425.337	0.000	0.000	0.000	10.107	-64.600	2506.360	145.975	54.506	2146.875	128.593	-233.726	2391.521	0.000	0.000	0.000	
02976	2	0.000	0.000	0.000	109.445	557.105	2407.400	99.476	445.794	2388.287	102.834	139.799	2460.758	99.228	-56.075	2474.111	100.342	366.888	2406.975	118.615	405.370	2546.492	118.615	133.900	2546.492	118.615	-112.334	2546.492	118.615	-212.822	2546.492	0.000	0.000	0.000	100.342	366.888	2406.975	-28.305	357.120	2441.558	101.612	192.952	2268.740	90.267	438.541	2255.003	85.637	538.765	2249.398	0.000	0.000	0.000	218.694	-23.104	2467.416	218.694	-425.408	2467.416	218.694	-803.835	2467.416	0.000	0.000	0.000	9.421	-64.212	2533.758	116.286	53.208	2164.108	125.092	-229.958	2415.001	0.000	0.000	0.000	
02977	2	0.000	0.000	0.000	126.223	565.371	2407.139	103.336	453.210	2393.907	100.646	151.844	2461.631	93.699	-44.285	2456.159	102.630	374.107	2411.683	132.204	399.182	2548.805	132.204	129.086	2548.805	132.204	-125.138	2548.805	132.204	-225.608	2548.805	0.000	0.000	0.000	102.630	374.107	2411.683	-35.447	363.308	2413.971	85.177	183.344	2252.681	248.079	-9.518	2282.630	312.459	-85.738	2294.466	0.000	0.000	0.000	203.791	-54.414	2431.090	203.791	-456.650	2431.090	203.791	-835.013	2431.090	0.000	0.000	0.000	3.898	-78.772	2498.029	148.527	79.315	2157.611	148.527	-299.047	2157.611	0.000	0.000	0.000	
02978	2	0.000	0.000	0.000	134.490	564.917	2407.193	106.739	453.451	2396.401	100.239	151.722	2456.309	93.522	-44.234	2446.424	105.026	373.945	2412.187	136.961	393.068	2551.501	136.961	123.168	2551.501	136.961	-132.661	2551.501	136.961	-233.128	2551.501	0.000	0.000	0.000	105.026	373.945	2412.187	-17.567	350.942	2344.869	109.877	143.067	2229.146	264.995	-44.791	2307.226	325.911	-118.564	2337.889	0.000	0.000	0.000	202.702	-44.392	2407.881	202.702	-446.610	2407.881	202.702	-824.957	2407.881	0.000	0.000	0.000	-7.586	-65.255	2481.379	167.261	128.020	2175.026	167.261	-250.326	2175.026	0.000	0.000	0.000	
02979	2	0.000	0.000	0.000	134.490	564.917	2407.193	106.739	453.451	2396.401	100.239	151.722	2456.309	93.522	-44.234	2446.424	105.026	373.945	2412.187	136.961	393.068	2551.501	136.961	123.168	2551.501	136.961	-132.661	2551.501	136.961	-233.128	2551.501	0.000	0.000	0.000	105.026	373.945	2412.187	-17.567	350.942	2344.869	109.877	143.067	2229.146	264.995	-44.791	2307.226	325.911	-118.564	2337.889	0.000	0.000	0.000	202.702	-44.392	2407.881	202.702	-446.610	2407.881	202.702	-824.957	2407.881	0.000	0.000	0.000	-7.586	-65.255	2481.379	167.261	128.020	2175.026	167.261	-250.326	2175.026	0.000	0.000	0.000	
02980	2	0.000	0.000	0.000	142.151	564.520	2407.963	113.426	453.157	2399.397	101.681	151.896	2445.554	102.106	-43.302	2424.760	110.304	373.083	2411.666	130.710	397.838	2558.448	130.710	128.226	2558.448	130.710	-123.943	2558.448	130.710	-224.401	2558.448	0.000	0.000	0.000	110.304	373.083	2411.666	48.938	334.248	2297.625	108.184	80.899	2226.951	136.288	328.391	2266.288	147.483	426.985	2281.958	0.000	0.000	0.000	221.492	-19.852	2428.692	221.492	-422.035	2428.692	221.492	-800.349	2428.692	0.000	0.000	0.000	8.174	-76.088	2467.113	86.933	266.939	2272.481	86.933	-111.375	2272.481	0.000	0.000	0.000	
02981	2	0.000	0.000	0.000	144.848	565.098	2407.614	115.619	452.977	2404.590	101.605	148.179	2450.905	101.761	-46.158	2423.245	111.938	372.915	2416.756	146.951	372.995	2548.933	146.951	103.490	2548.933	146.951	-147.375	2548.933	146.951	-247.829	2548.933	0.000	0.000	0.000	111.938	372.915	2416.756	42.201	336.977	2307.804	111.380	86.323	2236.951	198.242	321.573	2243.696	233.025	415.774	2246.396	0.000	0.000	0.000	219.373	-30.729	2421.036	219.373	-432.895	2421.036	219.373	-811.193	2421.036	0.000	0.000	0.000	-2.260	-61.435	2457.625	-2.260	-463.601	2457.625	-2.260	-841.899	2457.625	0.000	0.000	0.000	
02982	2	0.000	0.000	0.000	146.877	564.620	2406.442	116.665	452.308	2410.344	101.299	143.516	2448.365	101.399	-50.641	2419.533	112.666	371.952	2420.238	137.429	374.965	2559.166	137.429	105.547	2559.166	137.429	-144.273	2559.166	137.429	-244.722	2559.166	0.000	0.000	0.000	112.666	371.952	2420.238	48.989	338.450	2305.379	113.059	84.786	2241.069	160.398	326.646	2281.960	179.432	423.895	2298.402	0.000	0.000	0.000	176.964	-72.942	2477.104	176.964	-475.090	2477.104	176.964	-853.372	2477.104	0.000	0.000	0.000	3.103	-52.546	2392.212	3.103	-454.695	2392.212	3.103	-832.976	2392.212	0.000	0.000	0.000	
02983	2	0.000	0.000	0.000	146.585	557.390	2405.043	117.297	444.909	2418.722	91.324	131.792	2449.063	87.452	-61.937	2417.823	110.628	364.506	2426.513	145.724	365.284	2568.016	145.724	95.998	2568.016	145.724	-152.310	2568.016	145.724	-252.750	2568.016	0.000	0.000	0.000	110.628	364.506	2426.513	54.408	336.326	2301.711	89.665	74.821	2247.977	148.430	313.031	2286.181	172.201	409.386	2301.634	0.000	0.000	0.000	188.047	-36.254	2486.822	188.047	-438.368	2486.822	188.047	-816.616	2486.822	0.000	0.000	0.000	-4.228	-46.098	2361.523	-4.228	-448.212	2361.523	-4.228	-826.460	2361.523	0.000	0.000	0.000	
02984	2	0.000	0.000	0.000	145.797	553.562	2405.471	117.476	440.706	2420.079	82.818	126.762	2448.485	77.884	-63.870	2402.081	108.618	360.468	2427.339	148.983	361.950	2570.137	148.983	92.714	2570.137	148.983	-155.052	2570.137	148.983	-255.488	2570.137	0.000	0.000	0.000	108.618	360.468	2427.339	50.452	329.980	2306.236	58.036	66.255	2252.574	142.249	298.040	2276.498	176.386	391.997	2286.196	0.000	0.000	0.000	124.243	-104.184	2471.621	124.243	-506.280	2471.621	124.243	-884.512	2471.621	0.000	0.000	0.000	21.237	-90.762	2350.427	21.237	-492.858	2350.427	21.237	-871.090	2350.427	0.000	0.000	0.000	
02985	2	0.000	0.000	0.000	145.821	549.559	2405.748	117.652	439.511	2425.788	68.835	129.257	2482.986	58.374	-62.242	2441.389	105.259	360.747	2440.308	169.715	367.137	2571.882	169.715	97.980	2571.882	169.715	-149.002	2571.882	169.715	-249.429	2571.882	0.000	0.000	0.000	105.259	360.747	2440.308	18.646	328.624	2340.970	11.002	64.851	2287.956	113.945	289.356	2287.526	155.804	380.644	2287.351	0.000	0.000	0.000	143.641	-31.294	2535.088	143.641	-433.355	2535.088	143.641	-811.554	2535.088	0.000	0.000	0.000	-51.296	-23.249	2427.207	-51.296	-425.309	2427.207	-51.296	-803.508	2427.207	0.000	0.000	0.000	
02986	2	0.000	0.000	0.000	145.961	547.967	2405.873	117.732	440.573	2430.917	65.989	135.465	2512.287	52.399	-57.018	2476.595	104.627	363.300	2451.526	183.005	368.648	2570.287	183.005	99.523	2570.287	183.005	-147.177	2570.287	183.005	-247.600	2570.287	0.000	0.000	0.000	104.627	363.300	2451.526	7.874	334.266	2356.838	2.254	68.793	2313.012	94.849	297.295	2304.417	132.541	390.310	2300.919	0.000	0.000	0.000	147.584	-56.918	2536.970	147.584	-458.961	2536.970	147.584	-837.143	2536.970	0.000	0.000	0.000	-43.365	-49.884	2448.210	-43.365	-451.927	2448.210	-43.365	-830.109	2448.210	0.000	0.000	0.000	
02987	2	0.000	0.000	0.000	146.235	546.451	2406.140	117.839	441.205	2435.095	61.890	142.896	2538.302	44.538	-50.593	2510.631	103.696	365.798	2461.184	168.162	373.081	2580.847	168.162	103.983	2580.847	168.162	-142.489	2580.847	168.162	-242.907	2580.847	0.000	0.000	0.000	103.696	365.798	2461.184	8.384	335.322	2362.810	-5.941	70.388	2317.882	65.161	305.077	2293.095	94.129	400.694	2282.997	0.000	0.000	0.000	141.514	-69.881	2545.477	141.514	-471.906	2545.477	141.514	-850.072	2545.477	0.000	0.000	0.000	-42.784	-63.079	2474.097	-42.784	-465.104	2474.097	-42.784	-843.270	2474.097	0.000	0.000	0.000	
02988	2	0.000	0.000	0.000	147.012	544.232	2410.676	117.924	442.092	2445.515	61.007	147.765	2561.474	37.419	-43.380	2546.968	103.576	367.894	2474.748	204.107	375.137	2575.766	204.107	106.086	2575.766	204.107	-140.052	2575.766	204.107	-240.461	2575.766	0.000	0.000	0.000	103.576	367.894	2474.748	2.939	332.254	2385.600	-29.572	65.851	2366.604	-127.584	-156.659	2404.905	-167.567	-247.429	2420.529	0.000	0.000	0.000	125.794	-97.266	2581.827	125.794	-499.256	2581.827	125.794	-877.388	2581.827	0.000	0.000	0.000	-65.569	-73.562	2530.244	-65.569	-475.552	2530.244	-65.569	-853.684	2530.244	0.000	0.000	0.000	
02989	2	0.000	0.000	0.000	147.105	541.898	2407.721	118.010	442.555	2451.039	62.843	153.447	2569.889	37.122	-35.641	2557.975	103.928	368.754	2481.378	211.411	369.385	2575.801	211.411	100.354	2575.801	211.411	-145.662	2575.801	211.411	-246.067	2575.801	0.000	0.000	0.000	103.928	368.754	2481.378	-5.532	334.285	2399.480	-37.769	67.678	2383.399	-151.995	-148.540	2410.345	-198.613	-236.784	2421.342	0.000	0.000	0.000	138.493	-85.544	2571.226	138.493	-487.516	2571.226	138.493	-865.631	2571.226	0.000	0.000	0.000	-72.343	-58.573	2538.017	-72.343	-460.545	2538.017	-72.343	-838.661	2538.017	0.000	0.000	0.000	
02990	2	0.000	0.000	0.000	146.796	539.158	2395.707	118.074	444.172	2453.370	63.280	156.030	2568.046	33.891	-29.165	2568.196	103.978	370.044	2482.872	227.374	377.367	2565.099	227.374	108.371	2565.099	227.374	-137.463	2565.099	227.374	-237.858	2565.099	0.000	0.000	0.000	103.978	370.044	2482.872	-11.854	347.321	2402.071	-52.016	81.427	2395.318	-168.242	-131.269	2436.380	-215.708	-218.132	2453.150	0.000	0.000	0.000	128.912	-94.726	2580.208	128.912	-496.662	2580.208	128.912	-874.744	2580.208	0.000	0.000	0.000	-75.589	-67.325	2575.936	-26.521	-463.448	2623.171	-26.521	-841.530	2623.171	0.000	0.000	0.000	
02991	2	0.000	0.000	0.000	147.058	539.868	2391.830	118.104	445.601	2453.346	63.181	160.236	2573.137	33.190	-24.146	2577.874	103.948	372.049	2484.222	232.258	373.332	2554.728	232.258	104.353	2554.728	232.258	-141.413	2554.728	232.258	-241.805	2554.728	0.000	0.000	0.000	103.948	372.049	2484.222	-16.021	350.746	2414.036	-66.714	86.601	2416.738	-168.307	-135.055	2447.536	-209.807	-225.598	2460.117	0.000	0.000	0.000	124.327	-100.014	2580.183	124.327	-501.932	2580.183	124.327	-879.997	2580.183	0.000	0.000	0.000	-76.832	-63.864	2596.448	-48.251	-464.513	2610.670	-48.251	-842.578	2610.670	0.000	0.000	0.000	
02992	2	0.000	0.000	0.000	147.489	541.505	2390.189	118.114	447.033	2453.243	63.075	165.786	2580.672	33.352	-18.619	2593.788	103.897	374.387	2486.158	237.474	370.165	2544.741	237.474	101.201	2544.741	237.474	-144.509	2544.741	237.474	-244.896	2544.741	0.000	0.000	0.000	103.897	374.387	2486.158	-22.121	358.891	2420.191	-85.779	97.864	2432.600	-162.055	-134.043	2460.422	-193.219	-228.791	2471.789	0.000	0.000	0.000	126.434	-91.274	2602.270	126.434	-493.175	2602.270	126.434	-871.223	2602.270	0.000	0.000	0.000	-75.009	-64.992	2610.158	-126.799	-456.721	2536.740	-126.799	-834.769	2536.740	0.000	0.000	0.000	
02993	2	0.000	0.000	0.000	144.219	544.114	2385.048	118.124	450.616	2453.021	64.207	174.344	2592.139	35.619	-9.862	2618.631	104.214	379.342	2488.912	246.010	369.951	2529.668	291.976	136.963	2655.882	355.309	-61.676	2785.734	367.975	-101.404	2811.705	0.000	0.000	0.000	104.214	379.342	2488.912	-30.646	370.939	2437.036	-83.998	107.698	2423.485	-153.236	-117.278	2493.643	-181.531	-209.219	2522.314	0.000	0.000	0.000	118.724	-97.814	2653.705	118.724	-499.679	2653.705	118.724	-877.693	2653.705	0.000	0.000	0.000	-71.867	-76.447	2627.553	-74.070	-477.208	2597.872	-74.070	-855.222	2597.872	0.000	0.000	0.000	
02994	2	0.000	0.000	0.000	136.495	544.456	2380.181	118.062	452.368	2452.888	65.002	178.182	2598.152	37.600	-6.988	2627.580	104.409	381.816	2490.267	245.649	372.826	2532.843	301.630	131.719	2637.972	369.240	-59.972	2775.802	382.762	-98.310	2803.368	0.000	0.000	0.000	104.409	381.816	2490.267	-30.549	371.365	2434.145	-92.881	109.772	2435.692	-163.690	-113.318	2510.060	-192.631	-204.496	2540.454	0.000	0.000	0.000	123.271	-101.248	2649.085	123.271	-503.095	2649.085	123.271	-881.092	2649.085	0.000	0.000	0.000	-68.459	-82.833	2641.110	-134.594	-472.321	2567.587	-134.594	-850.318	2567.587	0.000	0.000	0.000	
02995	2	0.000	0.000	0.000	109.732	542.557	2369.332	111.063	456.156	2452.578	65.354	183.341	2607.499	40.915	-6.362	2639.720	99.386	386.460	2492.156	241.355	377.829	2532.363	305.317	126.483	2603.371	377.969	-81.551	2711.688	392.500	-123.158	2733.351	0.000	0.000	0.000	99.386	386.460	2492.156	-36.394	370.023	2434.840	-93.278	107.499	2447.225	-180.499	-110.831	2518.033	-216.151	-200.076	2546.978	0.000	0.000	0.000	126.691	-96.426	2688.754	126.691	-502.101	2688.754	126.691	-880.074	2688.754	0.000	0.000	0.000	-68.772	-82.372	2665.252	-34.220	-485.456	2695.279	-34.220	-863.429	2695.279	0.000	0.000	0.000	
02996	2	0.000	0.000	0.000	101.060	537.698	2364.663	105.905	456.525	2452.387	68.317	181.614	2607.681	45.817	-10.808	2642.375	96.331	386.499	2491.944	240.242	378.816	2528.356	306.246	122.278	2574.572	385.278	-87.593	2674.514	401.084	-129.568	2694.502	0.000	0.000	0.000	96.331	386.499	2491.944	-39.625	365.033	2434.877	-99.891	104.038	2458.414	-183.615	-115.659	2529.153	-217.839	-205.468	2558.070	0.000	0.000	0.000	135.640	-94.296	2689.544	135.640	-504.291	2689.544	135.640	-882.255	2689.544	0.000	0.000	0.000	-64.951	-83.063	2660.567	-41.972	-492.248	2672.202	-41.972	-870.213	2672.202	0.000	0.000	0.000	
02997	2	0.000	0.000	0.000	93.617	536.529	2360.981	100.275	456.686	2449.400	71.162	179.485	2606.024	51.487	-15.261	2645.530	92.900	386.463	2489.077	238.879	379.106	2520.417	306.646	120.817	2551.985	383.161	-88.600	2654.764	398.464	-130.484	2675.320	0.000	0.000	0.000	92.900	386.463	2489.077	-43.630	359.957	2434.973	-121.182	104.334	2465.700	-189.565	-119.169	2540.830	-203.241	-163.869	2555.855	0.000	0.000	0.000	131.372	-103.285	2713.916	131.372	-515.777	2713.916	131.372	-893.736	2713.916	0.000	0.000	0.000	-57.537	-97.832	2667.139	-49.502	-510.218	2662.303	13.267	-817.037	2873.903	0.000	0.000	0.000	
02998	2	0.000	0.000	0.000	74.023	532.000	2354.031	86.664	454.951	2443.702	109.328	178.440	2608.343	103.113	-20.612	2649.209	92.354	385.530	2485.036	229.601	375.458	2504.778	300.938	121.918	2558.945	337.658	-117.749	2597.450	352.669	-215.730	2613.192	0.000	0.000	0.000	92.354	385.530	2485.036	-56.899	355.627	2441.487	-115.913	98.682	2388.554	-158.166	-105.801	2517.676	-166.617	-146.698	2543.501	0.000	0.000	0.000	202.855	-79.189	2695.949	202.855	-495.823	2695.949	202.855	-873.793	2695.949	0.000	0.000	0.000	2.451	-100.627	2671.233	-30.639	-515.742	2684.219	-1.807	-824.570	2900.218	0.000	0.000	0.000	
02999	2	0.000	0.000	0.000	64.475	531.761	2350.715	81.489	454.691	2439.451	93.833	176.304	2604.541	88.335	-22.978	2640.453	84.576	385.070	2480.738	220.081	372.080	2505.034	290.017	116.012	2548.092	337.732	-123.795	2570.313	357.240	-221.835	2579.398	0.000	0.000	0.000	84.576	385.070	2480.738	-68.352	365.937	2441.381	-164.758	119.945	2491.484	-198.250	-118.384	2540.011	-204.949	-166.050	2549.716	0.000	0.000	0.000	144.440	-128.145	2703.058	144.440	-544.871	2703.058	144.440	-922.870	2703.058	0.000	0.000	0.000	-12.901	-98.819	2658.824	-31.076	-514.140	2687.781	-29.992	-838.163	2882.438	0.000	0.000	0.000	
03000	2	0.000	0.000	0.000	39.423	538.725	2342.861	55.726	451.528	2424.857	68.442	169.234	2585.864	64.803	-28.886	2611.313	58.895	381.172	2464.985	197.401	365.943	2475.146	246.939	105.232	2540.034	314.916	-131.630	2540.674	342.624	-228.175	2540.935	0.000	0.000	0.000	58.895	381.172	2464.985	-85.505	352.875	2440.565	-206.199	126.161	2533.670	-238.953	-115.808	2566.884	-245.504	-164.202	2573.526	0.000	0.000	0.000	168.055	-85.802	2638.599	168.055	-497.446	2638.599	168.055	-875.702	2638.599	0.000	0.000	0.000	7.787	-135.606	2659.626	-41.848	-540.977	2711.214	-22.042	-875.468	2886.716	0.000	0.000	0.000	
03001	2	0.000	0.000	0.000	28.773	541.230	2339.888	45.080	449.490	2418.376	51.459	165.520	2577.387	48.095	-32.016	2602.649	46.669	378.731	2457.998	185.918	364.735	2473.891	237.090	103.838	2533.931	304.285	-133.542	2523.285	331.636	-230.164	2518.951	0.000	0.000	0.000	46.669	378.731	2457.998	-100.887	357.787	2438.006	-214.343	119.746	2506.958	-234.055	-122.725	2549.351	-237.998	-171.219	2557.830	0.000	0.000	0.000	116.294	-131.886	2653.100	116.294	-541.906	2653.100	116.294	-920.426	2653.100	0.000	0.000	0.000	-49.554	-103.043	2637.281	-38.081	-501.333	2733.975	38.467	-805.879	2945.328	0.000	0.000	0.000	
03002	2	0.000	0.000	0.000	17.352	540.612	2335.690	30.754	445.264	2411.870	65.928	163.441	2569.465	71.328	-32.225	2590.038	39.546	374.819	2451.262	173.597	365.794	2472.302	239.634	106.419	2521.636	289.445	-136.407	2503.678	309.608	-234.704	2496.409	0.000	0.000	0.000	39.546	374.819	2451.262	-115.333	352.475	2432.377	-230.649	116.153	2502.550	-225.297	-129.892	2537.209	-224.226	-179.101	2544.141	0.000	0.000	0.000	183.833	-53.205	2600.720	183.833	-462.077	2600.720	183.833	-840.950	2600.720	0.000	0.000	0.000	-11.685	-114.231	2619.529	-247.363	-433.555	2521.222	-104.615	-666.405	2783.803	0.000	0.000	0.000	
03003	2	0.000	0.000	0.000	0.147	527.279	2324.887	5.471	434.157	2405.344	9.392	143.746	2559.792	5.798	-47.724	2598.099	6.441	362.297	2443.561	158.254	366.978	2464.229	224.559	98.000	2504.540	276.462	-148.517	2506.867	297.242	-247.212	2507.799	0.000	0.000	0.000	6.441	362.297	2443.561	-147.078	346.104	2422.627	-249.548	103.679	2518.022	-261.059	-147.832	2526.945	-263.361	-198.135	2528.730	0.000	0.000	0.000	81.465	-143.252	2668.538	81.465	-550.959	2668.538	81.465	-930.800	2668.538	0.000	0.000	0.000	-94.843	-135.554	2631.524	-90.942	-527.073	2745.202	17.318	-824.921	2954.596	0.000	0.000	0.000	
03004	2	0.000	0.000	0.000	-13.863	520.192	2318.639	-7.301	430.064	2401.319	-21.338	139.268	2553.637	-29.350	-51.464	2597.802	-10.783	357.910	2439.113	149.587	364.758	2453.397	211.878	92.075	2498.773	259.600	-154.622	2501.348	278.786	-253.804	2502.384	0.000	0.000	0.000	-10.783	357.910	2439.113	-160.315	340.548	2414.130	-266.293	96.594	2511.858	-267.170	-154.451	2500.963	-267.345	-204.660	2498.784	0.000	0.000	0.000	64.137	-157.171	2655.217	64.137	-564.751	2655.217	64.137	-945.206	2655.217	0.000	0.000	0.000	-130.486	-163.341	2637.734	-113.769	-565.201	2703.688	-14.214	-840.873	2946.258	0.000	0.000	0.000	
03005	2	0.000	0.000	0.000	-55.637	506.407	2306.326	-37.798	417.457	2387.104	-10.834	130.588	2545.497	-21.015	-63.564	2585.899	-31.071	345.892	2426.618	121.479	345.168	2423.042	166.140	66.867	2430.345	202.846	-174.203	2497.502	217.597	-271.081	2524.491	0.000	0.000	0.000	-31.071	345.892	2426.618	-169.333	302.085	2422.800	-311.869	81.338	2525.044	-271.624	-166.752	2496.698	-263.574	-216.370	2491.029	0.000	0.000	0.000	82.148	-182.156	2632.446	82.148	-590.684	2632.446	82.148	-973.463	2632.446	0.000	0.000	0.000	-115.410	-209.940	2628.698	-115.410	-618.468	2628.698	-115.410	-1001.247	2628.698	0.000	0.000	0.000	
03006	2	0.000	0.000	0.000	-64.326	502.007	2297.911	-45.877	411.900	2380.764	-12.168	127.717	2543.508	-20.657	-68.657	2581.040	-37.458	340.925	2421.410	105.657	324.693	2416.077	168.534	53.538	2461.095	199.044	-197.123	2469.692	211.348	-298.205	2473.159	0.000	0.000	0.000	-37.458	340.925	2421.410	-189.558	311.061	2412.413	-291.426	60.927	2493.415	-290.026	-191.719	2495.368	-289.747	-242.248	2495.759	0.000	0.000	0.000	73.144	-189.429	2644.830	73.144	-598.614	2644.830	73.144	-982.312	2644.830	0.000	0.000	0.000	-137.101	-173.599	2616.014	-137.101	-582.784	2616.014	-137.101	-966.482	2616.014	0.000	0.000	0.000	
03007	2	0.000	0.000	0.000	-72.711	498.092	2288.734	-57.307	405.987	2372.546	-33.726	123.040	2540.246	-37.083	-74.636	2574.760	-51.412	335.256	2414.468	98.090	325.192	2407.163	161.340	54.255	2463.439	203.653	-194.570	2473.580	220.764	-295.190	2477.680	0.000	0.000	0.000	-51.412	335.256	2414.468	-203.275	310.898	2411.607	-296.481	55.290	2492.546	-303.575	-197.208	2493.831	-304.994	-247.708	2494.088	0.000	0.000	0.000	65.630	-176.952	2630.347	65.630	-586.921	2630.347	65.630	-971.597	2630.347	0.000	0.000	0.000	-150.911	-171.758	2607.048	-150.911	-581.727	2607.048	-150.911	-966.403	2607.048	0.000	0.000	0.000	
03008	2	0.000	0.000	0.000	-85.984	494.288	2278.116	-70.696	396.169	2357.327	-75.966	109.025	2532.122	-74.380	-89.241	2561.177	-71.995	325.379	2400.419	88.881	320.407	2395.396	150.386	44.578	2461.293	195.288	-203.652	2480.334	213.517	-304.432	2488.065	0.000	0.000	0.000	-71.995	325.379	2400.419	-215.243	302.576	2412.103	-306.911	40.330	2495.956	-303.828	-212.505	2488.116	-303.211	-263.072	2486.548	0.000	0.000	0.000	33.867	-173.081	2611.251	33.867	-584.926	2611.251	33.867	-971.713	2611.251	0.000	0.000	0.000	-182.532	-180.741	2600.709	-182.532	-592.587	2600.709	-182.532	-979.374	2600.709	0.000	0.000	0.000	
03009	2	0.000	0.000	0.000	-93.747	491.797	2271.257	-80.272	389.887	2345.115	-87.192	102.378	2520.573	-86.308	-94.267	2551.720	-81.985	318.736	2388.537	80.434	310.130	2380.284	144.698	35.486	2460.792	202.321	-211.368	2473.629	225.775	-311.847	2478.854	0.000	0.000	0.000	-81.985	318.736	2388.537	-227.769	298.262	2402.336	-313.288	33.140	2494.193	-298.304	-216.528	2451.026	-295.308	-266.462	2442.393	0.000	0.000	0.000	24.332	-173.847	2597.514	24.332	-587.876	2597.514	24.332	-976.939	2597.514	0.000	0.000	0.000	-193.459	-183.939	2593.876	-193.459	-597.968	2593.876	-193.459	-987.031	2593.876	0.000	0.000	0.000	
03010	2	0.000	0.000	0.000	-101.450	490.849	2265.502	-86.167	387.620	2335.933	-87.999	101.225	2514.250	-87.808	-93.515	2546.709	-86.621	316.631	2380.132	75.467	307.183	2366.926	141.524	35.975	2457.747	197.415	-212.074	2464.563	220.185	-313.129	2467.341	0.000	0.000	0.000	-86.621	316.631	2380.132	-234.874	293.072	2385.963	-314.393	29.923	2488.898	-303.573	-219.749	2441.517	-301.408	-269.683	2432.041	0.000	0.000	0.000	25.616	-176.638	2582.599	25.616	-591.843	2582.599	25.616	-982.091	2582.599	0.000	0.000	0.000	-196.593	-184.559	2586.338	-196.593	-599.763	2586.338	-196.593	-990.011	2586.338	0.000	0.000	0.000	
03011	2	0.000	0.000	0.000	-119.340	482.371	2245.811	-96.957	381.231	2316.291	-87.713	92.371	2496.490	-86.286	-104.798	2532.952	-94.673	309.862	2360.813	63.590	292.883	2337.406	132.315	33.295	2447.069	195.695	-221.365	2443.344	220.876	-322.543	2441.864	0.000	0.000	0.000	-94.673	309.862	2360.813	-243.163	285.473	2375.292	-317.841	28.932	2488.183	-304.901	-229.471	2444.099	-302.313	-281.152	2435.283	0.000	0.000	0.000	29.243	-178.016	2577.231	29.243	-595.693	2577.231	29.243	-988.380	2577.231	0.000	0.000	0.000	-194.748	-187.240	2585.713	-194.748	-604.917	2585.713	-194.748	-997.604	2585.713	0.000	0.000	0.000	
03012	2	0.000	0.000	0.000	-123.297	474.963	2229.764	-99.839	375.616	2302.726	-86.825	86.525	2485.801	-83.921	-107.492	2525.247	-96.631	304.350	2347.857	61.767	284.739	2312.126	128.724	26.547	2433.169	194.473	-230.402	2451.001	207.623	-281.792	2454.568	0.000	0.000	0.000	-96.631	304.350	2347.857	-245.377	280.003	2367.076	-329.364	33.001	2500.245	-315.896	-229.463	2460.312	-313.203	-281.956	2452.325	0.000	0.000	0.000	32.566	-186.700	2574.547	40.992	-583.967	2441.751	40.992	-977.900	2441.751	0.000	0.000	0.000	-194.912	-195.849	2577.464	-194.912	-614.808	2577.464	-194.912	-1008.741	2577.464	0.000	0.000	0.000	
03013	2	0.000	0.000	0.000	-123.443	467.317	2215.833	-100.917	369.134	2290.494	-95.915	77.798	2472.695	-93.810	-114.190	2514.960	-99.684	297.341	2335.393	61.338	276.989	2300.844	128.686	10.503	2402.350	155.720	-251.786	2415.155	161.127	-304.243	2417.716	0.000	0.000	0.000	-99.684	297.341	2335.393	-243.192	272.464	2363.552	-337.907	23.292	2485.193	-300.004	-237.394	2467.997	-284.939	-341.009	2461.162	0.000	0.000	0.000	20.097	-202.470	2559.864	42.659	-606.645	2446.927	42.659	-1001.837	2446.927	0.000	0.000	0.000	-207.166	-199.808	2561.645	-207.166	-620.071	2561.645	-207.166	-1015.263	2561.645	0.000	0.000	0.000	
03014	2	0.000	0.000	0.000	-122.535	454.640	2193.196	-101.447	356.227	2266.638	-97.629	63.281	2447.608	-93.132	-127.844	2487.807	-100.502	283.735	2311.420	63.236	265.529	2281.940	123.017	2.832	2389.831	199.053	-245.238	2415.069	214.260	-294.853	2420.117	0.000	0.000	0.000	-100.502	283.735	2311.420	-253.605	265.032	2330.764	-316.493	-9.302	2401.542	-278.998	-264.417	2439.859	-263.811	-367.746	2455.379	0.000	0.000	0.000	19.156	-214.958	2537.240	31.180	-636.897	2512.445	31.180	-1034.557	2512.445	0.000	0.000	0.000	-193.830	-224.384	2548.913	-193.830	-647.222	2548.913	-193.830	-1044.882	2548.913	0.000	0.000	0.000	
03015	2	0.000	0.000	0.000	-121.827	454.888	2184.759	-99.640	351.447	2248.220	-89.123	58.898	2429.636	-84.038	-131.900	2466.709	-97.032	278.886	2293.217	66.259	262.126	2267.573	123.544	-0.244	2380.199	179.582	-254.068	2401.745	190.790	-304.833	2406.054	0.000	0.000	0.000	-97.032	278.886	2293.217	-247.411	259.412	2322.843	-289.376	-25.820	2363.896	-276.336	-276.926	2433.230	-271.044	-378.825	2461.366	0.000	0.000	0.000	24.663	-221.795	2523.426	23.614	-645.126	2502.590	23.614	-1043.750	2502.590	0.000	0.000	0.000	-185.742	-230.523	2524.141	-185.742	-654.368	2524.141	-185.742	-1052.992	2524.141	0.000	0.000	0.000	
03016	2	0.000	0.000	0.000	-113.708	448.934	2164.951	-95.371	340.169	2218.484	-82.177	45.716	2396.515	-78.105	-146.993	2434.415	-92.087	266.870	2262.802	67.874	241.882	2234.793	127.893	-24.649	2330.412	182.714	-279.461	2388.382	193.678	-330.423	2399.976	0.000	0.000	0.000	-92.087	266.870	2262.802	-238.545	239.481	2295.546	-296.427	-26.465	2394.069	-277.490	-292.643	2403.316	-269.957	-398.527	2406.995	0.000	0.000	0.000	28.654	-231.832	2498.187	27.228	-656.499	2475.105	25.712	-1042.009	2581.832	0.000	0.000	0.000	-181.137	-233.679	2500.631	-181.137	-658.975	2500.631	-181.137	-1058.988	2500.631	0.000	0.000	0.000	
03017	2	0.000	0.000	0.000	-101.173	438.782	2148.703	-90.276	333.421	2208.070	-74.145	39.123	2387.094	-68.898	-151.955	2426.824	-86.262	260.177	2252.625	76.068	238.400	2223.053	133.434	-31.036	2296.655	177.911	-285.731	2371.618	186.806	-336.670	2386.611	0.000	0.000	0.000	-86.262	260.177	2252.625	-235.842	237.339	2288.711	-289.910	-30.284	2370.920	-279.158	-292.539	2430.704	-274.910	-396.144	2454.322	0.000	0.000	0.000	41.022	-248.501	2481.142	24.576	-672.457	2444.994	19.127	-1052.067	2572.558	0.000	0.000	0.000	-176.513	-241.792	2488.394	-176.513	-667.604	2488.394	-176.513	-1068.111	2488.394	0.000	0.000	0.000	
03018	2	0.000	0.000	0.000	-90.894	431.761	2133.769	-84.301	327.853	2195.477	-68.460	34.640	2377.288	-62.173	-156.084	2418.301	-80.361	254.918	2240.701	81.844	231.596	2207.743	143.128	-33.749	2284.433	177.912	-295.292	2342.742	184.868	-347.600	2354.404	0.000	0.000	0.000	-80.361	254.918	2240.701	-233.990	234.700	2272.519	-281.797	-35.669	2340.786	-279.038	-296.984	2409.495	-277.952	-399.932	2436.563	0.000	0.000	0.000	47.872	-263.120	2469.926	20.645	-687.368	2439.258	4.866	-1080.538	2516.009	0.000	0.000	0.000	-169.765	-258.988	2473.970	-169.765	-685.213	2473.970	-169.765	-1086.115	2473.970	0.000	0.000	0.000	
03019	2	0.000	0.000	0.000	-72.410	423.468	2109.108	-67.518	317.078	2168.251	-58.820	21.948	2346.740	-52.510	-169.900	2382.027	-65.349	243.486	2212.758	96.968	215.978	2181.565	162.707	-42.471	2257.694	185.454	-303.122	2305.957	190.003	-355.252	2315.610	0.000	0.000	0.000	-65.349	243.486	2212.758	-222.511	228.271	2242.713	-281.772	-35.337	2305.251	-277.557	-300.123	2330.873	-275.868	-406.219	2341.140	0.000	0.000	0.000	61.522	-269.620	2424.809	21.829	-694.477	2415.025	21.873	-1076.164	2539.501	0.000	0.000	0.000	-160.784	-267.639	2435.667	-160.784	-694.458	2435.667	-160.784	-1095.929	2435.667	0.000	0.000	0.000	
03020	2	0.000	0.000	0.000	-65.714	419.872	2101.018	-61.041	311.077	2157.583	-53.674	14.901	2334.164	-48.115	-176.556	2367.319	-59.202	237.162	2201.651	103.914	212.532	2179.036	164.305	-50.564	2233.192	184.921	-313.558	2281.704	189.044	-366.157	2291.406	0.000	0.000	0.000	-59.202	237.162	2201.651	-215.264	229.249	2240.653	-279.606	-30.979	2303.429	-278.020	-297.261	2335.616	-277.389	-403.148	2348.415	0.000	0.000	0.000	67.197	-272.125	2410.499	24.223	-696.851	2421.299	10.214	-1086.968	2515.923	0.000	0.000	0.000	-154.747	-274.814	2423.407	-154.747	-701.845	2423.407	-154.747	-1103.518	2423.407	0.000	0.000	0.000	
03021	2	0.000	0.000	0.000	-57.194	413.847	2077.079	-52.040	303.572	2129.083	-47.560	10.086	2309.763	-43.186	-180.928	2336.320	-50.920	230.227	2174.236	112.511	205.656	2147.210	166.939	-57.005	2204.503	186.694	-324.274	2199.701	190.645	-377.728	2198.741	0.000	0.000	0.000	-50.920	230.227	2174.236	-203.661	225.578	2218.083	-275.007	-28.438	2293.061	-275.303	-294.979	2321.384	-275.421	-401.118	2332.662	0.000	0.000	0.000	69.844	-281.653	2381.932	26.400	-705.820	2410.398	5.202	-1090.095	2526.410	0.000	0.000	0.000	-152.560	-280.992	2387.220	-152.560	-708.327	2387.220	-152.560	-1110.291	2387.220	0.000	0.000	0.000	
03022	2	0.000	0.000	0.000	-51.937	406.129	2063.860	-47.199	297.956	2117.951	-45.601	4.768	2299.230	-41.886	-185.884	2329.504	-46.800	224.675	2163.261	114.841	196.603	2137.628	170.605	-69.461	2189.231	186.063	-335.604	2197.254	189.155	-388.833	2198.859	0.000	0.000	0.000	-46.800	224.675	2163.261	-200.532	218.969	2202.607	-272.547	-35.362	2284.414	-275.797	-300.871	2309.512	-277.099	-407.154	2319.559	0.000	0.000	0.000	69.352	-291.635	2380.002	32.227	-716.085	2414.237	4.859	-1100.426	2529.092	0.000	0.000	0.000	-145.850	-290.288	2393.453	-145.850	-717.732	2393.453	-145.850	-1119.800	2393.453	0.000	0.000	0.000	
03023	2	0.000	0.000	0.000	-45.315	398.577	2051.369	-42.327	291.446	2106.379	-44.147	0.268	2291.790	-41.168	-190.342	2325.465	-42.781	218.757	2152.665	120.941	192.325	2127.475	173.175	-79.314	2160.887	182.913	-342.002	2199.230	184.860	-394.539	2206.898	0.000	0.000	0.000	-42.781	218.757	2152.665	-194.634	216.011	2196.037	-270.783	-41.487	2270.393	-276.290	-306.260	2291.244	-278.504	-412.694	2299.625	0.000	0.000	0.000	69.270	-301.082	2379.244	42.933	-726.391	2413.889	9.331	-1110.826	2527.052	0.000	0.000	0.000	-145.461	-302.213	2387.854	-145.461	-729.743	2387.854	-145.461	-1131.894	2387.854	0.000	0.000	0.000	
03024	2	0.000	0.000	0.000	-33.378	385.397	2028.886	-34.602	280.549	2086.781	-42.231	-9.166	2275.494	-41.515	-200.285	2308.011	-36.504	208.337	2133.818	129.153	180.962	2096.110	173.848	-93.912	2140.878	176.011	-353.111	2191.567	176.444	-404.951	2201.705	0.000	0.000	0.000	-36.504	208.337	2133.818	-188.163	208.497	2176.491	-262.662	-51.607	2256.197	-268.115	-315.669	2255.806	-270.321	-422.465	2255.648	0.000	0.000	0.000	81.622	-288.404	2342.260	47.506	-708.870	2412.495	15.979	-1093.895	2524.670	0.000	0.000	0.000	-159.522	-290.717	2356.220	-159.522	-718.372	2356.220	-159.522	-1120.642	2356.220	0.000	0.000	0.000	
03025	2	0.000	0.000	0.000	-27.696	381.383	2017.531	-30.051	277.297	2077.608	-41.407	-11.108	2268.368	-41.732	-202.167	2299.515	-32.881	205.430	2125.143	132.826	178.059	2094.878	173.738	-101.540	2121.873	167.357	-358.964	2178.117	166.081	-410.449	2189.366	0.000	0.000	0.000	-32.881	205.430	2125.143	-183.118	209.545	2170.643	-258.133	-52.512	2249.868	-268.610	-315.874	2251.413	-272.856	-422.617	2252.039	0.000	0.000	0.000	75.260	-298.301	2341.921	46.240	-719.151	2412.419	10.675	-1099.060	2539.933	0.000	0.000	0.000	-156.087	-295.113	2353.719	-156.087	-722.812	2353.719	-156.087	-1125.124	2353.719	0.000	0.000	0.000	
03026	2	0.000	0.000	0.000	-23.496	379.501	1999.471	-25.055	274.483	2060.390	-40.581	-14.005	2250.835	-41.941	-204.199	2282.583	-28.924	202.596	2107.846	135.538	173.945	2066.880	172.130	-110.357	2089.748	155.610	-367.218	2142.741	152.306	-418.590	2153.340	0.000	0.000	0.000	-28.924	202.596	2107.846	-176.670	210.675	2154.631	-255.138	-50.037	2247.163	-268.670	-312.475	2245.795	-274.171	-419.178	2245.239	0.000	0.000	0.000	78.124	-293.819	2319.355	48.047	-712.724	2400.564	-30.908	-1086.523	2526.838	0.000	0.000	0.000	-151.400	-299.196	2343.283	-151.400	-726.959	2343.283	-151.400	-1129.333	2343.283	0.000	0.000	0.000	
