02907	2	0.000	0.000	0.000	-7.156	501.277	2329.545	-59.963	393.882	2330.199	-88.025	104.474	2452.850	-92.028	-87.760	2430.882	-67.194	319.308	2361.803	8.934	339.074	2496.577	39.544	68.793	2543.218	142.747	-161.292	2548.361	183.994	-253.250	2550.417	0.000	0.000	0.000	-67.194	319.308	2361.803	-165.825	262.673	2246.477	-94.665	-2.522	2218.692	-94.665	-254.746	2218.692	-94.665	-355.226	2218.692	0.000	0.000	0.000	-8.529	-95.482	2504.132	-8.529	-499.745	2504.132	-8.529	-879.220	2504.132	0.000	0.000	0.000	-196.279	-90.764	2398.170	-196.279	-495.028	2398.170	-196.279	-874.502	2398.170	0.000	0.000	0.000	
02908	2	0.000	0.000	0.000	7.025	498.841	2344.271	-51.997	393.887	2333.854	-80.210	106.649	2454.680	-84.498	-86.985	2440.476	-59.329	319.238	2365.255	15.158	343.459	2502.857	51.624	71.838	2542.133	151.072	-158.694	2542.739	190.998	-251.247	2542.983	0.000	0.000	0.000	-59.329	319.238	2365.255	-165.844	256.704	2271.932	-60.131	9.188	2207.042	-60.131	-241.881	2207.042	-60.131	-342.418	2207.042	0.000	0.000	0.000	0.659	-88.456	2514.846	0.659	-492.549	2514.846	0.659	-872.022	2514.846	0.000	0.000	0.000	-192.568	-86.864	2413.040	-192.568	-490.957	2413.040	-192.568	-870.430	2413.040	0.000	0.000	0.000	
02909	2	0.000	0.000	0.000	29.741	501.070	2365.638	-30.915	396.600	2352.169	-61.341	108.193	2463.390	-65.895	-86.878	2459.031	-38.880	321.095	2381.287	37.245	349.633	2522.688	66.353	78.279	2491.114	198.038	-129.695	2531.222	251.253	-213.737	2547.430	0.000	0.000	0.000	-38.880	321.095	2381.287	-122.018	258.672	2259.409	-55.557	-5.820	2226.183	-55.557	-255.225	2226.183	-55.557	-355.843	2226.183	0.000	0.000	0.000	36.994	-107.117	2499.814	36.994	-510.962	2499.814	36.994	-890.433	2499.814	0.000	0.000	0.000	-165.549	-99.502	2408.153	-165.549	-503.348	2408.153	-165.549	-882.818	2408.153	0.000	0.000	0.000	
02910	2	0.000	0.000	0.000	43.296	507.562	2376.321	-18.139	403.931	2365.430	-51.490	114.729	2471.102	-54.183	-80.671	2464.847	-26.895	327.999	2393.175	34.090	360.529	2542.773	70.804	97.189	2461.674	208.510	-101.008	2522.195	264.287	-181.287	2546.709	0.000	0.000	0.000	-26.895	327.999	2393.175	-118.251	280.338	2261.679	-61.751	8.901	2241.616	-61.751	-239.912	2241.616	-61.751	-340.559	2241.616	0.000	0.000	0.000	51.891	-92.608	2505.787	51.891	-496.366	2505.787	51.891	-875.834	2505.787	0.000	0.000	0.000	-149.987	-95.980	2405.833	-149.987	-499.737	2405.833	-149.987	-879.206	2405.833	0.000	0.000	0.000	
02911	2	0.000	0.000	0.000	53.564	516.040	2390.181	-7.566	412.805	2379.036	-39.894	120.910	2479.327	-40.200	-74.806	2473.803	-16.037	336.321	2405.315	49.175	375.651	2556.751	74.421	122.423	2448.950	195.185	-86.845	2506.353	244.192	-171.767	2529.647	0.000	0.000	0.000	-16.037	336.321	2405.315	-114.562	289.369	2281.577	-63.674	20.665	2241.687	-63.674	-227.675	2241.687	-63.674	-328.345	2241.687	0.000	0.000	0.000	59.728	-119.276	2506.593	59.728	-522.962	2506.593	59.728	-902.429	2506.593	0.000	0.000	0.000	-134.900	-97.703	2412.862	-134.900	-501.389	2412.862	-134.900	-880.856	2412.862	0.000	0.000	0.000	
02912	2	0.000	0.000	0.000	80.746	525.031	2424.698	16.652	425.894	2404.215	-9.952	124.603	2483.419	-3.840	-67.859	2488.969	9.733	347.537	2424.814	90.782	370.887	2571.153	90.782	96.825	2571.153	90.782	-150.831	2571.153	90.782	-251.602	2571.153	0.000	0.000	0.000	9.733	347.537	2424.814	-92.231	302.713	2307.464	-66.599	35.762	2250.983	-66.599	-211.894	2250.983	-66.599	-312.597	2250.983	0.000	0.000	0.000	86.339	-133.274	2533.303	86.339	-536.856	2533.303	86.339	-916.319	2533.303	0.000	0.000	0.000	-108.653	-109.096	2452.378	-108.653	-512.678	2452.378	-108.653	-892.141	2452.378	0.000	0.000	0.000	
02913	2	0.000	0.000	0.000	89.980	527.895	2439.752	27.480	428.690	2416.302	-0.321	123.735	2488.411	6.492	-66.669	2499.493	20.294	349.867	2434.940	87.874	355.364	2581.993	87.874	82.124	2581.993	87.874	-165.289	2581.993	87.874	-266.057	2581.993	0.000	0.000	0.000	20.294	349.867	2434.940	-80.438	308.387	2314.524	-31.857	43.854	2266.334	-31.857	-203.558	2266.334	-31.857	-304.273	2266.334	0.000	0.000	0.000	99.486	-136.296	2544.738	99.486	-539.840	2544.738	99.486	-919.301	2544.738	0.000	0.000	0.000	-97.310	-125.431	2472.297	-97.310	-528.975	2472.297	-97.310	-908.435	2472.297	0.000	0.000	0.000	
02914	2	0.000	0.000	0.000	95.172	541.976	2445.298	42.373	433.815	2433.809	11.903	122.446	2496.735	18.985	-68.223	2506.482	34.609	354.478	2449.843	89.644	352.768	2597.031	89.644	80.714	2597.031	89.644	-166.347	2597.031	89.644	-267.112	2597.031	0.000	0.000	0.000	34.609	354.478	2449.843	-51.624	322.016	2315.024	-14.489	54.703	2280.698	83.243	279.736	2309.815	102.789	324.743	2315.638	0.000	0.000	0.000	118.051	-146.030	2543.492	118.051	-549.517	2543.492	118.051	-928.973	2543.492	0.000	0.000	0.000	-79.435	-149.885	2482.495	-79.435	-553.373	2482.495	-79.435	-932.828	2482.495	0.000	0.000	0.000	
02915	2	0.000	0.000	0.000	91.281	545.083	2445.039	45.695	434.786	2438.191	14.669	121.199	2500.942	21.335	-70.004	2507.727	37.843	355.427	2454.071	81.527	361.545	2605.223	81.527	89.913	2605.223	81.527	-159.606	2605.223	81.527	-260.369	2605.223	0.000	0.000	0.000	37.843	355.427	2454.071	-40.046	317.981	2321.775	-12.506	50.930	2280.435	72.043	284.437	2304.635	106.177	378.709	2314.405	0.000	0.000	0.000	123.231	-147.490	2543.125	123.231	-550.956	2543.125	123.231	-930.409	2543.125	0.000	0.000	0.000	-85.036	-145.106	2498.444	-85.036	-548.572	2498.444	-85.036	-928.025	2498.444	0.000	0.000	0.000	
02916	2	0.000	0.000	0.000	89.656	545.743	2444.670	48.181	435.369	2442.063	16.122	120.293	2503.730	22.412	-69.692	2508.547	40.102	355.966	2457.604	73.157	368.405	2611.003	73.157	97.112	2611.003	73.157	-151.789	2611.003	73.157	-252.551	2611.003	0.000	0.000	0.000	40.102	355.966	2457.604	-26.291	321.423	2319.103	-14.785	52.290	2286.936	125.108	256.812	2310.438	181.728	339.590	2319.950	0.000	0.000	0.000	128.753	-130.378	2541.716	128.753	-533.827	2541.716	128.753	-913.277	2541.716	0.000	0.000	0.000	-89.072	-116.043	2482.857	-89.072	-519.491	2482.857	-89.072	-898.941	2482.857	0.000	0.000	0.000	
02917	2	0.000	0.000	0.000	97.657	543.481	2455.167	52.411	437.348	2449.045	16.807	121.615	2506.063	23.842	-70.801	2509.449	43.443	357.820	2463.406	96.090	365.526	2607.908	96.090	94.722	2607.908	96.090	-153.288	2607.908	96.090	-254.048	2607.908	0.000	0.000	0.000	43.443	357.820	2463.406	-14.706	329.663	2321.753	0.420	59.674	2307.197	0.420	-188.337	2307.197	0.420	-289.081	2307.197	0.000	0.000	0.000	131.263	-92.396	2544.231	131.263	-495.817	2544.231	131.263	-875.260	2544.231	0.000	0.000	0.000	-84.867	-95.516	2478.622	-84.867	-498.937	2478.622	-84.867	-878.381	2478.622	0.000	0.000	0.000	
02918	2	0.000	0.000	0.000	105.576	544.060	2457.812	56.517	441.149	2449.688	17.143	127.357	2507.573	24.086	-65.939	2509.887	46.559	361.790	2464.327	91.772	371.016	2608.954	91.772	100.387	2608.954	91.772	-147.306	2608.954	91.772	-248.064	2608.954	0.000	0.000	0.000	46.559	361.790	2464.327	-21.070	337.876	2327.859	5.476	68.723	2318.279	5.476	-178.970	2318.279	5.476	-279.717	2318.279	0.000	0.000	0.000	121.092	-105.923	2544.317	121.092	-509.333	2544.317	121.092	-888.773	2544.317	0.000	0.000	0.000	-78.402	-104.551	2486.603	-78.402	-507.961	2486.603	-78.402	-887.401	2486.603	0.000	0.000	0.000	
02919	2	0.000	0.000	0.000	117.432	546.294	2463.801	63.888	446.255	2450.717	21.654	135.394	2507.790	23.849	-59.254	2510.112	53.119	366.988	2465.270	91.551	374.518	2607.384	91.551	104.142	2607.384	91.551	-143.092	2607.384	91.551	-243.847	2607.384	0.000	0.000	0.000	53.119	366.988	2465.270	-11.301	341.635	2333.001	124.220	336.361	2566.901	124.220	89.127	2566.901	124.220	-11.621	2566.901	0.000	0.000	0.000	125.062	-105.904	2543.438	109.891	-458.345	2347.785	109.891	-837.777	2347.785	0.000	0.000	0.000	-76.587	-110.508	2481.920	-76.587	-513.899	2481.920	-76.587	-893.331	2481.920	0.000	0.000	0.000	
02920	2	0.000	0.000	0.000	118.660	548.154	2462.045	66.317	446.268	2450.808	26.186	135.652	2507.575	24.014	-55.765	2510.022	56.066	366.923	2465.308	88.452	370.582	2605.026	88.452	100.297	2605.026	88.452	-146.773	2605.026	88.452	-247.527	2605.026	0.000	0.000	0.000	56.066	366.923	2465.308	-2.365	339.956	2332.562	7.648	71.382	2303.901	7.648	-175.688	2303.901	7.648	-276.437	2303.901	0.000	0.000	0.000	130.483	-105.966	2531.602	130.483	-509.349	2531.602	130.483	-888.778	2531.602	0.000	0.000	0.000	-79.447	-108.212	2480.515	-79.447	-511.595	2480.515	-79.447	-891.023	2480.515	0.000	0.000	0.000	
02921	2	0.000	0.000	0.000	119.350	549.956	2458.976	68.637	446.178	2450.811	33.161	135.133	2507.321	27.671	-53.653	2509.650	59.570	366.680	2465.254	93.690	369.594	2603.579	93.690	99.382	2603.579	93.690	-147.555	2603.579	93.690	-248.308	2603.579	0.000	0.000	0.000	59.570	366.680	2465.254	1.464	335.499	2336.491	31.671	73.508	2277.645	31.671	-173.429	2277.645	31.671	-274.178	2277.645	0.000	0.000	0.000	135.890	-104.920	2529.725	135.890	-508.295	2529.725	135.890	-887.719	2529.725	0.000	0.000	0.000	-77.878	-106.453	2479.942	-77.878	-509.828	2479.942	-77.878	-889.252	2479.942	0.000	0.000	0.000	
02922	2	0.000	0.000	0.000	119.028	551.995	2448.957	70.377	445.822	2450.665	41.869	134.281	2507.226	37.742	-57.426	2508.560	63.086	366.147	2465.130	95.446	368.659	2603.429	95.446	98.555	2603.429	95.446	-148.191	2603.429	95.446	-248.941	2603.429	0.000	0.000	0.000	63.086	366.147	2465.130	-2.214	334.950	2339.500	32.488	71.596	2290.549	32.488	-175.150	2290.549	32.488	-275.897	2290.549	0.000	0.000	0.000	145.107	-103.464	2531.851	145.107	-506.826	2531.851	145.107	-886.240	2531.851	0.000	0.000	0.000	-71.375	-96.774	2481.302	-71.375	-500.135	2481.302	-71.375	-879.550	2481.302	0.000	0.000	0.000	
02923	2	0.000	0.000	0.000	118.680	552.439	2448.680	70.589	445.622	2450.601	46.648	133.798	2507.237	46.464	-58.978	2507.723	64.465	365.854	2465.089	102.406	371.022	2603.281	102.406	100.958	2603.281	102.406	-145.718	2603.281	102.406	-246.467	2603.281	0.000	0.000	0.000	64.465	365.854	2465.089	-0.202	334.933	2338.240	33.724	72.440	2284.568	33.724	-174.237	2284.568	33.724	-274.983	2284.568	0.000	0.000	0.000	154.424	-100.300	2531.582	154.424	-503.655	2531.582	154.424	-883.064	2531.582	0.000	0.000	0.000	-64.265	-92.181	2482.245	-64.265	-495.535	2482.245	-64.265	-874.945	2482.245	0.000	0.000	0.000	
02924	2	0.000	0.000	0.000	117.488	553.169	2447.982	70.726	445.187	2447.910	52.610	133.186	2505.334	58.613	-60.951	2502.889	66.091	365.358	2462.603	104.251	366.143	2597.459	104.251	96.138	2597.459	104.251	-150.436	2597.459	104.251	-251.182	2597.459	0.000	0.000	0.000	66.091	365.358	2462.603	-6.736	338.618	2336.647	37.930	80.667	2270.553	37.930	-165.908	2270.553	37.930	-266.653	2270.553	0.000	0.000	0.000	162.348	-111.318	2529.016	162.348	-514.659	2529.016	162.348	-894.058	2529.016	0.000	0.000	0.000	-53.731	-95.492	2484.576	-53.731	-498.833	2484.576	-53.731	-878.232	2484.576	0.000	0.000	0.000	
02925	2	0.000	0.000	0.000	116.781	553.352	2447.831	70.760	444.959	2443.029	58.245	131.780	2503.533	65.511	-62.842	2501.664	67.573	365.196	2458.439	102.652	369.765	2594.358	102.652	99.783	2594.358	102.652	-146.754	2594.358	102.652	-247.498	2594.358	0.000	0.000	0.000	67.573	365.196	2458.439	0.627	336.292	2329.696	36.521	79.978	2252.854	36.521	-166.559	2252.854	36.521	-267.302	2252.854	0.000	0.000	0.000	167.290	-126.177	2525.410	167.290	-529.512	2525.410	167.290	-908.906	2525.410	0.000	0.000	0.000	-47.853	-101.897	2484.203	-47.853	-505.231	2484.203	-47.853	-884.625	2484.203	0.000	0.000	0.000	
02926	2	0.000	0.000	0.000	115.865	552.880	2446.365	70.822	444.513	2432.979	62.276	125.356	2492.158	69.047	-66.975	2492.522	68.682	364.606	2447.795	98.796	373.088	2586.272	98.796	103.141	2586.272	98.796	-143.340	2586.272	98.796	-244.081	2586.272	0.000	0.000	0.000	68.682	364.606	2447.795	-6.772	337.305	2324.035	42.944	83.544	2246.541	42.944	-162.937	2246.541	42.944	-263.677	2246.541	0.000	0.000	0.000	176.291	-126.022	2523.961	176.291	-529.343	2523.961	176.291	-908.725	2523.961	0.000	0.000	0.000	-46.260	-111.830	2484.445	-46.260	-515.151	2484.445	-46.260	-894.534	2484.445	0.000	0.000	0.000	
02927	2	0.000	0.000	0.000	111.125	544.350	2438.732	70.837	435.908	2422.294	63.212	111.148	2477.315	69.891	-82.760	2475.674	68.956	355.777	2435.870	97.704	368.919	2578.028	97.704	98.997	2578.028	97.704	-147.444	2578.028	97.704	-248.182	2578.028	0.000	0.000	0.000	68.956	355.777	2435.870	11.415	321.088	2309.388	51.101	63.303	2239.895	51.101	-183.138	2239.895	51.101	-283.876	2239.895	0.000	0.000	0.000	173.510	-137.357	2512.451	173.510	-540.664	2512.451	173.510	-920.034	2512.451	0.000	0.000	0.000	-48.169	-109.731	2470.958	-48.169	-513.038	2470.958	-48.169	-892.408	2470.958	0.000	0.000	0.000	
02928	2	0.000	0.000	0.000	109.037	540.492	2430.128	70.841	431.359	2415.953	63.632	105.407	2471.522	70.331	-88.941	2464.459	69.069	351.241	2429.612	100.497	356.439	2567.966	100.497	86.529	2567.966	100.497	-159.898	2567.966	100.497	-260.634	2567.966	0.000	0.000	0.000	69.069	351.241	2429.612	8.642	326.759	2294.335	55.098	70.128	2224.807	55.098	-176.298	2224.807	55.098	-277.034	2224.807	0.000	0.000	0.000	177.669	-137.746	2489.544	177.669	-541.046	2489.544	177.669	-920.410	2489.544	0.000	0.000	0.000	-47.887	-110.306	2456.568	-47.887	-513.606	2456.568	-47.887	-892.969	2456.568	0.000	0.000	0.000	
02929	2	0.000	0.000	0.000	107.230	539.255	2425.199	70.844	429.701	2408.559	64.389	101.688	2456.072	70.829	-93.495	2449.606	69.261	349.265	2420.210	104.946	369.176	2563.937	104.946	99.283	2563.937	104.946	-147.118	2563.937	104.946	-247.851	2563.937	0.000	0.000	0.000	69.261	349.265	2420.210	4.188	332.702	2285.610	63.586	81.060	2208.213	63.586	-165.342	2208.213	63.586	-266.074	2208.213	0.000	0.000	0.000	178.766	-131.896	2465.229	178.766	-535.181	2465.229	178.766	-914.531	2465.229	0.000	0.000	0.000	-41.916	-113.065	2479.665	-41.916	-516.350	2479.665	-41.916	-895.700	2479.665	0.000	0.000	0.000	
02930	2	0.000	0.000	0.000	107.286	539.208	2424.367	71.997	429.631	2405.074	69.879	99.670	2450.867	73.866	-95.855	2444.127	71.480	349.115	2416.248	106.065	366.027	2557.828	106.065	96.142	2557.828	106.065	-150.249	2557.828	106.065	-250.980	2557.828	0.000	0.000	0.000	71.480	349.115	2416.248	28.370	329.396	2276.272	59.535	68.036	2216.630	59.535	-178.355	2216.630	59.535	-279.086	2216.630	0.000	0.000	0.000	177.896	-135.651	2463.915	177.896	-538.929	2463.915	177.896	-918.272	2463.915	0.000	0.000	0.000	-41.234	-115.216	2443.601	-41.234	-518.494	2443.601	-41.234	-897.837	2443.601	0.000	0.000	0.000	
02931	2	0.000	0.000	0.000	108.317	537.505	2424.594	73.870	429.244	2402.501	72.108	97.488	2451.091	76.994	-98.446	2444.980	73.443	348.817	2414.281	105.482	358.823	2551.352	105.482	88.953	2551.352	105.482	-157.420	2551.352	105.482	-258.147	2551.352	0.000	0.000	0.000	73.443	348.817	2414.281	17.663	325.948	2282.978	67.122	70.557	2211.155	67.122	-175.817	2211.155	67.122	-276.544	2211.155	0.000	0.000	0.000	187.821	-122.844	2464.489	187.821	-526.106	2464.489	187.821	-905.434	2464.489	0.000	0.000	0.000	-36.481	-115.335	2468.710	-36.481	-518.597	2468.710	-36.481	-897.926	2468.710	0.000	0.000	0.000	
02932	2	0.000	0.000	0.000	109.288	535.184	2425.228	74.819	429.023	2401.982	72.307	97.930	2450.646	78.161	-98.003	2441.494	74.209	348.605	2413.802	108.434	354.932	2548.424	108.434	85.070	2548.424	108.434	-161.296	2548.424	108.434	-262.021	2548.424	0.000	0.000	0.000	74.209	348.605	2413.802	25.616	324.382	2280.763	64.898	66.457	2211.790	64.898	-179.909	2211.790	64.898	-280.634	2211.790	0.000	0.000	0.000	178.762	-148.722	2460.187	178.762	-551.976	2460.187	178.762	-931.297	2460.187	0.000	0.000	0.000	-36.229	-119.233	2422.648	-36.229	-522.487	2422.648	-36.229	-901.808	2422.648	0.000	0.000	0.000	
02933	2	0.000	0.000	0.000	104.159	537.927	2426.748	75.237	428.763	2401.829	72.014	102.642	2451.663	78.991	-93.464	2442.605	74.443	348.418	2414.106	103.209	361.501	2551.296	103.209	91.652	2551.296	103.209	-154.699	2551.296	103.209	-255.420	2551.296	0.000	0.000	0.000	74.443	348.418	2414.106	14.666	326.068	2285.934	68.999	71.240	2215.726	68.999	-175.112	2215.726	68.999	-275.832	2215.726	0.000	0.000	0.000	192.783	-112.153	2453.198	192.783	-515.391	2453.198	192.783	-894.696	2453.198	0.000	0.000	0.000	-32.017	-119.823	2463.115	-32.017	-523.061	2463.115	-32.017	-902.366	2463.115	0.000	0.000	0.000	
02934	2	0.000	0.000	0.000	96.825	539.705	2428.972	75.255	428.752	2401.897	71.355	105.782	2435.207	78.388	-90.567	2431.471	74.279	347.907	2410.235	103.154	361.283	2550.596	103.154	91.441	2550.596	103.154	-154.904	2550.596	103.154	-255.623	2550.596	0.000	0.000	0.000	74.279	347.907	2410.235	12.403	333.767	2281.609	69.713	78.308	2216.257	69.713	-168.037	2216.257	69.713	-268.756	2216.257	0.000	0.000	0.000	187.246	-111.477	2432.031	187.246	-514.705	2432.031	187.246	-894.003	2432.031	0.000	0.000	0.000	-26.429	-115.079	2462.527	-26.429	-518.308	2462.527	-26.429	-897.605	2462.527	0.000	0.000	0.000	
02935	2	0.000	0.000	0.000	88.988	540.569	2418.972	75.270	428.762	2401.542	76.259	108.163	2400.699	77.545	-88.372	2395.379	75.521	347.487	2401.328	106.463	354.347	2547.677	106.463	84.518	2547.677	106.463	-161.814	2547.677	106.463	-262.528	2547.677	0.000	0.000	0.000	75.521	347.487	2401.328	31.705	340.684	2266.596	67.869	82.163	2198.282	67.869	-164.169	2198.282	67.869	-264.883	2198.282	0.000	0.000	0.000	181.891	-110.809	2409.540	181.891	-514.020	2409.540	181.891	-893.300	2409.540	0.000	0.000	0.000	-22.432	-116.486	2417.969	-22.432	-519.697	2417.969	-22.432	-898.977	2417.969	0.000	0.000	0.000	
02936	2	0.000	0.000	0.000	87.032	541.713	2414.316	75.273	428.817	2401.201	76.463	107.578	2405.310	77.520	-85.166	2399.619	75.574	347.550	2402.241	103.318	361.793	2550.722	103.318	91.970	2550.722	103.318	-154.356	2550.722	103.318	-255.068	2550.722	0.000	0.000	0.000	75.574	347.550	2402.241	12.521	332.981	2280.732	74.178	81.036	2206.394	74.178	-165.290	2206.394	74.178	-266.002	2206.394	0.000	0.000	0.000	178.422	-108.348	2421.351	178.422	-511.550	2421.351	178.422	-890.822	2421.351	0.000	0.000	0.000	-6.953	-105.462	2463.030	-6.953	-508.663	2463.030	-6.953	-887.935	2463.030	0.000	0.000	0.000	
02937	2	0.000	0.000	0.000	86.161	542.783	2407.516	75.274	428.877	2398.608	76.897	111.450	2426.200	78.448	-78.644	2422.141	75.688	347.911	2405.646	102.368	364.355	2548.537	102.368	94.539	2548.537	102.368	-151.781	2548.537	102.368	-252.490	2548.537	0.000	0.000	0.000	75.688	347.911	2405.646	-4.410	332.938	2289.880	78.184	91.788	2201.417	78.184	-154.531	2201.417	78.184	-255.241	2201.417	0.000	0.000	0.000	177.171	-110.625	2458.462	177.171	-513.817	2458.462	177.171	-893.080	2458.462	0.000	0.000	0.000	-14.667	-111.208	2471.214	-14.667	-514.401	2471.214	-14.667	-893.664	2471.214	0.000	0.000	0.000	
02938	2	0.000	0.000	0.000	86.157	542.023	2392.496	75.276	428.731	2387.659	82.157	111.661	2441.733	87.828	-74.357	2441.662	77.014	348.638	2401.318	103.079	363.441	2540.513	103.079	93.639	2540.513	103.079	-152.668	2540.513	103.079	-253.373	2540.513	0.000	0.000	0.000	77.014	348.638	2401.318	44.480	325.176	2258.323	62.224	61.909	2202.027	62.224	-184.398	2202.027	62.224	-285.103	2202.027	0.000	0.000	0.000	200.940	-115.889	2431.508	200.940	-519.062	2431.508	200.940	-898.307	2431.508	0.000	0.000	0.000	-25.242	-115.344	2447.504	-25.242	-518.517	2447.504	-25.242	-897.762	2447.504	0.000	0.000	0.000	
02939	2	0.000	0.000	0.000	89.306	541.404	2389.729	75.295	428.737	2381.692	83.131	112.002	2439.226	89.327	-76.129	2438.341	77.272	348.803	2396.212	103.360	362.848	2534.558	103.360	93.052	2534.558	103.360	-153.248	2534.558	103.360	-253.951	2534.558	0.000	0.000	0.000	77.272	348.803	2396.212	40.719	326.753	2251.689	68.689	62.978	2202.393	68.689	-183.322	2202.393	68.689	-284.025	2202.393	0.000	0.000	0.000	203.798	-93.768	2416.854	203.798	-496.931	2416.854	203.798	-876.167	2416.854	0.000	0.000	0.000	-20.680	-110.984	2460.846	-20.680	-514.147	2460.846	-20.680	-893.383	2460.846	0.000	0.000	0.000	
02940	2	0.000	0.000	0.000	92.036	539.958	2399.067	75.338	428.749	2378.623	83.870	114.439	2431.688	90.127	-76.731	2428.280	77.512	348.649	2392.146	103.871	364.761	2530.516	103.871	94.979	2530.516	103.871	-151.309	2530.516	103.871	-252.006	2530.516	0.000	0.000	0.000	77.512	348.649	2392.146	28.067	319.766	2260.859	92.082	66.609	2193.066	92.082	-179.679	2193.066	92.082	-280.376	2193.066	0.000	0.000	0.000	193.829	-111.979	2428.429	193.829	-515.122	2428.429	193.829	-894.339	2428.429	0.000	0.000	0.000	-10.503	-109.191	2461.542	-10.503	-512.334	2461.542	-10.503	-891.551	2461.542	0.000	0.000	0.000	
02941	2	0.000	0.000	0.000	91.188	538.702	2408.089	75.344	428.750	2378.832	83.994	115.102	2428.327	90.147	-77.171	2425.563	77.557	348.513	2391.493	104.733	364.754	2529.853	104.733	94.979	2529.853	104.733	-151.302	2529.853	104.733	-251.997	2529.853	0.000	0.000	0.000	77.557	348.513	2391.493	23.607	321.233	2262.512	114.308	77.378	2191.189	114.308	-168.903	2191.189	114.308	-269.597	2191.189	0.000	0.000	0.000	185.965	-123.700	2436.372	185.965	-526.832	2436.372	185.965	-906.039	2436.372	0.000	0.000	0.000	-9.230	-109.572	2459.123	-9.230	-512.704	2459.123	-9.230	-891.911	2459.123	0.000	0.000	0.000	
02942	2	0.000	0.000	0.000	90.636	537.926	2417.997	75.348	428.790	2381.846	84.078	115.309	2429.654	89.971	-77.856	2431.198	77.584	348.491	2394.092	106.357	363.487	2534.895	106.357	93.719	2534.895	106.357	-152.556	2534.895	106.357	-253.248	2534.895	0.000	0.000	0.000	77.584	348.491	2394.092	14.101	318.297	2269.196	124.382	84.881	2190.903	124.382	-161.393	2190.903	124.382	-262.085	2190.903	0.000	0.000	0.000	176.887	-137.565	2458.652	176.887	-540.687	2458.652	176.887	-919.884	2458.652	0.000	0.000	0.000	-6.506	-121.353	2462.932	-6.506	-524.475	2462.932	-6.506	-903.672	2462.932	0.000	0.000	0.000	
02943	2	0.000	0.000	0.000	90.306	543.045	2417.220	75.350	430.967	2386.314	84.045	117.503	2434.597	89.807	-73.763	2437.532	77.576	350.691	2398.679	109.901	374.159	2543.366	109.901	104.405	2543.366	109.901	-141.856	2543.366	109.901	-242.542	2543.366	0.000	0.000	0.000	77.576	350.691	2398.679	13.004	329.542	2264.198	104.920	87.696	2187.853	104.920	-158.565	2187.853	104.920	-259.252	2187.853	0.000	0.000	0.000	191.990	-114.706	2446.464	191.990	-517.806	2446.464	191.990	-896.983	2446.464	0.000	0.000	0.000	-7.814	-114.292	2469.875	-7.814	-517.393	2469.875	-7.814	-896.569	2469.875	0.000	0.000	0.000	
02944	2	0.000	0.000	0.000	90.182	545.470	2411.975	75.350	432.084	2386.436	84.042	118.683	2438.173	89.849	-73.633	2442.198	77.572	351.948	2399.665	111.058	373.584	2541.291	111.058	103.838	2541.291	111.058	-142.417	2541.291	111.058	-243.101	2541.291	0.000	0.000	0.000	77.572	351.948	2399.665	13.685	330.123	2266.107	98.978	85.517	2190.901	98.978	-160.737	2190.901	98.978	-261.421	2190.901	0.000	0.000	0.000	185.252	-125.861	2453.241	185.252	-528.950	2453.241	185.252	-908.116	2453.241	0.000	0.000	0.000	-5.023	-120.259	2470.958	-5.023	-523.348	2470.958	-5.023	-902.515	2470.958	0.000	0.000	0.000	
02945	2	0.000	0.000	0.000	88.877	547.094	2400.782	75.350	432.541	2384.867	84.090	118.839	2442.176	89.982	-75.032	2445.070	77.576	352.647	2399.463	112.125	368.976	2536.038	112.125	99.245	2536.038	112.125	-146.995	2536.038	112.125	-247.673	2536.038	0.000	0.000	0.000	77.576	352.647	2399.463	15.628	326.677	2268.800	117.011	90.181	2187.894	117.011	-156.059	2187.894	117.011	-256.738	2187.894	0.000	0.000	0.000	191.443	-109.046	2450.910	191.443	-512.113	2450.910	191.443	-891.258	2450.910	0.000	0.000	0.000	-4.747	-116.720	2472.501	-4.747	-519.787	2472.501	-4.747	-898.932	2472.501	0.000	0.000	0.000	
02946	2	0.000	0.000	0.000	87.779	547.035	2398.907	75.350	432.592	2384.034	84.132	118.749	2442.512	90.053	-75.677	2444.538	77.584	352.753	2398.910	112.356	368.991	2535.581	112.356	99.268	2535.581	112.356	-146.965	2535.581	112.356	-247.640	2535.581	0.000	0.000	0.000	77.584	352.753	2398.910	29.140	313.557	2274.142	102.682	74.308	2173.631	102.682	-171.925	2173.631	102.682	-272.601	2173.631	0.000	0.000	0.000	192.906	-101.990	2448.101	192.906	-505.045	2448.101	192.906	-884.179	2448.101	0.000	0.000	0.000	-4.708	-113.158	2473.177	-4.708	-516.213	2473.177	-4.708	-895.347	2473.177	0.000	0.000	0.000	
02947	2	0.000	0.000	0.000	86.750	546.829	2398.447	75.350	432.643	2383.237	84.392	119.071	2443.093	90.199	-75.803	2443.843	77.650	352.873	2398.464	111.955	368.503	2534.111	111.955	98.787	2534.111	111.955	-147.439	2534.111	111.955	-248.111	2534.111	0.000	0.000	0.000	77.650	352.873	2398.464	24.802	321.128	2268.232	103.751	78.135	2181.817	103.751	-168.091	2181.817	103.751	-268.764	2181.817	0.000	0.000	0.000	189.948	-104.285	2442.762	189.948	-507.329	2442.762	189.948	-886.452	2442.762	0.000	0.000	0.000	-4.327	-107.274	2473.831	-4.327	-510.317	2473.831	-4.327	-889.440	2473.831	0.000	0.000	0.000	
02948	2	0.000	0.000	0.000	85.624	546.196	2398.265	75.350	432.715	2378.883	89.379	122.241	2438.786	93.105	-73.297	2436.673	78.951	353.027	2394.258	113.560	370.686	2529.971	113.560	100.987	2529.971	113.560	-145.225	2529.971	113.560	-245.891	2529.971	0.000	0.000	0.000	78.951	353.027	2394.258	26.662	324.226	2260.584	105.189	76.745	2187.617	105.189	-169.467	2187.617	105.189	-270.133	2187.617	0.000	0.000	0.000	189.393	-94.570	2433.776	189.393	-497.590	2433.776	189.393	-876.691	2433.776	0.000	0.000	0.000	-3.608	-77.486	2473.899	-3.608	-480.506	2473.899	-3.608	-859.607	2473.899	0.000	0.000	0.000	
02949	2	0.000	0.000	0.000	85.124	545.691	2397.508	75.350	432.735	2374.375	90.170	125.841	2438.059	92.691	-69.946	2437.930	79.187	353.284	2390.862	113.917	372.401	2525.612	113.917	102.710	2525.612	113.917	-143.494	2525.612	113.917	-244.157	2525.612	0.000	0.000	0.000	79.187	353.284	2390.862	29.332	321.626	2258.025	106.443	72.829	2188.117	106.443	-173.375	2188.117	106.443	-274.039	2188.117	0.000	0.000	0.000	191.518	-82.504	2434.344	191.518	-485.512	2434.344	191.518	-864.601	2434.344	0.000	0.000	0.000	3.855	-92.345	2471.842	3.855	-495.352	2471.842	3.855	-874.442	2471.842	0.000	0.000	0.000	
02950	2	0.000	0.000	0.000	85.579	546.121	2397.310	75.360	432.937	2374.475	91.121	124.854	2433.356	92.668	-71.221	2429.662	79.437	353.251	2389.705	115.077	378.879	2529.379	115.077	109.204	2529.379	115.077	-136.985	2529.379	115.077	-237.642	2529.379	0.000	0.000	0.000	79.437	353.251	2389.705	29.135	320.885	2256.991	115.082	74.098	2190.405	115.082	-172.091	2190.405	115.082	-272.748	2190.405	0.000	0.000	0.000	183.021	-101.747	2445.078	183.021	-504.729	2445.078	183.021	-883.795	2445.078	0.000	0.000	0.000	16.218	-110.533	2469.334	16.218	-513.515	2469.334	16.218	-892.581	2469.334	0.000	0.000	0.000	
02951	2	0.000	0.000	0.000	85.694	546.341	2397.285	75.365	433.034	2374.790	91.070	124.956	2432.443	92.701	-71.240	2429.449	79.430	353.293	2389.713	119.126	370.281	2527.955	119.126	100.615	2527.955	119.126	-145.566	2527.955	119.126	-246.220	2527.955	0.000	0.000	0.000	79.430	353.293	2389.713	25.584	327.234	2249.728	117.449	79.013	2198.087	117.449	-167.168	2198.087	117.449	-267.822	2198.087	0.000	0.000	0.000	193.910	-85.699	2424.629	193.910	-488.668	2424.629	193.910	-867.723	2424.629	0.000	0.000	0.000	2.921	-100.519	2461.239	2.921	-503.489	2461.239	2.921	-882.543	2461.239	0.000	0.000	0.000	
02952	2	0.000	0.000	0.000	85.805	546.507	2397.279	75.373	433.132	2374.925	90.993	123.159	2431.634	92.742	-73.135	2429.728	79.394	353.331	2389.524	123.504	378.051	2528.427	123.504	108.393	2528.427	123.504	-137.780	2528.427	123.504	-238.431	2528.427	0.000	0.000	0.000	79.394	353.331	2389.524	30.008	318.638	2257.679	134.787	79.675	2189.611	239.216	-75.849	2349.323	281.912	-139.437	2414.624	0.000	0.000	0.000	190.330	-104.428	2434.743	190.330	-507.385	2434.743	190.330	-886.427	2434.743	0.000	0.000	0.000	10.285	-117.525	2467.614	10.285	-520.483	2467.614	10.285	-899.525	2467.614	0.000	0.000	0.000	
02953	2	0.000	0.000	0.000	86.332	549.275	2396.825	75.395	436.328	2375.248	91.858	130.145	2434.709	92.843	-66.198	2428.850	79.676	356.709	2390.710	123.060	376.679	2528.180	123.060	107.039	2528.180	123.060	-143.201	2528.180	123.060	-243.845	2528.180	0.000	0.000	0.000	79.676	356.709	2390.710	28.497	319.225	2259.899	108.975	72.606	2186.355	276.840	-66.321	2309.400	344.354	-122.197	2358.888	0.000	0.000	0.000	197.218	-36.108	2401.922	197.218	-439.039	2401.922	197.218	-818.056	2401.922	0.000	0.000	0.000	-2.242	-70.179	2464.159	-2.242	-473.110	2464.159	-2.242	-852.128	2464.159	0.000	0.000	0.000	
02954	2	0.000	0.000	0.000	86.689	550.594	2396.096	76.385	438.322	2375.287	92.545	129.432	2432.768	92.734	-66.875	2424.711	80.557	358.581	2390.126	124.189	363.614	2520.592	124.189	93.982	2520.592	124.189	-155.432	2520.592	124.189	-256.074	2520.592	0.000	0.000	0.000	80.557	358.581	2390.126	30.456	330.472	2251.841	115.342	80.527	2196.860	283.382	-68.659	2305.090	351.188	-128.857	2348.762	0.000	0.000	0.000	194.464	-50.020	2405.542	194.464	-452.939	2405.542	194.464	-831.944	2405.542	0.000	0.000	0.000	1.298	-73.002	2451.348	1.298	-475.920	2451.348	1.298	-854.926	2451.348	0.000	0.000	0.000	
02955	2	0.000	0.000	0.000	91.718	549.421	2391.988	88.265	440.115	2373.673	91.495	133.651	2443.245	89.253	-62.890	2440.401	89.099	360.945	2391.646	127.333	376.710	2523.832	127.333	107.172	2523.832	127.333	-151.830	2523.832	127.333	-252.437	2523.832	0.000	0.000	0.000	89.099	360.945	2391.646	30.669	324.620	2266.724	117.769	80.925	2191.374	253.048	-65.606	2356.631	305.595	-122.524	2420.824	0.000	0.000	0.000	201.221	-44.685	2427.661	201.221	-447.464	2427.661	201.221	-826.339	2427.661	0.000	0.000	0.000	1.047	-63.380	2502.466	1.047	-466.159	2502.466	1.047	-845.034	2502.466	0.000	0.000	0.000	
02956	2	0.000	0.000	0.000	92.058	549.849	2392.816	88.263	440.129	2373.632	93.163	130.761	2445.383	90.028	-65.500	2434.877	89.515	361.054	2391.972	127.576	379.215	2524.375	127.576	109.696	2524.375	127.576	-144.631	2524.375	127.576	-245.230	2524.375	0.000	0.000	0.000	89.515	361.054	2391.972	34.385	321.931	2268.249	124.307	81.584	2185.862	254.847	-67.510	2345.275	306.482	-126.485	2408.331	0.000	0.000	0.000	197.196	-65.261	2422.722	197.196	-468.011	2422.722	197.196	-846.858	2422.722	0.000	0.000	0.000	4.139	-79.042	2491.124	4.139	-481.793	2491.124	4.139	-860.640	2491.124	0.000	0.000	0.000	
02957	2	0.000	0.000	0.000	92.279	550.079	2393.499	88.261	440.132	2373.622	95.374	134.125	2448.720	91.603	-62.175	2439.285	90.093	361.312	2392.966	127.338	379.354	2523.925	127.338	109.845	2523.925	127.338	-147.558	2523.925	127.338	-248.153	2523.925	0.000	0.000	0.000	90.093	361.312	2392.966	33.469	320.229	2271.481	124.980	81.062	2187.457	253.561	-66.142	2354.950	303.812	-123.670	2420.408	0.000	0.000	0.000	197.965	-71.598	2447.119	197.965	-474.333	2447.119	197.965	-853.167	2447.119	0.000	0.000	0.000	6.989	-80.541	2498.291	6.989	-483.277	2498.291	6.989	-862.110	2498.291	0.000	0.000	0.000	
02958	2	0.000	0.000	0.000	92.385	550.280	2397.559	88.256	440.136	2376.600	94.233	135.840	2453.910	92.251	-60.624	2448.188	89.801	361.472	2396.585	124.883	382.924	2527.976	124.883	113.425	2527.976	124.883	-143.903	2527.976	124.883	-244.495	2527.976	0.000	0.000	0.000	89.801	361.472	2396.585	32.496	318.043	2279.063	124.231	80.381	2191.135	255.164	-67.359	2356.202	306.346	-125.112	2420.729	0.000	0.000	0.000	196.794	-82.887	2459.130	196.794	-485.608	2459.130	196.794	-864.428	2459.130	0.000	0.000	0.000	6.609	-89.256	2504.294	6.609	-491.977	2504.294	6.609	-870.796	2504.294	0.000	0.000	0.000	
02959	2	0.000	0.000	0.000	92.818	550.388	2404.413	88.254	440.138	2379.012	94.192	135.036	2448.391	94.327	-61.491	2445.681	89.794	361.002	2397.008	125.154	382.439	2530.183	125.154	112.959	2530.183	125.154	-147.726	2530.183	125.154	-248.311	2530.183	0.000	0.000	0.000	89.794	361.002	2397.008	34.409	319.371	2278.716	129.545	81.971	2193.807	256.767	-69.306	2363.768	305.855	-127.676	2429.347	0.000	0.000	0.000	204.154	-59.592	2439.900	204.154	-462.283	2439.900	204.154	-841.075	2439.900	0.000	0.000	0.000	-1.476	-79.774	2487.743	-1.476	-482.465	2487.743	-1.476	-861.256	2487.743	0.000	0.000	0.000	
02960	2	0.000	0.000	0.000	93.124	550.305	2405.922	88.256	440.138	2379.876	94.288	136.142	2443.243	95.438	-60.392	2444.211	89.833	360.693	2396.436	127.100	372.258	2526.717	127.100	102.788	2526.717	127.100	-159.400	2526.717	127.100	-259.980	2526.717	0.000	0.000	0.000	89.833	360.693	2396.436	38.663	328.274	2267.156	126.452	81.016	2205.753	262.796	-73.864	2367.509	315.101	-133.278	2429.562	0.000	0.000	0.000	193.441	-85.499	2439.083	193.441	-488.175	2439.083	193.441	-866.952	2439.083	0.000	0.000	0.000	8.032	-89.657	2484.156	8.032	-492.333	2484.156	8.032	-871.110	2484.156	0.000	0.000	0.000	
02961	2	0.000	0.000	0.000	93.395	550.224	2406.543	88.259	440.139	2380.220	94.389	132.191	2436.820	95.497	-64.312	2440.044	89.848	360.326	2394.889	127.066	383.363	2531.437	127.066	113.904	2531.437	127.066	-145.037	2531.437	127.066	-245.614	2531.437	0.000	0.000	0.000	89.848	360.326	2394.889	36.860	324.237	2272.884	129.000	81.892	2199.486	256.010	-68.366	2367.835	305.344	-126.728	2433.224	0.000	0.000	0.000	202.131	-59.487	2438.722	202.131	-462.147	2438.722	202.131	-840.910	2438.722	0.000	0.000	0.000	0.978	-62.937	2487.255	0.978	-465.598	2487.255	0.978	-844.361	2487.255	0.000	0.000	0.000	
02962	2	0.000	0.000	0.000	93.540	549.344	2415.307	88.260	440.142	2385.036	94.535	127.142	2433.999	95.444	-69.258	2427.204	89.867	359.975	2397.577	124.474	391.771	2542.773	124.474	122.333	2542.773	124.474	-135.563	2542.773	124.474	-236.132	2542.773	0.000	0.000	0.000	89.867	359.975	2397.577	30.480	319.423	2281.979	135.797	86.169	2197.731	254.880	-76.716	2358.350	301.317	-140.234	2420.985	0.000	0.000	0.000	203.303	-51.040	2430.546	203.303	-453.670	2430.546	203.303	-832.404	2430.546	0.000	0.000	0.000	13.309	-79.345	2480.189	13.309	-481.975	2480.189	13.309	-860.709	2480.189	0.000	0.000	0.000	
02963	2	0.000	0.000	0.000	93.552	548.497	2425.509	88.260	440.146	2390.996	97.424	125.854	2439.747	94.808	-70.099	2425.172	90.598	359.983	2403.431	115.889	388.708	2552.028	115.889	119.280	2552.028	115.889	-136.222	2552.028	115.889	-236.787	2552.028	0.000	0.000	0.000	90.598	359.983	2403.431	-24.221	315.561	2425.158	97.010	177.096	2228.378	238.911	-28.401	2282.376	294.763	-109.285	2303.630	0.000	0.000	0.000	207.489	-34.593	2429.479	207.489	-437.208	2429.479	207.489	-815.927	2429.479	0.000	0.000	0.000	6.779	-69.551	2483.876	6.779	-472.165	2483.876	6.779	-850.885	2483.876	0.000	0.000	0.000	
02964	2	0.000	0.000	0.000	94.386	553.602	2425.727	89.350	441.668	2399.552	101.638	124.394	2439.910	96.977	-71.184	2421.511	92.465	361.227	2409.784	116.612	386.578	2563.776	116.612	114.595	2563.776	116.612	-137.454	2563.776	116.612	-238.011	2563.776	0.000	0.000	0.000	92.465	361.227	2409.784	-54.668	354.515	2448.654	81.928	189.952	2280.620	268.598	26.318	2236.952	343.072	-38.965	2219.531	0.000	0.000	0.000	208.825	-32.830	2429.482	208.825	-435.413	2429.482	208.825	-814.103	2429.482	0.000	0.000	0.000	12.515	-60.756	2482.768	12.515	-463.339	2482.768	12.515	-842.029	2482.768	0.000	0.000	0.000	
02965	2	0.000	0.000	0.000	95.188	556.935	2419.171	90.398	442.667	2400.121	104.159	124.758	2440.286	99.469	-70.628	2420.017	93.880	362.236	2410.282	117.014	383.868	2565.019	117.014	112.410	2565.019	117.014	-138.408	2565.019	117.014	-238.962	2565.019	0.000	0.000	0.000	93.880	362.236	2410.282	-54.268	349.065	2440.956	81.324	175.806	2281.943	254.967	-4.891	2292.269	324.580	-77.333	2296.409	0.000	0.000	0.000	213.605	-11.484	2428.491	213.605	-414.052	2428.491	213.605	-792.727	2428.491	0.000	0.000	0.000	19.181	-62.464	2481.345	19.181	-465.031	2481.345	19.181	-843.706	2481.345	0.000	0.000	0.000	
02966	2	0.000	0.000	0.000	100.271	554.461	2396.490	94.727	439.257	2384.918	104.005	120.625	2428.144	102.619	-75.844	2427.578	97.067	358.887	2395.821	116.530	365.049	2540.162	116.530	93.460	2540.162	116.530	-157.577	2540.162	116.530	-258.122	2540.162	0.000	0.000	0.000	97.067	358.887	2395.821	-38.024	330.533	2410.198	94.758	179.942	2227.298	232.548	-11.152	2313.996	287.736	-87.689	2348.720	0.000	0.000	0.000	216.204	-41.786	2431.520	216.204	-444.321	2431.520	216.204	-822.966	2431.520	0.000	0.000	0.000	15.529	-72.107	2486.275	15.529	-474.642	2486.275	15.529	-853.287	2486.275	0.000	0.000	0.000	
