02757	1	0.000	0.000	0.000	361.190	229.457	2958.407	320.418	125.432	2994.416	266.491	-172.615	3100.050	317.624	-275.874	2942.897	306.889	50.658	3020.917	244.039	30.757	3144.053	244.039	-236.416	3144.053	244.039	-480.321	3144.053	244.039	-580.045	3144.053	0.000	0.000	0.000	306.889	50.658	3020.917	208.033	25.576	2873.640	208.033	-241.597	2873.640	208.033	-485.502	2873.640	208.033	-585.225	2873.640	0.000	0.000	0.000	0.000	0.000	0.000	0.000	-399.245	0.000	0.000	-774.794	0.000	0.000	0.000	0.000	0.000	0.000	0.000	0.000	-399.245	0.000	0.000	-774.794	0.000	0.000	0.000	0.000	
02760	1	0.000	0.000	0.000	271.925	178.340	3039.225	235.603	69.713	2997.207	225.171	-239.421	3121.590	227.162	-301.961	2928.972	232.986	-7.842	3028.412	164.200	35.323	3163.586	322.321	153.212	2968.134	139.550	18.923	2854.918	102.995	-7.935	2832.274	0.000	0.000	0.000	232.986	-7.842	3028.412	125.650	-5.189	2869.680	125.650	-282.860	2869.680	125.650	-536.349	2869.680	125.650	-639.992	2869.680	0.000	0.000	0.000	0.000	0.000	0.000	0.000	-414.932	0.000	0.000	-805.239	0.000	0.000	0.000	0.000	0.000	0.000	0.000	0.000	-414.932	0.000	0.000	-805.239	0.000	0.000	0.000	0.000	
02761	1	0.000	0.000	0.000	273.351	171.808	3038.823	235.587	69.453	2978.721	224.657	-243.534	3112.021	226.079	-319.723	2919.805	232.845	-9.069	3012.163	166.327	8.170	3143.214	324.788	157.078	2961.328	140.089	-9.937	2890.833	103.149	-43.340	2876.733	0.000	0.000	0.000	232.845	-9.069	3012.163	123.429	-12.105	2850.739	123.429	-295.593	2850.739	123.429	-554.393	2850.739	123.429	-660.206	2850.739	0.000	0.000	0.000	0.000	0.000	0.000	0.000	-423.625	0.000	0.000	-822.109	0.000	0.000	0.000	0.000	0.000	0.000	0.000	0.000	-423.625	0.000	0.000	-822.109	0.000	0.000	0.000	0.000	
02762	1	0.000	0.000	0.000	273.550	146.509	3076.629	234.312	62.716	2979.330	157.882	-277.436	3093.667	268.319	-297.355	2901.088	215.137	-22.621	3008.014	165.465	-7.752	3155.031	325.578	159.254	2955.386	132.774	-41.259	2934.199	94.213	-81.362	2929.962	0.000	0.000	0.000	215.137	-22.621	3008.014	97.928	-36.451	2869.137	97.928	-342.041	2869.137	97.928	-621.018	2869.137	97.928	-735.081	2869.137	0.000	0.000	0.000	0.000	0.000	0.000	0.000	-456.653	0.000	0.000	-886.203	0.000	0.000	0.000	0.000	0.000	0.000	0.000	0.000	-456.653	0.000	0.000	-886.203	0.000	0.000	0.000	0.000	
02763	1	0.000	0.000	0.000	263.468	154.332	3094.763	228.111	56.133	2998.974	142.129	-306.207	3104.665	249.220	-272.731	2897.992	206.540	-34.770	3025.490	147.104	-39.599	3175.012	312.394	145.731	2969.375	114.881	-69.943	2936.060	75.378	-113.078	2929.397	0.000	0.000	0.000	206.540	-34.770	3025.490	80.648	-44.399	2877.055	80.648	-366.819	2877.055	80.648	-661.160	2877.055	80.648	-781.505	2877.055	0.000	0.000	0.000	0.000	0.000	0.000	0.000	-481.802	0.000	0.000	-935.010	0.000	0.000	0.000	0.000	0.000	0.000	0.000	0.000	-481.802	0.000	0.000	-935.010	0.000	0.000	0.000	0.000	
02764	1	0.000	0.000	0.000	256.989	167.357	3085.885	225.486	52.675	3008.066	161.626	-319.237	3099.933	249.625	-264.836	2887.891	209.465	-40.630	3031.113	145.183	-70.616	3174.720	303.985	132.896	2979.782	106.537	-65.855	2886.418	67.048	-105.605	2867.745	0.000	0.000	0.000	209.465	-40.630	3031.113	75.172	-47.168	2878.220	75.172	-370.643	2878.220	75.172	-665.947	2878.220	75.172	-786.685	2878.220	0.000	0.000	0.000	0.000	0.000	0.000	0.000	-483.378	0.000	0.000	-938.069	0.000	0.000	0.000	0.000	0.000	0.000	0.000	0.000	-483.378	0.000	0.000	-938.069	0.000	0.000	0.000	0.000	
02767	1	0.000	0.000	0.000	386.673	338.996	2899.524	388.200	225.556	2947.561	398.228	-39.413	3125.952	401.970	-238.010	3157.002	390.805	156.718	2993.906	549.635	124.307	2980.060	634.128	-144.459	3051.518	651.440	-388.115	2991.092	658.519	-487.737	2966.386	0.000	0.000	0.000	390.805	156.718	2993.906	224.329	145.275	3011.357	160.907	-124.341	3099.479	170.484	-373.567	3066.101	174.400	-475.467	3052.454	0.000	0.000	0.000	519.321	-292.872	3183.053	519.321	-704.768	3183.053	519.321	-1092.219	3183.053	0.000	0.000	0.000	290.530	-292.845	3201.331	290.530	-704.740	3201.331	290.530	-1092.191	3201.331	0.000	0.000	0.000	
02768	1	0.000	0.000	0.000	388.690	339.128	2896.565	394.412	227.707	2948.903	395.644	-46.581	3112.364	392.361	-245.711	3139.842	394.733	156.386	2991.406	556.836	129.929	2983.505	639.972	-137.132	3062.272	664.522	-381.046	2999.768	674.506	-480.239	2974.350	0.000	0.000	0.000	394.733	156.386	2991.406	230.993	144.487	3008.130	163.143	-119.210	3109.609	174.195	-370.067	3078.759	178.690	-472.084	3066.214	0.000	0.000	0.000	508.137	-286.552	3169.092	508.137	-698.448	3169.092	508.137	-1085.898	3169.092	0.000	0.000	0.000	280.468	-289.036	3181.132	280.468	-700.932	3181.132	280.468	-1088.382	3181.132	0.000	0.000	0.000	
02769	1	0.000	0.000	0.000	390.433	338.780	2886.659	397.190	229.427	2942.120	392.783	-42.780	3110.119	385.378	-241.260	3141.256	396.046	158.780	2985.722	558.273	128.124	2975.511	641.438	-138.075	3050.376	677.759	-387.085	3011.900	692.438	-487.721	2996.350	0.000	0.000	0.000	396.046	158.780	2985.722	235.598	150.214	3012.393	179.246	-121.054	3093.764	161.579	-374.704	3081.318	154.439	-477.216	3076.288	0.000	0.000	0.000	492.615	-294.598	3188.139	492.615	-706.494	3188.139	492.615	-1093.944	3188.139	0.000	0.000	0.000	276.564	-292.869	3188.169	276.564	-704.765	3188.169	276.564	-1092.215	3188.169	0.000	0.000	0.000	
02770	1	0.000	0.000	0.000	388.964	338.202	2886.067	397.215	229.850	2942.592	392.523	-41.091	3114.120	384.545	-239.153	3147.686	396.000	159.708	2986.999	557.961	128.299	2980.081	640.878	-138.263	3052.499	676.069	-385.565	3003.259	690.290	-485.499	2983.362	0.000	0.000	0.000	396.000	159.708	2986.999	234.639	150.573	3012.175	172.922	-112.892	3111.935	147.261	-364.125	3079.609	136.891	-465.648	3066.546	0.000	0.000	0.000	495.560	-297.381	3179.801	495.560	-709.277	3179.801	495.560	-1096.727	3179.801	0.000	0.000	0.000	272.819	-293.934	3185.816	272.819	-705.829	3185.816	272.819	-1093.280	3185.816	0.000	0.000	0.000	
02771	1	0.000	0.000	0.000	386.206	337.835	2885.358	397.052	230.618	2942.088	392.761	-36.393	3123.835	386.486	-234.528	3157.326	395.949	161.989	2988.802	558.989	126.626	2968.613	642.441	-141.706	3037.126	676.634	-390.588	3003.232	690.512	-491.599	2989.476	0.000	0.000	0.000	395.949	161.989	2988.802	235.015	150.429	3013.188	169.768	-113.095	3112.979	171.958	-364.568	3081.090	172.847	-466.630	3068.147	0.000	0.000	0.000	498.681	-297.116	3181.110	498.681	-709.012	3181.110	498.681	-1096.463	3181.110	0.000	0.000	0.000	272.501	-294.658	3182.845	108.709	-561.783	2915.498	108.709	-949.233	2915.498	0.000	0.000	0.000	
02772	1	0.000	0.000	0.000	385.921	337.462	2885.221	396.970	230.617	2942.034	392.782	-36.964	3124.368	387.330	-235.028	3158.427	395.896	162.011	2988.783	559.091	126.582	2968.645	642.724	-143.080	3026.117	675.013	-392.627	3002.529	688.157	-494.215	2992.926	0.000	0.000	0.000	395.896	162.011	2988.783	235.048	150.101	3013.539	172.715	-114.910	3107.874	170.177	-366.227	3081.305	169.144	-468.536	3070.489	0.000	0.000	0.000	499.784	-296.117	3181.940	499.784	-708.013	3181.940	499.784	-1095.464	3181.940	0.000	0.000	0.000	273.596	-294.250	3184.150	98.502	-525.884	2892.009	98.502	-913.335	2892.009	0.000	0.000	0.000	
02773	1	0.000	0.000	0.000	385.857	337.355	2885.228	396.866	230.719	2941.979	392.785	-39.044	3121.729	388.375	-236.583	3158.845	395.821	161.631	2988.014	559.105	126.571	2968.747	641.023	-136.970	3052.870	671.516	-383.092	3002.907	683.917	-483.185	2982.588	0.000	0.000	0.000	395.821	161.631	2988.014	234.932	150.157	3013.895	173.274	-111.222	3119.351	170.658	-361.297	3081.169	169.595	-462.997	3065.642	0.000	0.000	0.000	500.725	-295.928	3183.602	500.725	-707.824	3183.602	500.725	-1095.275	3183.602	0.000	0.000	0.000	275.247	-293.656	3187.461	106.988	-553.682	2915.921	106.988	-941.133	2915.921	0.000	0.000	0.000	
02774	1	0.000	0.000	0.000	385.681	337.213	2885.293	396.600	230.779	2941.867	392.806	-40.623	3118.480	389.424	-237.515	3158.988	395.627	161.194	2987.149	559.148	126.542	2968.989	640.743	-137.579	3058.263	670.632	-382.763	3003.132	682.783	-482.439	2980.719	0.000	0.000	0.000	395.627	161.194	2987.149	234.451	150.089	3014.114	173.545	-117.572	3109.172	166.229	-368.910	3080.473	163.255	-471.087	3068.806	0.000	0.000	0.000	501.513	-295.383	3185.257	577.352	-575.448	2892.903	577.352	-962.900	2892.903	0.000	0.000	0.000	276.776	-293.173	3188.832	105.282	-547.504	2913.942	105.282	-934.956	2913.942	0.000	0.000	0.000	
02775	1	0.000	0.000	0.000	385.734	337.169	2885.321	396.450	230.784	2941.817	392.847	-41.588	3116.114	389.950	-238.672	3155.717	395.525	160.855	2986.567	559.178	126.518	2968.988	641.553	-141.036	3044.850	672.192	-388.448	3003.008	684.662	-489.144	2985.978	0.000	0.000	0.000	395.525	160.855	2986.567	234.192	149.860	3014.023	172.499	-121.583	3095.501	154.392	-373.278	3080.537	147.022	-475.717	3074.446	0.000	0.000	0.000	501.831	-294.970	3183.591	563.204	-568.659	2881.951	563.204	-956.111	2881.951	0.000	0.000	0.000	277.065	-293.605	3183.245	95.859	-546.575	2913.375	95.859	-934.027	2913.375	0.000	0.000	0.000	
02776	1	0.000	0.000	0.000	385.856	337.022	2885.136	396.317	230.787	2941.675	393.155	-38.470	3120.411	391.108	-236.270	3156.327	395.505	161.616	2987.591	559.324	126.414	2969.021	641.576	-141.447	3048.696	670.972	-388.007	3002.698	682.948	-488.458	2983.959	0.000	0.000	0.000	395.505	161.616	2987.591	236.383	144.162	3013.298	174.572	-118.205	3123.780	153.388	-365.909	3079.448	144.758	-466.827	3061.386	0.000	0.000	0.000	503.255	-295.237	3186.052	568.639	-575.418	2891.291	568.639	-962.870	2891.291	0.000	0.000	0.000	279.385	-293.745	3191.205	102.354	-546.654	2918.520	102.354	-934.107	2918.520	0.000	0.000	0.000	
02777	1	0.000	0.000	0.000	385.935	336.908	2884.963	396.300	230.710	2941.555	394.184	-37.646	3121.701	393.219	-235.721	3156.119	395.757	161.777	2987.830	559.189	125.859	2968.999	641.952	-133.675	3077.933	669.499	-375.340	3005.494	680.667	-473.310	2976.127	0.000	0.000	0.000	395.757	161.777	2987.830	238.374	139.638	3012.583	173.316	-127.637	3114.590	164.726	-379.078	3081.241	161.244	-481.011	3067.722	0.000	0.000	0.000	506.024	-295.682	3186.064	570.637	-581.868	2896.955	570.637	-969.320	2896.955	0.000	0.000	0.000	281.798	-294.140	3193.893	107.028	-539.824	2913.260	107.028	-927.277	2913.260	0.000	0.000	0.000	
02778	1	0.000	0.000	0.000	385.972	337.115	2884.427	396.275	230.633	2940.333	395.090	-36.887	3121.664	394.256	-235.014	3155.788	395.971	161.906	2986.917	558.954	125.391	2968.951	644.061	-140.039	3061.101	670.659	-385.140	3000.840	681.441	-484.499	2976.412	0.000	0.000	0.000	395.971	161.906	2986.917	236.749	143.304	3013.025	171.992	-128.998	3101.601	157.559	-381.185	3076.961	151.708	-483.416	3066.972	0.000	0.000	0.000	507.153	-296.654	3186.416	579.619	-593.785	2910.513	579.619	-981.238	2910.513	0.000	0.000	0.000	282.579	-294.667	3194.075	106.016	-545.558	2919.230	106.016	-933.011	2919.230	0.000	0.000	0.000	
02779	1	0.000	0.000	0.000	386.027	336.893	2881.205	396.141	230.420	2937.418	395.282	-38.604	3114.056	394.913	-236.976	3146.731	395.919	161.017	2982.988	558.543	124.638	2968.845	642.954	-140.898	3058.810	670.487	-385.500	2997.896	681.658	-484.745	2973.181	0.000	0.000	0.000	395.919	161.017	2982.988	233.071	145.074	3005.802	170.566	-112.020	3131.197	151.058	-358.633	3075.520	143.143	-458.695	3052.930	0.000	0.000	0.000	506.909	-296.441	3182.471	580.452	-581.060	2893.949	580.452	-968.513	2893.949	0.000	0.000	0.000	281.956	-294.512	3181.563	103.445	-531.844	2896.137	103.445	-919.298	2896.137	0.000	0.000	0.000	
02780	1	0.000	0.000	0.000	385.929	337.249	2880.962	396.006	230.286	2935.999	395.248	-37.395	3113.226	395.002	-235.456	3147.739	395.810	161.057	2981.834	558.375	124.349	2968.797	641.349	-136.384	3077.011	669.410	-376.818	2997.186	680.736	-473.868	2964.965	0.000	0.000	0.000	395.810	161.057	2981.834	232.851	145.567	3005.749	166.799	-118.707	3116.985	154.217	-369.823	3075.143	149.139	-471.184	3058.254	0.000	0.000	0.000	507.011	-296.642	3183.860	576.440	-573.964	2887.323	576.440	-961.417	2887.323	0.000	0.000	0.000	284.643	-293.353	3192.340	112.367	-550.265	2920.349	112.367	-937.719	2920.349	0.000	0.000	0.000	
02781	1	0.000	0.000	0.000	384.317	337.916	2879.782	395.014	230.121	2932.331	394.242	-35.385	3111.015	393.295	-232.749	3149.306	394.814	161.240	2978.688	554.731	121.796	2968.797	643.154	-144.543	3061.914	670.590	-388.315	2994.921	681.690	-486.943	2967.816	0.000	0.000	0.000	394.814	161.240	2978.688	232.708	145.990	3004.109	166.431	-120.318	3114.172	135.552	-369.584	3074.443	123.058	-470.435	3058.369	0.000	0.000	0.000	505.748	-296.287	3184.897	570.340	-563.281	2877.970	570.340	-950.735	2877.970	0.000	0.000	0.000	283.795	-293.620	3197.223	105.262	-534.136	2914.487	105.262	-921.590	2914.487	0.000	0.000	0.000	
02782	1	0.000	0.000	0.000	382.496	338.604	2878.582	394.094	230.076	2928.844	393.228	-33.923	3109.563	391.126	-230.808	3150.200	393.869	161.564	2975.744	553.430	122.463	2967.354	641.585	-142.367	3062.119	669.908	-386.131	2997.582	681.391	-484.967	2971.415	0.000	0.000	0.000	393.869	161.564	2975.744	233.393	146.476	3003.927	168.253	-117.447	3117.894	143.567	-366.581	3076.536	133.558	-467.596	3059.767	0.000	0.000	0.000	504.128	-295.736	3184.486	568.965	-575.167	2888.892	568.965	-962.622	2888.892	0.000	0.000	0.000	277.189	-295.431	3183.545	104.700	-551.477	2910.873	104.700	-938.931	2910.873	0.000	0.000	0.000	
02783	1	0.000	0.000	0.000	380.479	338.633	2877.612	392.337	230.067	2927.222	392.406	-33.229	3109.089	389.950	-229.774	3151.322	392.355	161.752	2974.409	551.991	123.231	2965.688	642.093	-143.509	3057.691	670.021	-388.869	3000.704	681.359	-488.476	2977.569	0.000	0.000	0.000	392.355	161.752	2974.409	233.049	146.480	3004.832	170.024	-119.444	3119.047	167.343	-369.256	3076.438	166.255	-470.671	3059.141	0.000	0.000	0.000	503.315	-295.307	3184.381	577.324	-560.213	2877.771	577.324	-947.667	2877.771	0.000	0.000	0.000	276.238	-295.677	3185.453	111.670	-560.533	2916.324	111.670	-947.987	2916.324	0.000	0.000	0.000	
02784	1	0.000	0.000	0.000	379.100	338.334	2875.895	387.637	230.036	2926.132	391.323	-32.108	3110.108	388.572	-228.165	3154.534	388.592	162.080	2973.825	549.549	124.786	2958.938	641.248	-149.384	3021.759	670.612	-399.667	2997.976	682.548	-501.399	2988.309	0.000	0.000	0.000	388.592	162.080	2973.825	230.167	145.312	3006.097	166.581	-127.304	3101.814	156.019	-379.018	3077.355	151.726	-481.331	3067.414	0.000	0.000	0.000	502.385	-294.884	3184.350	563.187	-577.959	2891.345	563.187	-965.413	2891.345	0.000	0.000	0.000	275.188	-294.763	3190.098	102.576	-542.247	2909.676	102.576	-929.702	2909.676	0.000	0.000	0.000	
02785	1	0.000	0.000	0.000	378.732	338.008	2874.723	384.731	230.022	2925.970	390.825	-31.823	3110.701	388.334	-228.118	3154.082	386.310	162.191	2973.825	547.910	125.778	2953.810	636.716	-146.092	3024.849	670.315	-396.025	2998.697	683.949	-497.448	2988.085	0.000	0.000	0.000	386.310	162.191	2973.825	228.466	144.640	3006.968	165.727	-126.723	3103.262	132.511	-376.719	3077.227	119.032	-478.168	3066.662	0.000	0.000	0.000	501.908	-294.872	3184.333	571.060	-565.214	2881.332	571.060	-952.669	2881.332	0.000	0.000	0.000	275.124	-294.635	3189.513	103.118	-559.079	2924.635	103.118	-946.534	2924.635	0.000	0.000	0.000	
02786	1	0.000	0.000	0.000	373.687	335.522	2870.923	379.702	229.557	2925.700	389.972	-31.601	3112.115	388.767	-228.318	3153.593	382.358	162.014	2973.913	542.552	125.001	2949.305	631.036	-143.038	3037.615	669.658	-391.893	3000.403	685.267	-492.469	2985.363	0.000	0.000	0.000	382.358	162.014	2973.913	224.748	144.912	3008.365	136.907	-114.919	3119.023	97.058	-362.613	3075.835	80.953	-462.719	3058.381	0.000	0.000	0.000	502.043	-295.112	3185.577	565.535	-562.687	2886.054	565.535	-950.142	2886.054	0.000	0.000	0.000	277.062	-294.205	3193.955	89.222	-509.746	2904.819	89.222	-897.201	2904.819	0.000	0.000	0.000	
02787	1	0.000	0.000	0.000	356.477	328.978	2867.823	373.808	226.229	2925.538	388.002	-36.195	3110.936	388.130	-232.805	3152.938	377.472	158.484	2973.399	531.857	114.240	2940.828	626.151	-152.083	3024.617	671.219	-401.493	3000.489	689.431	-502.282	2990.738	0.000	0.000	0.000	377.472	158.484	2973.399	211.210	144.654	2993.819	136.002	-114.091	3113.127	89.157	-360.465	3069.265	70.226	-460.028	3051.540	0.000	0.000	0.000	501.840	-297.478	3187.080	561.805	-574.933	2894.465	561.805	-962.388	2894.465	0.000	0.000	0.000	278.206	-295.958	3200.688	85.948	-492.017	2899.360	85.948	-879.471	2899.360	0.000	0.000	0.000	
02788	1	0.000	0.000	0.000	340.658	320.216	2862.958	366.675	220.306	2922.315	385.563	-43.224	3108.685	387.360	-239.528	3152.059	371.525	152.634	2970.174	529.907	114.126	2935.817	621.487	-148.215	3027.462	670.312	-396.274	2999.388	690.060	-496.605	2988.032	0.000	0.000	0.000	371.525	152.634	2970.174	199.673	137.941	2980.864	128.817	-128.651	3078.418	84.137	-372.448	3021.216	66.065	-471.055	2998.079	0.000	0.000	0.000	500.994	-304.136	3190.565	559.320	-589.155	2903.768	559.320	-976.610	2903.768	0.000	0.000	0.000	279.100	-305.209	3203.646	88.929	-508.740	2904.813	88.929	-896.194	2904.813	0.000	0.000	0.000	
02789	1	0.000	0.000	0.000	326.995	306.416	2842.642	354.133	204.585	2892.631	376.192	-52.471	3094.655	381.736	-246.796	3145.906	359.722	139.453	2943.819	522.505	106.399	2910.938	605.956	-160.561	2987.223	668.665	-408.122	2988.445	693.928	-507.855	2988.938	0.000	0.000	0.000	359.722	139.453	2943.819	195.444	114.743	2963.842	104.195	-149.592	3040.338	53.713	-399.832	3033.125	33.375	-500.644	3030.219	0.000	0.000	0.000	493.589	-322.841	3188.089	569.624	-581.827	2879.818	569.624	-969.281	2879.818	0.000	0.000	0.000	276.310	-324.810	3198.450	68.031	-504.310	2894.666	68.031	-891.765	2894.666	0.000	0.000	0.000	
02790	5	0.000	0.000	0.000	317.789	292.597	2808.733	338.579	195.662	2870.079	352.773	-61.365	3077.251	360.123	-255.363	3129.504	342.145	131.079	2922.135	509.132	99.749	2891.907	591.142	-157.561	2986.007	640.858	-403.047	2963.681	661.199	-503.486	2954.547	0.000	0.000	0.000	342.145	131.079	2922.135	176.776	126.085	2958.073	69.514	-126.619	3038.225	15.181	-361.894	2968.032	-7.049	-458.156	2939.313	0.000	0.000	0.000	472.075	-318.133	3172.359	578.032	-597.906	2891.247	578.032	-985.361	2891.247	0.000	0.000	0.000	259.460	-330.198	3184.962	46.054	-525.929	2893.978	46.054	-913.384	2893.978	0.000	0.000	0.000	
02791	5	0.000	0.000	0.000	272.722	271.781	2737.242	296.120	180.960	2817.171	331.240	-82.614	3008.673	349.152	-279.247	3046.549	305.018	114.177	2865.693	464.509	82.622	2827.763	570.612	-161.894	2939.073	618.221	-407.104	2916.329	637.749	-507.687	2907.000	0.000	0.000	0.000	305.018	114.177	2865.693	128.938	118.230	2896.245	44.576	-157.874	2905.473	-19.787	-396.868	2864.840	-32.659	-444.667	2856.713	0.000	0.000	0.000	465.133	-317.817	3071.750	611.963	-623.915	2839.298	611.963	-1011.370	2839.298	0.000	0.000	0.000	238.735	-330.633	3065.884	-106.636	-363.910	2844.749	-106.636	-751.365	2844.749	0.000	0.000	0.000	
02792	5	0.000	0.000	0.000	263.108	267.542	2726.688	288.300	175.790	2804.324	324.940	-86.402	2997.385	337.277	-283.616	3034.450	297.584	109.351	2853.245	458.099	81.106	2810.361	551.398	-169.149	2913.240	604.811	-414.338	2918.041	626.706	-514.846	2920.009	0.000	0.000	0.000	297.584	109.351	2853.245	135.094	82.848	2879.976	30.805	-183.225	2895.637	-20.903	-427.707	2872.212	-31.244	-476.603	2867.527	0.000	0.000	0.000	440.843	-348.669	3082.204	619.497	-612.887	2822.136	619.497	-1000.341	2822.136	0.000	0.000	0.000	234.917	-335.340	3088.807	-44.777	-472.041	2819.646	-44.777	-859.496	2819.646	0.000	0.000	0.000	
02793	5	0.000	0.000	0.000	226.482	251.217	2697.970	260.394	159.899	2771.382	294.129	-104.633	2958.409	305.372	-301.200	2999.084	268.993	92.469	2819.056	427.856	69.302	2789.038	519.376	-192.636	2849.351	571.077	-442.810	2858.661	591.885	-543.499	2862.407	0.000	0.000	0.000	268.993	92.469	2819.056	103.943	81.988	2848.948	19.187	-188.961	2854.240	-22.538	-438.293	2816.297	-30.883	-488.159	2808.709	0.000	0.000	0.000	421.697	-337.269	3029.294	624.725	-621.873	2811.835	624.725	-1009.327	2811.835	0.000	0.000	0.000	194.233	-350.834	3029.995	140.230	-752.307	2956.428	140.230	-1139.761	2956.428	0.000	0.000	0.000	
02794	5	0.000	0.000	0.000	219.447	244.063	2681.946	251.210	155.794	2759.636	280.669	-111.831	2941.455	294.030	-308.946	2978.690	258.739	87.400	2806.102	419.874	67.353	2778.231	519.456	-185.776	2854.147	575.485	-433.709	2838.636	598.121	-533.877	2832.370	0.000	0.000	0.000	258.739	87.400	2806.102	99.288	53.137	2814.372	12.834	-215.454	2826.136	-49.333	-460.860	2798.539	-61.767	-509.941	2793.019	0.000	0.000	0.000	408.766	-342.446	3016.462	627.751	-622.326	2808.492	627.751	-1009.779	2808.492	0.000	0.000	0.000	184.772	-363.583	3009.482	69.434	-756.960	2970.883	69.434	-1144.413	2970.883	0.000	0.000	0.000	
02795	5	0.000	0.000	0.000	219.447	244.063	2681.946	251.210	155.794	2759.636	280.669	-111.831	2941.455	294.030	-308.946	2978.690	258.739	87.400	2806.102	419.874	67.353	2778.231	519.456	-185.776	2854.147	575.485	-433.709	2838.636	598.121	-533.877	2832.370	0.000	0.000	0.000	258.739	87.400	2806.102	99.288	53.137	2814.372	12.834	-215.454	2826.136	-49.333	-460.860	2798.539	-61.767	-509.941	2793.019	0.000	0.000	0.000	408.766	-342.446	3016.462	627.751	-622.326	2808.492	627.751	-1009.779	2808.492	0.000	0.000	0.000	184.772	-363.583	3009.482	69.434	-756.960	2970.883	69.434	-1144.413	2970.883	0.000	0.000	0.000	
02796	5	0.000	0.000	0.000	204.435	226.990	2666.147	232.972	139.080	2745.093	267.134	-132.368	2919.591	281.321	-328.905	2959.476	241.713	69.627	2789.740	402.854	55.865	2781.952	510.802	-197.789	2846.544	580.665	-443.992	2833.752	608.716	-542.845	2828.616	0.000	0.000	0.000	241.713	69.627	2789.740	88.496	24.710	2801.567	10.186	-246.598	2822.178	-68.739	-488.299	2790.367	-84.524	-536.639	2784.004	0.000	0.000	0.000	392.092	-394.760	3008.344	620.085	-638.989	2767.614	620.085	-1026.440	2767.614	0.000	0.000	0.000	177.406	-411.713	2994.907	85.107	-811.502	2959.839	85.107	-1198.953	2959.839	0.000	0.000	0.000	
02797	5	0.000	0.000	0.000	198.436	205.377	2659.477	221.932	115.293	2737.492	262.363	-154.890	2913.695	277.566	-351.210	2954.265	232.258	46.289	2782.494	383.049	15.815	2774.654	511.391	-227.103	2847.855	574.127	-473.170	2824.247	599.436	-572.436	2814.723	0.000	0.000	0.000	232.258	46.289	2782.494	74.880	-0.104	2785.397	-9.569	-269.655	2817.794	-94.311	-506.295	2774.635	-111.259	-553.623	2766.003	0.000	0.000	0.000	393.240	-416.650	2989.213	635.340	-640.479	2742.470	635.340	-1027.928	2742.470	0.000	0.000	0.000	172.538	-433.303	2986.548	95.891	-835.502	2942.321	95.891	-1222.950	2942.321	0.000	0.000	0.000	
02798	5	0.000	0.000	0.000	156.455	158.862	2646.127	181.802	61.114	2720.666	241.554	-208.828	2895.325	267.408	-403.959	2936.225	196.972	-7.419	2765.009	353.332	-24.902	2741.920	473.525	-254.889	2850.217	553.973	-496.116	2826.488	586.380	-593.291	2816.929	0.000	0.000	0.000	196.972	-7.419	2765.009	31.198	-48.213	2772.033	-43.394	-319.322	2774.293	-137.482	-550.052	2718.287	-156.299	-596.198	2707.086	0.000	0.000	0.000	378.534	-456.949	2975.956	204.927	-830.311	2967.410	204.927	-1217.754	2967.410	0.000	0.000	0.000	171.525	-478.152	2978.270	-11.744	-830.997	2870.915	-11.744	-1218.440	2870.915	0.000	0.000	0.000	
02799	5	0.000	0.000	0.000	123.478	127.802	2634.748	158.905	34.474	2709.363	223.820	-236.081	2879.284	258.213	-429.936	2919.953	175.437	-34.426	2752.635	334.133	-40.894	2737.511	464.087	-261.953	2848.577	560.087	-497.007	2822.810	598.788	-591.764	2812.422	0.000	0.000	0.000	175.437	-34.426	2752.635	3.430	-61.152	2771.495	-58.759	-333.279	2758.468	-163.282	-563.763	2725.560	-184.186	-609.859	2718.978	0.000	0.000	0.000	372.103	-455.629	2945.704	549.982	-795.260	2795.283	549.982	-1182.700	2795.283	0.000	0.000	0.000	146.027	-457.038	2931.290	61.705	-859.966	2918.824	61.705	-1247.406	2918.824	0.000	0.000	0.000	
02800	5	0.000	0.000	0.000	83.226	94.810	2615.228	134.921	13.538	2693.198	191.340	-257.734	2864.054	234.072	-449.509	2906.618	149.311	-55.649	2736.775	303.687	-77.191	2701.173	463.177	-264.120	2836.101	594.239	-480.443	2807.975	647.222	-567.895	2796.604	0.000	0.000	0.000	149.311	-55.649	2736.775	-24.839	-80.664	2741.986	-65.557	-356.230	2710.521	-183.670	-581.445	2720.093	-207.292	-626.488	2722.007	0.000	0.000	0.000	347.699	-484.126	2940.546	570.170	-800.858	2799.810	570.170	-1188.293	2799.810	0.000	0.000	0.000	132.972	-498.246	2945.112	76.366	-906.160	2949.736	76.366	-1293.595	2949.736	0.000	0.000	0.000	
02801	5	0.000	0.000	0.000	-8.717	36.624	2556.519	54.229	-40.817	2628.257	93.395	-308.043	2804.897	132.008	-496.900	2853.787	64.305	-109.562	2673.698	215.569	-136.574	2608.478	436.549	-272.113	2721.843	685.473	-236.969	2754.064	786.513	-222.704	2767.143	0.000	0.000	0.000	64.305	-109.562	2673.698	-86.350	-138.895	2707.056	-123.374	-413.724	2650.904	-244.770	-636.208	2650.065	-269.049	-680.704	2649.898	0.000	0.000	0.000	242.265	-561.375	2912.270	554.474	-802.447	2793.832	554.474	-1189.870	2793.832	0.000	0.000	0.000	83.760	-602.508	2940.552	-97.705	-955.836	3049.401	-97.705	-1343.259	3049.401	0.000	0.000	0.000	
02802	5	0.000	0.000	0.000	-51.387	-14.749	2515.246	19.650	-73.109	2594.504	67.651	-343.398	2761.415	101.284	-529.959	2808.797	32.054	-142.952	2637.634	175.104	-178.316	2588.650	431.811	-260.832	2669.382	649.639	-378.561	2721.720	738.185	-426.417	2742.995	0.000	0.000	0.000	32.054	-142.952	2637.634	-96.646	-214.146	2637.543	-164.111	-487.030	2623.106	-133.719	-273.137	2491.293	-127.641	-230.359	2464.931	0.000	0.000	0.000	216.441	-595.653	2862.230	564.661	-806.748	2800.614	564.661	-1194.163	2800.614	0.000	0.000	0.000	40.823	-608.739	2908.018	40.823	-1020.582	2908.018	40.823	-1407.998	2908.018	0.000	0.000	0.000	
02803	5	0.000	0.000	0.000	-148.357	-137.305	2430.799	-71.656	-178.850	2515.052	-11.241	-442.726	2688.260	-2.380	-625.125	2759.448	-56.050	-247.012	2559.794	84.588	-277.349	2525.084	336.408	-321.231	2637.766	587.551	-328.101	2663.366	689.852	-330.900	2673.794	0.000	0.000	0.000	-56.050	-247.012	2559.794	-187.974	-303.757	2586.348	-219.972	-574.999	2527.696	-219.972	-827.537	2527.696	-219.972	-930.406	2527.696	0.000	0.000	0.000	25.882	-824.193	2897.176	25.882	-1236.022	2897.176	25.882	-1623.419	2897.176	0.000	0.000	0.000	-41.490	-814.264	2895.810	-41.490	-1226.093	2895.810	-41.490	-1613.490	2895.810	0.000	0.000	0.000	
02804	5	0.000	0.000	0.000	-165.192	-231.251	2425.415	-87.529	-241.379	2517.956	-56.574	-530.491	2659.234	-80.054	-717.372	2709.790	-79.580	-315.620	2554.235	50.528	-358.953	2475.751	305.530	-366.504	2587.689	554.461	-361.558	2628.750	655.937	-359.542	2645.488	0.000	0.000	0.000	-79.580	-315.620	2554.235	-205.547	-384.960	2528.945	66.924	-327.775	2539.084	66.924	-580.118	2539.084	66.924	-682.985	2539.084	0.000	0.000	0.000	-62.021	-892.311	2822.469	-62.021	-1304.131	2822.469	-62.021	-1691.517	2822.469	0.000	0.000	0.000	-99.629	-891.061	2828.619	-99.629	-1302.880	2828.619	-99.629	-1690.267	2828.619	0.000	0.000	0.000	
02805	5	0.000	0.000	0.000	-161.823	-306.274	2446.631	-83.194	-308.606	2538.837	-118.697	-617.219	2633.609	-155.708	-808.379	2657.826	-92.268	-387.483	2563.060	18.662	-403.266	2413.393	264.283	-416.208	2542.922	450.006	-289.467	2657.120	525.761	-237.771	2703.700	0.000	0.000	0.000	-92.268	-387.483	2563.060	-219.526	-436.982	2536.669	-303.197	-701.227	2557.854	-303.197	-953.412	2557.854	-303.197	-1056.275	2557.854	0.000	0.000	0.000	-159.857	-887.222	2777.443	-159.857	-1299.030	2777.443	-159.857	-1686.404	2777.443	0.000	0.000	0.000	-196.246	-884.804	2773.903	-196.246	-1296.612	2773.903	-196.246	-1683.986	2773.903	0.000	0.000	0.000	
02806	5	0.000	0.000	0.000	-192.214	-407.818	2455.736	-118.008	-422.762	2550.329	-192.033	-675.995	2743.440	-234.966	-855.729	2814.330	-136.801	-487.051	2599.354	-152.036	-446.803	2365.841	82.052	-526.983	2490.576	242.224	-720.480	2510.148	307.613	-799.473	2518.139	0.000	0.000	0.000	-136.801	-487.051	2599.354	-271.784	-532.873	2550.589	-340.600	-516.558	2282.666	-340.600	-768.509	2282.666	-340.600	-871.365	2282.666	0.000	0.000	0.000	-166.034	-942.188	2921.267	-166.034	-1353.970	2921.267	-166.034	-1741.316	2921.267	0.000	0.000	0.000	-270.146	-951.826	2954.799	-270.146	-1363.607	2954.799	-270.146	-1750.954	2954.799	0.000	0.000	0.000	
02808	5	0.000	0.000	0.000	-260.105	-477.662	2490.437	-231.823	-545.112	2416.433	-229.350	-827.121	2452.543	-287.319	-943.215	2338.549	-231.203	-615.862	2425.492	-85.160	-628.133	2433.278	-34.266	-854.294	2384.910	-213.242	-733.869	2370.720	-249.038	-709.784	2367.883	0.000	0.000	0.000	-231.203	-615.862	2425.492	-244.056	-686.533	2508.827	-385.906	-535.217	2394.544	-253.532	-619.182	2245.671	-227.057	-635.975	2215.897	0.000	0.000	0.000	-220.277	-990.866	2393.501	-220.277	-1344.737	2393.501	-220.277	-1677.606	2393.501	0.000	0.000	0.000	-281.379	-998.349	2389.956	-281.379	-1352.219	2389.956	-281.379	-1685.088	2389.956	0.000	0.000	0.000	
02809	5	0.000	0.000	0.000	-268.382	-465.209	2499.606	-229.085	-526.847	2425.562	-221.006	-794.708	2520.557	-225.472	-927.317	2409.977	-227.058	-594.048	2449.394	-90.030	-622.356	2432.366	-90.030	-859.165	2432.366	-90.030	-1075.351	2432.366	-90.030	-1163.741	2432.366	0.000	0.000	0.000	-227.058	-594.048	2449.394	-245.518	-671.471	2511.110	-245.518	-908.280	2511.110	-245.518	-1124.465	2511.110	-245.518	-1212.855	2511.110	0.000	0.000	0.000	-153.379	-873.877	2549.652	-153.379	-1227.747	2549.652	-153.379	-1560.616	2549.652	0.000	0.000	0.000	-169.391	-875.898	2561.047	-169.391	-1229.769	2561.047	-169.391	-1562.638	2561.047	0.000	0.000	0.000	
02811	5	0.000	0.000	0.000	-179.235	-445.411	2396.682	-216.197	-521.440	2488.702	-244.819	-833.243	2624.913	-262.090	-1037.592	2656.077	-223.378	-599.665	2522.874	-126.447	-605.780	2650.583	-41.014	-856.563	2753.982	-41.014	-1116.192	2753.982	-41.014	-1222.345	2753.982	0.000	0.000	0.000	-223.378	-599.665	2522.874	-398.917	-609.052	2506.357	-398.917	-893.449	2506.357	-398.917	-1153.078	2506.357	-398.917	-1259.231	2506.357	0.000	0.000	0.000	-144.799	-1074.420	2701.123	-144.799	-1499.403	2701.123	-144.799	-1899.164	2701.123	0.000	0.000	0.000	-378.502	-1069.206	2713.560	-378.502	-1494.189	2713.560	-378.502	-1893.950	2713.560	0.000	0.000	0.000	
02812	5	0.000	0.000	0.000	-245.999	-415.767	2474.802	-242.972	-540.096	2486.947	-290.116	-866.445	2575.645	-315.740	-1072.288	2575.447	-254.799	-621.970	2509.199	-159.093	-609.243	2658.868	-83.676	-867.864	2750.026	-83.676	-1127.493	2750.026	-83.676	-1233.646	2750.026	0.000	0.000	0.000	-254.799	-621.970	2509.199	-427.350	-625.951	2484.159	-427.350	-910.348	2484.159	-427.350	-1169.977	2484.159	-427.350	-1276.130	2484.159	0.000	0.000	0.000	-204.555	-1059.157	2641.352	-204.555	-1484.140	2641.352	-204.555	-1883.901	2641.352	0.000	0.000	0.000	-418.159	-1047.085	2645.632	-418.159	-1472.068	2645.632	-418.159	-1871.829	2645.632	0.000	0.000	0.000	
02815	5	0.000	0.000	0.000	-249.046	-515.723	2595.750	-302.819	-583.027	2513.494	-365.888	-877.444	2389.887	-389.768	-1070.578	2354.896	-318.642	-656.890	2482.483	-181.846	-664.362	2641.333	-123.048	-922.731	2767.949	104.787	-939.925	2863.040	150.354	-943.364	2882.058	0.000	0.000	0.000	-318.642	-656.890	2482.483	-455.673	-651.764	2416.008	-492.708	-771.510	2150.428	-492.708	-1018.991	2150.428	-492.708	-1120.177	2150.428	0.000	0.000	0.000	-303.573	-1083.030	2436.408	-303.573	-1488.128	2436.408	-303.573	-1869.184	2436.408	0.000	0.000	0.000	-455.540	-1096.842	2438.627	-455.540	-1501.939	2438.627	-455.540	-1882.995	2438.627	0.000	0.000	0.000	
02816	5	0.000	0.000	0.000	-232.285	-579.262	2619.669	-305.490	-589.339	2526.629	-374.232	-876.170	2389.085	-393.134	-1072.968	2388.482	-322.736	-661.299	2492.122	-167.260	-675.330	2631.922	-86.750	-905.674	2780.172	143.745	-925.400	2868.019	189.844	-929.345	2885.588	0.000	0.000	0.000	-322.736	-661.299	2492.122	-455.386	-637.285	2413.398	-538.355	-755.450	2167.082	-538.355	-1002.905	2167.082	-538.355	-1104.080	2167.082	0.000	0.000	0.000	-315.370	-1070.341	2484.188	-315.370	-1475.396	2484.188	-315.370	-1856.412	2484.188	0.000	0.000	0.000	-377.745	-1099.528	2505.454	-377.745	-1504.583	2505.454	-377.745	-1885.599	2505.454	0.000	0.000	0.000	
