02937	2	0.000	0.000	0.000	86.161	542.783	2407.516	75.274	428.877	2398.608	76.897	111.450	2426.200	78.448	-78.644	2422.141	75.688	347.911	2405.646	102.368	364.355	2548.537	102.368	94.539	2548.537	102.368	-151.781	2548.537	102.368	-252.490	2548.537	0.000	0.000	0.000	75.688	347.911	2405.646	-4.410	332.938	2289.880	78.184	91.788	2201.417	78.184	-154.531	2201.417	78.184	-255.241	2201.417	0.000	0.000	0.000	177.171	-110.625	2458.462	177.171	-513.817	2458.462	177.171	-893.080	2458.462	0.000	0.000	0.000	-14.667	-111.208	2471.214	-14.667	-514.401	2471.214	-14.667	-893.664	2471.214	0.000	0.000	0.000	
02938	2	0.000	0.000	0.000	86.157	542.023	2392.496	75.276	428.731	2387.659	82.157	111.661	2441.733	87.828	-74.357	2441.662	77.014	348.638	2401.318	103.079	363.441	2540.513	103.079	93.639	2540.513	103.079	-152.668	2540.513	103.079	-253.373	2540.513	0.000	0.000	0.000	77.014	348.638	2401.318	44.480	325.176	2258.323	62.224	61.909	2202.027	62.224	-184.398	2202.027	62.224	-285.103	2202.027	0.000	0.000	0.000	200.940	-115.889	2431.508	200.940	-519.062	2431.508	200.940	-898.307	2431.508	0.000	0.000	0.000	-25.242	-115.344	2447.504	-25.242	-518.517	2447.504	-25.242	-897.762	2447.504	0.000	0.000	0.000	
02939	2	0.000	0.000	0.000	89.306	541.404	2389.729	75.295	428.737	2381.692	83.131	112.002	2439.226	89.327	-76.129	2438.341	77.272	348.803	2396.212	103.360	362.848	2534.558	103.360	93.052	2534.558	103.360	-153.248	2534.558	103.360	-253.951	2534.558	0.000	0.000	0.000	77.272	348.803	2396.212	40.719	326.753	2251.689	68.689	62.978	2202.393	68.689	-183.322	2202.393	68.689	-284.025	2202.393	0.000	0.000	0.000	203.798	-93.768	2416.854	203.798	-496.931	2416.854	203.798	-876.167	2416.854	0.000	0.000	0.000	-20.680	-110.984	2460.846	-20.680	-514.147	2460.846	-20.680	-893.383	2460.846	0.000	0.000	0.000	
02940	2	0.000	0.000	0.000	92.036	539.958	2399.067	75.338	428.749	2378.623	83.870	114.439	2431.688	90.127	-76.731	2428.280	77.512	348.649	2392.146	103.871	364.761	2530.516	103.871	94.979	2530.516	103.871	-151.309	2530.516	103.871	-252.006	2530.516	0.000	0.000	0.000	77.512	348.649	2392.146	28.067	319.766	2260.859	92.082	66.609	2193.066	92.082	-179.679	2193.066	92.082	-280.376	2193.066	0.000	0.000	0.000	193.829	-111.979	2428.429	193.829	-515.122	2428.429	193.829	-894.339	2428.429	0.000	0.000	0.000	-10.503	-109.191	2461.542	-10.503	-512.334	2461.542	-10.503	-891.551	2461.542	0.000	0.000	0.000	
02941	2	0.000	0.000	0.000	91.188	538.702	2408.089	75.344	428.750	2378.832	83.994	115.102	2428.327	90.147	-77.171	2425.563	77.557	348.513	2391.493	104.733	364.754	2529.853	104.733	94.979	2529.853	104.733	-151.302	2529.853	104.733	-251.997	2529.853	0.000	0.000	0.000	77.557	348.513	2391.493	23.607	321.233	2262.512	114.308	77.378	2191.189	114.308	-168.903	2191.189	114.308	-269.597	2191.189	0.000	0.000	0.000	185.965	-123.700	2436.372	185.965	-526.832	2436.372	185.965	-906.039	2436.372	0.000	0.000	0.000	-9.230	-109.572	2459.123	-9.230	-512.704	2459.123	-9.230	-891.911	2459.123	0.000	0.000	0.000	
02942	2	0.000	0.000	0.000	90.636	537.926	2417.997	75.348	428.790	2381.846	84.078	115.309	2429.654	89.971	-77.856	2431.198	77.584	348.491	2394.092	106.357	363.487	2534.895	106.357	93.719	2534.895	106.357	-152.556	2534.895	106.357	-253.248	2534.895	0.000	0.000	0.000	77.584	348.491	2394.092	14.101	318.297	2269.196	124.382	84.881	2190.903	124.382	-161.393	2190.903	124.382	-262.085	2190.903	0.000	0.000	0.000	176.887	-137.565	2458.652	176.887	-540.687	2458.652	176.887	-919.884	2458.652	0.000	0.000	0.000	-6.506	-121.353	2462.932	-6.506	-524.475	2462.932	-6.506	-903.672	2462.932	0.000	0.000	0.000	
02943	2	0.000	0.000	0.000	90.306	543.045	2417.220	75.350	430.967	2386.314	84.045	117.503	2434.597	89.807	-73.763	2437.532	77.576	350.691	2398.679	109.901	374.159	2543.366	109.901	104.405	2543.366	109.901	-141.856	2543.366	109.901	-242.542	2543.366	0.000	0.000	0.000	77.576	350.691	2398.679	13.004	329.542	2264.198	104.920	87.696	2187.853	104.920	-158.565	2187.853	104.920	-259.252	2187.853	0.000	0.000	0.000	191.990	-114.706	2446.464	191.990	-517.806	2446.464	191.990	-896.983	2446.464	0.000	0.000	0.000	-7.814	-114.292	2469.875	-7.814	-517.393	2469.875	-7.814	-896.569	2469.875	0.000	0.000	0.000	
02944	2	0.000	0.000	0.000	90.182	545.470	2411.975	75.350	432.084	2386.436	84.042	118.683	2438.173	89.849	-73.633	2442.198	77.572	351.948	2399.665	111.058	373.584	2541.291	111.058	103.838	2541.291	111.058	-142.417	2541.291	111.058	-243.101	2541.291	0.000	0.000	0.000	77.572	351.948	2399.665	13.685	330.123	2266.107	98.978	85.517	2190.901	98.978	-160.737	2190.901	98.978	-261.421	2190.901	0.000	0.000	0.000	185.252	-125.861	2453.241	185.252	-528.950	2453.241	185.252	-908.116	2453.241	0.000	0.000	0.000	-5.023	-120.259	2470.958	-5.023	-523.348	2470.958	-5.023	-902.515	2470.958	0.000	0.000	0.000	
02945	2	0.000	0.000	0.000	88.877	547.094	2400.782	75.350	432.541	2384.867	84.090	118.839	2442.176	89.982	-75.032	2445.070	77.576	352.647	2399.463	112.125	368.976	2536.038	112.125	99.245	2536.038	112.125	-146.995	2536.038	112.125	-247.673	2536.038	0.000	0.000	0.000	77.576	352.647	2399.463	15.628	326.677	2268.800	117.011	90.181	2187.894	117.011	-156.059	2187.894	117.011	-256.738	2187.894	0.000	0.000	0.000	191.443	-109.046	2450.910	191.443	-512.113	2450.910	191.443	-891.258	2450.910	0.000	0.000	0.000	-4.747	-116.720	2472.501	-4.747	-519.787	2472.501	-4.747	-898.932	2472.501	0.000	0.000	0.000	
02946	2	0.000	0.000	0.000	87.779	547.035	2398.907	75.350	432.592	2384.034	84.132	118.749	2442.512	90.053	-75.677	2444.538	77.584	352.753	2398.910	112.356	368.991	2535.581	112.356	99.268	2535.581	112.356	-146.965	2535.581	112.356	-247.640	2535.581	0.000	0.000	0.000	77.584	352.753	2398.910	29.140	313.557	2274.142	102.682	74.308	2173.631	102.682	-171.925	2173.631	102.682	-272.601	2173.631	0.000	0.000	0.000	192.906	-101.990	2448.101	192.906	-505.045	2448.101	192.906	-884.179	2448.101	0.000	0.000	0.000	-4.708	-113.158	2473.177	-4.708	-516.213	2473.177	-4.708	-895.347	2473.177	0.000	0.000	0.000	
02947	2	0.000	0.000	0.000	86.750	546.829	2398.447	75.350	432.643	2383.237	84.392	119.071	2443.093	90.199	-75.803	2443.843	77.650	352.873	2398.464	111.955	368.503	2534.111	111.955	98.787	2534.111	111.955	-147.439	2534.111	111.955	-248.111	2534.111	0.000	0.000	0.000	77.650	352.873	2398.464	24.802	321.128	2268.232	103.751	78.135	2181.817	103.751	-168.091	2181.817	103.751	-268.764	2181.817	0.000	0.000	0.000	189.948	-104.285	2442.762	189.948	-507.329	2442.762	189.948	-886.452	2442.762	0.000	0.000	0.000	-4.327	-107.274	2473.831	-4.327	-510.317	2473.831	-4.327	-889.440	2473.831	0.000	0.000	0.000	
02948	2	0.000	0.000	0.000	85.624	546.196	2398.265	75.350	432.715	2378.883	89.379	122.241	2438.786	93.105	-73.297	2436.673	78.951	353.027	2394.258	113.560	370.686	2529.971	113.560	100.987	2529.971	113.560	-145.225	2529.971	113.560	-245.891	2529.971	0.000	0.000	0.000	78.951	353.027	2394.258	26.662	324.226	2260.584	105.189	76.745	2187.617	105.189	-169.467	2187.617	105.189	-270.133	2187.617	0.000	0.000	0.000	189.393	-94.570	2433.776	189.393	-497.590	2433.776	189.393	-876.691	2433.776	0.000	0.000	0.000	-3.608	-77.486	2473.899	-3.608	-480.506	2473.899	-3.608	-859.607	2473.899	0.000	0.000	0.000	
02949	2	0.000	0.000	0.000	85.124	545.691	2397.508	75.350	432.735	2374.375	90.170	125.841	2438.059	92.691	-69.946	2437.930	79.187	353.284	2390.862	113.917	372.401	2525.612	113.917	102.710	2525.612	113.917	-143.494	2525.612	113.917	-244.157	2525.612	0.000	0.000	0.000	79.187	353.284	2390.862	29.332	321.626	2258.025	106.443	72.829	2188.117	106.443	-173.375	2188.117	106.443	-274.039	2188.117	0.000	0.000	0.000	191.518	-82.504	2434.344	191.518	-485.512	2434.344	191.518	-864.601	2434.344	0.000	0.000	0.000	3.855	-92.345	2471.842	3.855	-495.352	2471.842	3.855	-874.442	2471.842	0.000	0.000	0.000	
02950	2	0.000	0.000	0.000	85.579	546.121	2397.310	75.360	432.937	2374.475	91.121	124.854	2433.356	92.668	-71.221	2429.662	79.437	353.251	2389.705	115.077	378.879	2529.379	115.077	109.204	2529.379	115.077	-136.985	2529.379	115.077	-237.642	2529.379	0.000	0.000	0.000	79.437	353.251	2389.705	29.135	320.885	2256.991	115.082	74.098	2190.405	115.082	-172.091	2190.405	115.082	-272.748	2190.405	0.000	0.000	0.000	183.021	-101.747	2445.078	183.021	-504.729	2445.078	183.021	-883.795	2445.078	0.000	0.000	0.000	16.218	-110.533	2469.334	16.218	-513.515	2469.334	16.218	-892.581	2469.334	0.000	0.000	0.000	
02951	2	0.000	0.000	0.000	85.694	546.341	2397.285	75.365	433.034	2374.790	91.070	124.956	2432.443	92.701	-71.240	2429.449	79.430	353.293	2389.713	119.126	370.281	2527.955	119.126	100.615	2527.955	119.126	-145.566	2527.955	119.126	-246.220	2527.955	0.000	0.000	0.000	79.430	353.293	2389.713	25.584	327.234	2249.728	117.449	79.013	2198.087	117.449	-167.168	2198.087	117.449	-267.822	2198.087	0.000	0.000	0.000	193.910	-85.699	2424.629	193.910	-488.668	2424.629	193.910	-867.723	2424.629	0.000	0.000	0.000	2.921	-100.519	2461.239	2.921	-503.489	2461.239	2.921	-882.543	2461.239	0.000	0.000	0.000	
02952	2	0.000	0.000	0.000	85.805	546.507	2397.279	75.373	433.132	2374.925	90.993	123.159	2431.634	92.742	-73.135	2429.728	79.394	353.331	2389.524	123.504	378.051	2528.427	123.504	108.393	2528.427	123.504	-137.780	2528.427	123.504	-238.431	2528.427	0.000	0.000	0.000	79.394	353.331	2389.524	30.008	318.638	2257.679	134.787	79.675	2189.611	239.216	-75.849	2349.323	281.912	-139.437	2414.624	0.000	0.000	0.000	190.330	-104.428	2434.743	190.330	-507.385	2434.743	190.330	-886.427	2434.743	0.000	0.000	0.000	10.285	-117.525	2467.614	10.285	-520.483	2467.614	10.285	-899.525	2467.614	0.000	0.000	0.000	
02953	2	0.000	0.000	0.000	86.332	549.275	2396.825	75.395	436.328	2375.248	91.858	130.145	2434.709	92.843	-66.198	2428.850	79.676	356.709	2390.710	123.060	376.679	2528.180	123.060	107.039	2528.180	123.060	-143.201	2528.180	123.060	-243.845	2528.180	0.000	0.000	0.000	79.676	356.709	2390.710	28.497	319.225	2259.899	108.975	72.606	2186.355	276.840	-66.321	2309.400	344.354	-122.197	2358.888	0.000	0.000	0.000	197.218	-36.108	2401.922	197.218	-439.039	2401.922	197.218	-818.056	2401.922	0.000	0.000	0.000	-2.242	-70.179	2464.159	-2.242	-473.110	2464.159	-2.242	-852.128	2464.159	0.000	0.000	0.000	
02954	2	0.000	0.000	0.000	86.689	550.594	2396.096	76.385	438.322	2375.287	92.545	129.432	2432.768	92.734	-66.875	2424.711	80.557	358.581	2390.126	124.189	363.614	2520.592	124.189	93.982	2520.592	124.189	-155.432	2520.592	124.189	-256.074	2520.592	0.000	0.000	0.000	80.557	358.581	2390.126	30.456	330.472	2251.841	115.342	80.527	2196.860	283.382	-68.659	2305.090	351.188	-128.857	2348.762	0.000	0.000	0.000	194.464	-50.020	2405.542	194.464	-452.939	2405.542	194.464	-831.944	2405.542	0.000	0.000	0.000	1.298	-73.002	2451.348	1.298	-475.920	2451.348	1.298	-854.926	2451.348	0.000	0.000	0.000	
02955	2	0.000	0.000	0.000	91.718	549.421	2391.988	88.265	440.115	2373.673	91.495	133.651	2443.245	89.253	-62.890	2440.401	89.099	360.945	2391.646	127.333	376.710	2523.832	127.333	107.172	2523.832	127.333	-151.830	2523.832	127.333	-252.437	2523.832	0.000	0.000	0.000	89.099	360.945	2391.646	30.669	324.620	2266.724	117.769	80.925	2191.374	253.048	-65.606	2356.631	305.595	-122.524	2420.824	0.000	0.000	0.000	201.221	-44.685	2427.661	201.221	-447.464	2427.661	201.221	-826.339	2427.661	0.000	0.000	0.000	1.047	-63.380	2502.466	1.047	-466.159	2502.466	1.047	-845.034	2502.466	0.000	0.000	0.000	
02956	2	0.000	0.000	0.000	92.058	549.849	2392.816	88.263	440.129	2373.632	93.163	130.761	2445.383	90.028	-65.500	2434.877	89.515	361.054	2391.972	127.576	379.215	2524.375	127.576	109.696	2524.375	127.576	-144.631	2524.375	127.576	-245.230	2524.375	0.000	0.000	0.000	89.515	361.054	2391.972	34.385	321.931	2268.249	124.307	81.584	2185.862	254.847	-67.510	2345.275	306.482	-126.485	2408.331	0.000	0.000	0.000	197.196	-65.261	2422.722	197.196	-468.011	2422.722	197.196	-846.858	2422.722	0.000	0.000	0.000	4.139	-79.042	2491.124	4.139	-481.793	2491.124	4.139	-860.640	2491.124	0.000	0.000	0.000	
02957	2	0.000	0.000	0.000	92.279	550.079	2393.499	88.261	440.132	2373.622	95.374	134.125	2448.720	91.603	-62.175	2439.285	90.093	361.312	2392.966	127.338	379.354	2523.925	127.338	109.845	2523.925	127.338	-147.558	2523.925	127.338	-248.153	2523.925	0.000	0.000	0.000	90.093	361.312	2392.966	33.469	320.229	2271.481	124.980	81.062	2187.457	253.561	-66.142	2354.950	303.812	-123.670	2420.408	0.000	0.000	0.000	197.965	-71.598	2447.119	197.965	-474.333	2447.119	197.965	-853.167	2447.119	0.000	0.000	0.000	6.989	-80.541	2498.291	6.989	-483.277	2498.291	6.989	-862.110	2498.291	0.000	0.000	0.000	
02958	2	0.000	0.000	0.000	92.385	550.280	2397.559	88.256	440.136	2376.600	94.233	135.840	2453.910	92.251	-60.624	2448.188	89.801	361.472	2396.585	124.883	382.924	2527.976	124.883	113.425	2527.976	124.883	-143.903	2527.976	124.883	-244.495	2527.976	0.000	0.000	0.000	89.801	361.472	2396.585	32.496	318.043	2279.063	124.231	80.381	2191.135	255.164	-67.359	2356.202	306.346	-125.112	2420.729	0.000	0.000	0.000	196.794	-82.887	2459.130	196.794	-485.608	2459.130	196.794	-864.428	2459.130	0.000	0.000	0.000	6.609	-89.256	2504.294	6.609	-491.977	2504.294	6.609	-870.796	2504.294	0.000	0.000	0.000	
02959	2	0.000	0.000	0.000	92.818	550.388	2404.413	88.254	440.138	2379.012	94.192	135.036	2448.391	94.327	-61.491	2445.681	89.794	361.002	2397.008	125.154	382.439	2530.183	125.154	112.959	2530.183	125.154	-147.726	2530.183	125.154	-248.311	2530.183	0.000	0.000	0.000	89.794	361.002	2397.008	34.409	319.371	2278.716	129.545	81.971	2193.807	256.767	-69.306	2363.768	305.855	-127.676	2429.347	0.000	0.000	0.000	204.154	-59.592	2439.900	204.154	-462.283	2439.900	204.154	-841.075	2439.900	0.000	0.000	0.000	-1.476	-79.774	2487.743	-1.476	-482.465	2487.743	-1.476	-861.256	2487.743	0.000	0.000	0.000	
02960	2	0.000	0.000	0.000	93.124	550.305	2405.922	88.256	440.138	2379.876	94.288	136.142	2443.243	95.438	-60.392	2444.211	89.833	360.693	2396.436	127.100	372.258	2526.717	127.100	102.788	2526.717	127.100	-159.400	2526.717	127.100	-259.980	2526.717	0.000	0.000	0.000	89.833	360.693	2396.436	38.663	328.274	2267.156	126.452	81.016	2205.753	262.796	-73.864	2367.509	315.101	-133.278	2429.562	0.000	0.000	0.000	193.441	-85.499	2439.083	193.441	-488.175	2439.083	193.441	-866.952	2439.083	0.000	0.000	0.000	8.032	-89.657	2484.156	8.032	-492.333	2484.156	8.032	-871.110	2484.156	0.000	0.000	0.000	
02961	2	0.000	0.000	0.000	93.395	550.224	2406.543	88.259	440.139	2380.220	94.389	132.191	2436.820	95.497	-64.312	2440.044	89.848	360.326	2394.889	127.066	383.363	2531.437	127.066	113.904	2531.437	127.066	-145.037	2531.437	127.066	-245.614	2531.437	0.000	0.000	0.000	89.848	360.326	2394.889	36.860	324.237	2272.884	129.000	81.892	2199.486	256.010	-68.366	2367.835	305.344	-126.728	2433.224	0.000	0.000	0.000	202.131	-59.487	2438.722	202.131	-462.147	2438.722	202.131	-840.910	2438.722	0.000	0.000	0.000	0.978	-62.937	2487.255	0.978	-465.598	2487.255	0.978	-844.361	2487.255	0.000	0.000	0.000	
02962	2	0.000	0.000	0.000	93.540	549.344	2415.307	88.260	440.142	2385.036	94.535	127.142	2433.999	95.444	-69.258	2427.204	89.867	359.975	2397.577	124.474	391.771	2542.773	124.474	122.333	2542.773	124.474	-135.563	2542.773	124.474	-236.132	2542.773	0.000	0.000	0.000	89.867	359.975	2397.577	30.480	319.423	2281.979	135.797	86.169	2197.731	254.880	-76.716	2358.350	301.317	-140.234	2420.985	0.000	0.000	0.000	203.303	-51.040	2430.546	203.303	-453.670	2430.546	203.303	-832.404	2430.546	0.000	0.000	0.000	13.309	-79.345	2480.189	13.309	-481.975	2480.189	13.309	-860.709	2480.189	0.000	0.000	0.000	
02963	2	0.000	0.000	0.000	93.552	548.497	2425.509	88.260	440.146	2390.996	97.424	125.854	2439.747	94.808	-70.099	2425.172	90.598	359.983	2403.431	115.889	388.708	2552.028	115.889	119.280	2552.028	115.889	-136.222	2552.028	115.889	-236.787	2552.028	0.000	0.000	0.000	90.598	359.983	2403.431	-24.221	315.561	2425.158	97.010	177.096	2228.378	238.911	-28.401	2282.376	294.763	-109.285	2303.630	0.000	0.000	0.000	207.489	-34.593	2429.479	207.489	-437.208	2429.479	207.489	-815.927	2429.479	0.000	0.000	0.000	6.779	-69.551	2483.876	6.779	-472.165	2483.876	6.779	-850.885	2483.876	0.000	0.000	0.000	
02964	2	0.000	0.000	0.000	94.386	553.602	2425.727	89.350	441.668	2399.552	101.638	124.394	2439.910	96.977	-71.184	2421.511	92.465	361.227	2409.784	116.612	386.578	2563.776	116.612	114.595	2563.776	116.612	-137.454	2563.776	116.612	-238.011	2563.776	0.000	0.000	0.000	92.465	361.227	2409.784	-54.668	354.515	2448.654	81.928	189.952	2280.620	268.598	26.318	2236.952	343.072	-38.965	2219.531	0.000	0.000	0.000	208.825	-32.830	2429.482	208.825	-435.413	2429.482	208.825	-814.103	2429.482	0.000	0.000	0.000	12.515	-60.756	2482.768	12.515	-463.339	2482.768	12.515	-842.029	2482.768	0.000	0.000	0.000	
02965	2	0.000	0.000	0.000	95.188	556.935	2419.171	90.398	442.667	2400.121	104.159	124.758	2440.286	99.469	-70.628	2420.017	93.880	362.236	2410.282	117.014	383.868	2565.019	117.014	112.410	2565.019	117.014	-138.408	2565.019	117.014	-238.962	2565.019	0.000	0.000	0.000	93.880	362.236	2410.282	-54.268	349.065	2440.956	81.324	175.806	2281.943	254.967	-4.891	2292.269	324.580	-77.333	2296.409	0.000	0.000	0.000	213.605	-11.484	2428.491	213.605	-414.052	2428.491	213.605	-792.727	2428.491	0.000	0.000	0.000	19.181	-62.464	2481.345	19.181	-465.031	2481.345	19.181	-843.706	2481.345	0.000	0.000	0.000	
02966	2	0.000	0.000	0.000	100.271	554.461	2396.490	94.727	439.257	2384.918	104.005	120.625	2428.144	102.619	-75.844	2427.578	97.067	358.887	2395.821	116.530	365.049	2540.162	116.530	93.460	2540.162	116.530	-157.577	2540.162	116.530	-258.122	2540.162	0.000	0.000	0.000	97.067	358.887	2395.821	-38.024	330.533	2410.198	94.758	179.942	2227.298	232.548	-11.152	2313.996	287.736	-87.689	2348.720	0.000	0.000	0.000	216.204	-41.786	2431.520	216.204	-444.321	2431.520	216.204	-822.966	2431.520	0.000	0.000	0.000	15.529	-72.107	2486.275	15.529	-474.642	2486.275	15.529	-853.287	2486.275	0.000	0.000	0.000	
02967	2	0.000	0.000	0.000	101.577	552.357	2406.839	95.925	440.151	2382.778	103.755	122.629	2435.829	103.161	-73.803	2432.137	97.898	360.147	2396.145	117.145	389.832	2546.114	117.145	115.088	2546.114	117.145	-134.915	2546.114	117.145	-235.457	2546.114	0.000	0.000	0.000	97.898	360.147	2396.145	-34.722	343.271	2439.405	99.245	203.459	2244.494	215.526	-10.810	2299.890	262.290	-96.981	2322.169	0.000	0.000	0.000	217.938	-36.757	2429.186	217.938	-439.276	2429.186	217.938	-817.906	2429.186	0.000	0.000	0.000	11.971	-75.127	2487.910	11.971	-477.646	2487.910	11.971	-856.276	2487.910	0.000	0.000	0.000	
02968	2	0.000	0.000	0.000	102.604	553.488	2413.951	96.486	441.642	2384.989	103.017	130.046	2453.313	99.688	-66.254	2446.170	98.147	362.408	2402.363	115.791	396.834	2549.980	115.791	122.060	2549.980	115.791	-127.114	2549.980	115.791	-227.651	2549.980	0.000	0.000	0.000	98.147	362.408	2402.363	-36.246	360.993	2459.019	96.036	203.802	2276.553	239.243	2.021	2247.162	297.025	-79.394	2235.304	0.000	0.000	0.000	215.307	-40.482	2444.811	215.307	-442.985	2444.811	215.307	-821.600	2444.811	0.000	0.000	0.000	7.473	-74.044	2501.935	167.025	15.488	2143.416	79.905	-225.209	2422.386	0.000	0.000	0.000	
02969	2	0.000	0.000	0.000	105.947	558.380	2407.478	97.385	442.992	2386.937	102.000	136.390	2466.458	96.290	-59.739	2456.927	98.567	364.472	2407.302	117.387	389.108	2547.517	117.387	116.307	2547.517	117.387	-133.854	2547.517	117.387	-234.383	2547.517	0.000	0.000	0.000	98.567	364.472	2407.302	-39.140	348.384	2425.658	67.692	157.027	2263.208	249.505	-14.619	2271.079	322.569	-83.596	2274.242	0.000	0.000	0.000	209.491	-39.067	2428.951	209.491	-441.538	2428.951	209.491	-820.122	2428.951	0.000	0.000	0.000	-7.137	-82.053	2476.656	-7.137	-484.524	2476.656	-7.137	-863.108	2476.656	0.000	0.000	0.000	
02970	2	0.000	0.000	0.000	107.712	559.832	2407.155	97.720	443.603	2387.122	101.844	135.823	2455.325	96.895	-60.354	2446.557	98.781	364.408	2404.671	117.361	389.072	2546.563	117.361	116.975	2546.563	117.361	-132.318	2546.563	117.361	-232.843	2546.563	0.000	0.000	0.000	98.781	364.408	2404.671	-39.809	346.528	2408.162	81.339	157.602	2254.323	248.053	-23.364	2294.386	315.279	-96.337	2310.541	0.000	0.000	0.000	210.234	-38.525	2418.115	210.234	-440.979	2418.115	210.234	-819.548	2418.115	0.000	0.000	0.000	4.089	-74.443	2502.405	4.089	-476.897	2502.405	4.089	-855.466	2502.405	0.000	0.000	0.000	
02971	2	0.000	0.000	0.000	108.959	558.760	2406.707	98.579	442.348	2386.801	101.974	130.486	2425.752	100.581	-65.485	2412.572	99.455	361.861	2396.854	118.475	377.924	2540.618	118.475	106.849	2540.618	118.475	-141.191	2540.618	118.475	-241.708	2540.618	0.000	0.000	0.000	99.455	361.861	2396.854	-38.018	345.314	2398.261	101.168	161.158	2256.149	94.654	408.910	2266.164	92.013	509.310	2270.222	0.000	0.000	0.000	217.912	-29.694	2421.843	217.912	-432.116	2421.843	217.912	-810.653	2421.843	0.000	0.000	0.000	19.026	-68.649	2486.024	19.026	-471.071	2486.024	19.026	-849.609	2486.024	0.000	0.000	0.000	
02972	2	0.000	0.000	0.000	109.597	554.132	2411.162	99.075	440.445	2386.700	101.985	126.469	2423.125	100.746	-69.147	2405.513	99.822	359.876	2396.047	119.067	371.643	2537.742	119.067	100.596	2537.742	119.067	-146.995	2537.742	119.067	-247.508	2537.742	0.000	0.000	0.000	99.822	359.876	2396.047	-38.173	349.154	2414.562	84.483	158.910	2265.466	87.605	404.873	2237.300	88.872	504.726	2225.865	0.000	0.000	0.000	216.729	-30.057	2429.679	216.729	-432.462	2429.679	216.729	-810.984	2429.679	0.000	0.000	0.000	12.640	-64.791	2474.188	220.108	-28.552	2131.299	107.391	-249.615	2417.140	0.000	0.000	0.000	
02973	2	0.000	0.000	0.000	109.860	550.698	2413.486	99.362	439.583	2386.665	101.671	124.129	2422.804	99.925	-71.518	2405.677	99.952	359.002	2395.896	119.110	376.190	2538.972	119.110	104.545	2538.972	119.110	-142.685	2538.972	119.110	-243.194	2538.972	0.000	0.000	0.000	99.952	359.002	2395.896	-38.971	353.071	2418.064	88.818	181.917	2250.232	89.103	423.627	2198.282	89.218	521.892	2177.162	0.000	0.000	0.000	214.714	-30.838	2437.565	214.714	-433.226	2437.565	214.714	-811.732	2437.565	0.000	0.000	0.000	6.659	-65.821	2466.506	191.310	-6.158	2114.001	112.984	-242.209	2399.329	0.000	0.000	0.000	
02974	2	0.000	0.000	0.000	109.584	548.234	2409.761	99.429	438.676	2386.598	102.713	122.807	2435.045	101.038	-73.503	2429.804	100.262	358.514	2398.893	121.698	394.023	2543.678	121.698	123.253	2543.678	121.698	-123.450	2543.678	121.698	-223.951	2543.678	0.000	0.000	0.000	100.262	358.514	2398.893	-36.022	350.384	2418.559	74.221	187.730	2232.261	79.113	433.969	2246.582	81.106	534.280	2252.416	0.000	0.000	0.000	219.251	-29.890	2439.535	219.251	-432.245	2439.535	219.251	-810.720	2439.535	0.000	0.000	0.000	11.961	-69.202	2491.641	159.825	48.131	2136.313	127.100	-236.700	2383.383	0.000	0.000	0.000	
02975	2	0.000	0.000	0.000	109.548	548.060	2408.723	99.459	438.627	2386.592	102.924	123.892	2445.967	101.094	-72.478	2445.596	100.336	358.937	2401.625	119.452	390.725	2542.364	119.452	120.269	2542.364	119.452	-126.244	2542.364	119.452	-226.740	2542.364	0.000	0.000	0.000	100.336	358.937	2401.625	-35.777	351.050	2418.229	90.241	182.521	2248.337	91.114	427.504	2275.750	91.470	527.377	2286.926	0.000	0.000	0.000	218.386	-23.013	2425.337	218.386	-425.350	2425.337	218.386	-803.810	2425.337	0.000	0.000	0.000	10.107	-64.600	2506.360	145.975	54.506	2146.875	128.593	-233.726	2391.521	0.000	0.000	0.000	
02976	2	0.000	0.000	0.000	109.445	557.105	2407.400	99.476	445.794	2388.287	102.834	139.799	2460.758	99.228	-56.075	2474.111	100.342	366.888	2406.975	118.615	405.370	2546.492	118.615	133.900	2546.492	118.615	-112.334	2546.492	118.615	-212.822	2546.492	0.000	0.000	0.000	100.342	366.888	2406.975	-28.305	357.120	2441.558	101.612	192.952	2268.740	90.267	438.541	2255.003	85.637	538.765	2249.398	0.000	0.000	0.000	218.694	-23.104	2467.416	218.694	-425.408	2467.416	218.694	-803.835	2467.416	0.000	0.000	0.000	9.421	-64.212	2533.758	116.286	53.208	2164.108	125.092	-229.958	2415.001	0.000	0.000	0.000	
02977	2	0.000	0.000	0.000	126.223	565.371	2407.139	103.336	453.210	2393.907	100.646	151.844	2461.631	93.699	-44.285	2456.159	102.630	374.107	2411.683	132.204	399.182	2548.805	132.204	129.086	2548.805	132.204	-125.138	2548.805	132.204	-225.608	2548.805	0.000	0.000	0.000	102.630	374.107	2411.683	-35.447	363.308	2413.971	85.177	183.344	2252.681	248.079	-9.518	2282.630	312.459	-85.738	2294.466	0.000	0.000	0.000	203.791	-54.414	2431.090	203.791	-456.650	2431.090	203.791	-835.013	2431.090	0.000	0.000	0.000	3.898	-78.772	2498.029	148.527	79.315	2157.611	148.527	-299.047	2157.611	0.000	0.000	0.000	
02978	2	0.000	0.000	0.000	134.490	564.917	2407.193	106.739	453.451	2396.401	100.239	151.722	2456.309	93.522	-44.234	2446.424	105.026	373.945	2412.187	136.961	393.068	2551.501	136.961	123.168	2551.501	136.961	-132.661	2551.501	136.961	-233.128	2551.501	0.000	0.000	0.000	105.026	373.945	2412.187	-17.567	350.942	2344.869	109.877	143.067	2229.146	264.995	-44.791	2307.226	325.911	-118.564	2337.889	0.000	0.000	0.000	202.702	-44.392	2407.881	202.702	-446.610	2407.881	202.702	-824.957	2407.881	0.000	0.000	0.000	-7.586	-65.255	2481.379	167.261	128.020	2175.026	167.261	-250.326	2175.026	0.000	0.000	0.000	
02979	2	0.000	0.000	0.000	134.490	564.917	2407.193	106.739	453.451	2396.401	100.239	151.722	2456.309	93.522	-44.234	2446.424	105.026	373.945	2412.187	136.961	393.068	2551.501	136.961	123.168	2551.501	136.961	-132.661	2551.501	136.961	-233.128	2551.501	0.000	0.000	0.000	105.026	373.945	2412.187	-17.567	350.942	2344.869	109.877	143.067	2229.146	264.995	-44.791	2307.226	325.911	-118.564	2337.889	0.000	0.000	0.000	202.702	-44.392	2407.881	202.702	-446.610	2407.881	202.702	-824.957	2407.881	0.000	0.000	0.000	-7.586	-65.255	2481.379	167.261	128.020	2175.026	167.261	-250.326	2175.026	0.000	0.000	0.000	
02980	2	0.000	0.000	0.000	142.151	564.520	2407.963	113.426	453.157	2399.397	101.681	151.896	2445.554	102.106	-43.302	2424.760	110.304	373.083	2411.666	130.710	397.838	2558.448	130.710	128.226	2558.448	130.710	-123.943	2558.448	130.710	-224.401	2558.448	0.000	0.000	0.000	110.304	373.083	2411.666	48.938	334.248	2297.625	108.184	80.899	2226.951	136.288	328.391	2266.288	147.483	426.985	2281.958	0.000	0.000	0.000	221.492	-19.852	2428.692	221.492	-422.035	2428.692	221.492	-800.349	2428.692	0.000	0.000	0.000	8.174	-76.088	2467.113	86.933	266.939	2272.481	86.933	-111.375	2272.481	0.000	0.000	0.000	
02981	2	0.000	0.000	0.000	144.848	565.098	2407.614	115.619	452.977	2404.590	101.605	148.179	2450.905	101.761	-46.158	2423.245	111.938	372.915	2416.756	146.951	372.995	2548.933	146.951	103.490	2548.933	146.951	-147.375	2548.933	146.951	-247.829	2548.933	0.000	0.000	0.000	111.938	372.915	2416.756	42.201	336.977	2307.804	111.380	86.323	2236.951	198.242	321.573	2243.696	233.025	415.774	2246.396	0.000	0.000	0.000	219.373	-30.729	2421.036	219.373	-432.895	2421.036	219.373	-811.193	2421.036	0.000	0.000	0.000	-2.260	-61.435	2457.625	-2.260	-463.601	2457.625	-2.260	-841.899	2457.625	0.000	0.000	0.000	
02982	2	0.000	0.000	0.000	146.877	564.620	2406.442	116.665	452.308	2410.344	101.299	143.516	2448.365	101.399	-50.641	2419.533	112.666	371.952	2420.238	137.429	374.965	2559.166	137.429	105.547	2559.166	137.429	-144.273	2559.166	137.429	-244.722	2559.166	0.000	0.000	0.000	112.666	371.952	2420.238	48.989	338.450	2305.379	113.059	84.786	2241.069	160.398	326.646	2281.960	179.432	423.895	2298.402	0.000	0.000	0.000	176.964	-72.942	2477.104	176.964	-475.090	2477.104	176.964	-853.372	2477.104	0.000	0.000	0.000	3.103	-52.546	2392.212	3.103	-454.695	2392.212	3.103	-832.976	2392.212	0.000	0.000	0.000	
02983	2	0.000	0.000	0.000	146.585	557.390	2405.043	117.297	444.909	2418.722	91.324	131.792	2449.063	87.452	-61.937	2417.823	110.628	364.506	2426.513	145.724	365.284	2568.016	145.724	95.998	2568.016	145.724	-152.310	2568.016	145.724	-252.750	2568.016	0.000	0.000	0.000	110.628	364.506	2426.513	54.408	336.326	2301.711	89.665	74.821	2247.977	148.430	313.031	2286.181	172.201	409.386	2301.634	0.000	0.000	0.000	188.047	-36.254	2486.822	188.047	-438.368	2486.822	188.047	-816.616	2486.822	0.000	0.000	0.000	-4.228	-46.098	2361.523	-4.228	-448.212	2361.523	-4.228	-826.460	2361.523	0.000	0.000	0.000	
02984	2	0.000	0.000	0.000	145.797	553.562	2405.471	117.476	440.706	2420.079	82.818	126.762	2448.485	77.884	-63.870	2402.081	108.618	360.468	2427.339	148.983	361.950	2570.137	148.983	92.714	2570.137	148.983	-155.052	2570.137	148.983	-255.488	2570.137	0.000	0.000	0.000	108.618	360.468	2427.339	50.452	329.980	2306.236	58.036	66.255	2252.574	142.249	298.040	2276.498	176.386	391.997	2286.196	0.000	0.000	0.000	124.243	-104.184	2471.621	124.243	-506.280	2471.621	124.243	-884.512	2471.621	0.000	0.000	0.000	21.237	-90.762	2350.427	21.237	-492.858	2350.427	21.237	-871.090	2350.427	0.000	0.000	0.000	
02985	2	0.000	0.000	0.000	145.821	549.559	2405.748	117.652	439.511	2425.788	68.835	129.257	2482.986	58.374	-62.242	2441.389	105.259	360.747	2440.308	169.715	367.137	2571.882	169.715	97.980	2571.882	169.715	-149.002	2571.882	169.715	-249.429	2571.882	0.000	0.000	0.000	105.259	360.747	2440.308	18.646	328.624	2340.970	11.002	64.851	2287.956	113.945	289.356	2287.526	155.804	380.644	2287.351	0.000	0.000	0.000	143.641	-31.294	2535.088	143.641	-433.355	2535.088	143.641	-811.554	2535.088	0.000	0.000	0.000	-51.296	-23.249	2427.207	-51.296	-425.309	2427.207	-51.296	-803.508	2427.207	0.000	0.000	0.000	
02986	2	0.000	0.000	0.000	145.961	547.967	2405.873	117.732	440.573	2430.917	65.989	135.465	2512.287	52.399	-57.018	2476.595	104.627	363.300	2451.526	183.005	368.648	2570.287	183.005	99.523	2570.287	183.005	-147.177	2570.287	183.005	-247.600	2570.287	0.000	0.000	0.000	104.627	363.300	2451.526	7.874	334.266	2356.838	2.254	68.793	2313.012	94.849	297.295	2304.417	132.541	390.310	2300.919	0.000	0.000	0.000	147.584	-56.918	2536.970	147.584	-458.961	2536.970	147.584	-837.143	2536.970	0.000	0.000	0.000	-43.365	-49.884	2448.210	-43.365	-451.927	2448.210	-43.365	-830.109	2448.210	0.000	0.000	0.000	
02987	2	0.000	0.000	0.000	146.235	546.451	2406.140	117.839	441.205	2435.095	61.890	142.896	2538.302	44.538	-50.593	2510.631	103.696	365.798	2461.184	168.162	373.081	2580.847	168.162	103.983	2580.847	168.162	-142.489	2580.847	168.162	-242.907	2580.847	0.000	0.000	0.000	103.696	365.798	2461.184	8.384	335.322	2362.810	-5.941	70.388	2317.882	65.161	305.077	2293.095	94.129	400.694	2282.997	0.000	0.000	0.000	141.514	-69.881	2545.477	141.514	-471.906	2545.477	141.514	-850.072	2545.477	0.000	0.000	0.000	-42.784	-63.079	2474.097	-42.784	-465.104	2474.097	-42.784	-843.270	2474.097	0.000	0.000	0.000	
02988	2	0.000	0.000	0.000	147.012	544.232	2410.676	117.924	442.092	2445.515	61.007	147.765	2561.474	37.419	-43.380	2546.968	103.576	367.894	2474.748	204.107	375.137	2575.766	204.107	106.086	2575.766	204.107	-140.052	2575.766	204.107	-240.461	2575.766	0.000	0.000	0.000	103.576	367.894	2474.748	2.939	332.254	2385.600	-29.572	65.851	2366.604	-127.584	-156.659	2404.905	-167.567	-247.429	2420.529	0.000	0.000	0.000	125.794	-97.266	2581.827	125.794	-499.256	2581.827	125.794	-877.388	2581.827	0.000	0.000	0.000	-65.569	-73.562	2530.244	-65.569	-475.552	2530.244	-65.569	-853.684	2530.244	0.000	0.000	0.000	
02989	2	0.000	0.000	0.000	147.105	541.898	2407.721	118.010	442.555	2451.039	62.843	153.447	2569.889	37.122	-35.641	2557.975	103.928	368.754	2481.378	211.411	369.385	2575.801	211.411	100.354	2575.801	211.411	-145.662	2575.801	211.411	-246.067	2575.801	0.000	0.000	0.000	103.928	368.754	2481.378	-5.532	334.285	2399.480	-37.769	67.678	2383.399	-151.995	-148.540	2410.345	-198.613	-236.784	2421.342	0.000	0.000	0.000	138.493	-85.544	2571.226	138.493	-487.516	2571.226	138.493	-865.631	2571.226	0.000	0.000	0.000	-72.343	-58.573	2538.017	-72.343	-460.545	2538.017	-72.343	-838.661	2538.017	0.000	0.000	0.000	
02990	2	0.000	0.000	0.000	146.796	539.158	2395.707	118.074	444.172	2453.370	63.280	156.030	2568.046	33.891	-29.165	2568.196	103.978	370.044	2482.872	227.374	377.367	2565.099	227.374	108.371	2565.099	227.374	-137.463	2565.099	227.374	-237.858	2565.099	0.000	0.000	0.000	103.978	370.044	2482.872	-11.854	347.321	2402.071	-52.016	81.427	2395.318	-168.242	-131.269	2436.380	-215.708	-218.132	2453.150	0.000	0.000	0.000	128.912	-94.726	2580.208	128.912	-496.662	2580.208	128.912	-874.744	2580.208	0.000	0.000	0.000	-75.589	-67.325	2575.936	-26.521	-463.448	2623.171	-26.521	-841.530	2623.171	0.000	0.000	0.000	
02991	2	0.000	0.000	0.000	147.058	539.868	2391.830	118.104	445.601	2453.346	63.181	160.236	2573.137	33.190	-24.146	2577.874	103.948	372.049	2484.222	232.258	373.332	2554.728	232.258	104.353	2554.728	232.258	-141.413	2554.728	232.258	-241.805	2554.728	0.000	0.000	0.000	103.948	372.049	2484.222	-16.021	350.746	2414.036	-66.714	86.601	2416.738	-168.307	-135.055	2447.536	-209.807	-225.598	2460.117	0.000	0.000	0.000	124.327	-100.014	2580.183	124.327	-501.932	2580.183	124.327	-879.997	2580.183	0.000	0.000	0.000	-76.832	-63.864	2596.448	-48.251	-464.513	2610.670	-48.251	-842.578	2610.670	0.000	0.000	0.000	
02992	2	0.000	0.000	0.000	147.489	541.505	2390.189	118.114	447.033	2453.243	63.075	165.786	2580.672	33.352	-18.619	2593.788	103.897	374.387	2486.158	237.474	370.165	2544.741	237.474	101.201	2544.741	237.474	-144.509	2544.741	237.474	-244.896	2544.741	0.000	0.000	0.000	103.897	374.387	2486.158	-22.121	358.891	2420.191	-85.779	97.864	2432.600	-162.055	-134.043	2460.422	-193.219	-228.791	2471.789	0.000	0.000	0.000	126.434	-91.274	2602.270	126.434	-493.175	2602.270	126.434	-871.223	2602.270	0.000	0.000	0.000	-75.009	-64.992	2610.158	-126.799	-456.721	2536.740	-126.799	-834.769	2536.740	0.000	0.000	0.000	
02993	2	0.000	0.000	0.000	144.219	544.114	2385.048	118.124	450.616	2453.021	64.207	174.344	2592.139	35.619	-9.862	2618.631	104.214	379.342	2488.912	246.010	369.951	2529.668	291.976	136.963	2655.882	355.309	-61.676	2785.734	367.975	-101.404	2811.705	0.000	0.000	0.000	104.214	379.342	2488.912	-30.646	370.939	2437.036	-83.998	107.698	2423.485	-153.236	-117.278	2493.643	-181.531	-209.219	2522.314	0.000	0.000	0.000	118.724	-97.814	2653.705	118.724	-499.679	2653.705	118.724	-877.693	2653.705	0.000	0.000	0.000	-71.867	-76.447	2627.553	-74.070	-477.208	2597.872	-74.070	-855.222	2597.872	0.000	0.000	0.000	
02994	2	0.000	0.000	0.000	136.495	544.456	2380.181	118.062	452.368	2452.888	65.002	178.182	2598.152	37.600	-6.988	2627.580	104.409	381.816	2490.267	245.649	372.826	2532.843	301.630	131.719	2637.972	369.240	-59.972	2775.802	382.762	-98.310	2803.368	0.000	0.000	0.000	104.409	381.816	2490.267	-30.549	371.365	2434.145	-92.881	109.772	2435.692	-163.690	-113.318	2510.060	-192.631	-204.496	2540.454	0.000	0.000	0.000	123.271	-101.248	2649.085	123.271	-503.095	2649.085	123.271	-881.092	2649.085	0.000	0.000	0.000	-68.459	-82.833	2641.110	-134.594	-472.321	2567.587	-134.594	-850.318	2567.587	0.000	0.000	0.000	
02995	2	0.000	0.000	0.000	109.732	542.557	2369.332	111.063	456.156	2452.578	65.354	183.341	2607.499	40.915	-6.362	2639.720	99.386	386.460	2492.156	241.355	377.829	2532.363	305.317	126.483	2603.371	377.969	-81.551	2711.688	392.500	-123.158	2733.351	0.000	0.000	0.000	99.386	386.460	2492.156	-36.394	370.023	2434.840	-93.278	107.499	2447.225	-180.499	-110.831	2518.033	-216.151	-200.076	2546.978	0.000	0.000	0.000	126.691	-96.426	2688.754	126.691	-502.101	2688.754	126.691	-880.074	2688.754	0.000	0.000	0.000	-68.772	-82.372	2665.252	-34.220	-485.456	2695.279	-34.220	-863.429	2695.279	0.000	0.000	0.000	
02996	2	0.000	0.000	0.000	101.060	537.698	2364.663	105.905	456.525	2452.387	68.317	181.614	2607.681	45.817	-10.808	2642.375	96.331	386.499	2491.944	240.242	378.816	2528.356	306.246	122.278	2574.572	385.278	-87.593	2674.514	401.084	-129.568	2694.502	0.000	0.000	0.000	96.331	386.499	2491.944	-39.625	365.033	2434.877	-99.891	104.038	2458.414	-183.615	-115.659	2529.153	-217.839	-205.468	2558.070	0.000	0.000	0.000	135.640	-94.296	2689.544	135.640	-504.291	2689.544	135.640	-882.255	2689.544	0.000	0.000	0.000	-64.951	-83.063	2660.567	-41.972	-492.248	2672.202	-41.972	-870.213	2672.202	0.000	0.000	0.000	
