03086	2	0.000	0.000	0.000	108.097	475.924	2312.149	91.028	386.602	2365.203	69.875	137.294	2540.830	54.420	-34.472	2519.589	86.033	327.738	2406.670	203.865	354.134	2489.773	221.601	122.316	2547.760	221.601	-96.433	2547.760	221.601	-185.872	2547.760	0.000	0.000	0.000	86.033	327.738	2406.670	-32.610	272.722	2332.811	-54.335	35.818	2304.157	-54.335	-182.932	2304.157	-54.335	-272.370	2304.157	0.000	0.000	0.000	136.236	-86.647	2544.338	136.236	-444.715	2544.338	136.236	-781.533	2544.338	0.000	0.000	0.000	-30.158	-64.182	2475.209	7.613	-388.622	2328.496	90.918	-488.132	2639.307	0.000	0.000	0.000	
03087	2	0.000	0.000	0.000	116.073	487.218	2297.942	99.525	403.185	2359.171	86.321	171.986	2552.925	67.486	-1.206	2519.324	96.369	347.919	2405.487	209.045	368.678	2482.612	262.411	145.395	2551.267	262.411	-73.354	2551.267	262.411	-162.793	2551.267	0.000	0.000	0.000	96.369	347.919	2405.487	-23.422	292.128	2327.971	-51.879	56.172	2297.450	-51.879	-162.577	2297.450	-51.879	-252.016	2297.450	0.000	0.000	0.000	142.144	-55.889	2542.349	142.144	-413.957	2542.349	142.144	-750.773	2542.349	0.000	0.000	0.000	-2.846	-46.666	2482.889	-4.524	-373.970	2337.693	-4.524	-710.786	2337.693	0.000	0.000	0.000	
03088	2	0.000	0.000	0.000	135.813	500.132	2275.758	119.503	426.904	2349.621	109.943	189.885	2536.632	96.146	11.433	2524.556	117.219	370.270	2394.306	241.951	408.411	2458.083	307.369	207.920	2571.833	307.369	-10.827	2571.833	307.369	-100.264	2571.833	0.000	0.000	0.000	117.219	370.270	2394.306	8.734	307.488	2325.758	7.082	71.178	2286.129	7.082	-147.569	2286.129	7.082	-237.006	2286.129	0.000	0.000	0.000	176.916	-51.790	2545.544	176.916	-409.854	2545.544	176.916	-746.667	2545.544	0.000	0.000	0.000	12.134	-37.021	2485.486	29.464	-368.751	2351.827	29.464	-705.564	2351.827	0.000	0.000	0.000	
03089	2	0.000	0.000	0.000	142.105	499.859	2270.506	127.045	429.291	2347.169	118.115	184.873	2519.483	109.889	4.492	2529.145	124.890	370.328	2388.738	238.776	379.513	2456.056	310.775	173.384	2554.755	310.775	-45.361	2554.755	310.775	-134.797	2554.755	0.000	0.000	0.000	124.890	370.328	2388.738	18.548	308.482	2325.912	-3.100	74.046	2281.358	-3.100	-144.699	2281.358	-3.100	-234.136	2281.358	0.000	0.000	0.000	196.862	-76.997	2550.634	196.862	-435.057	2550.634	196.862	-771.867	2550.634	0.000	0.000	0.000	27.420	-73.439	2486.440	66.803	-398.667	2341.932	66.803	-735.477	2341.932	0.000	0.000	0.000	
03090	2	0.000	0.000	0.000	148.617	496.189	2270.462	134.829	424.124	2345.962	127.310	183.429	2519.595	122.143	2.218	2536.260	133.001	365.610	2388.173	253.222	386.780	2450.946	315.996	172.189	2537.099	315.996	-46.553	2537.099	315.996	-135.988	2537.099	0.000	0.000	0.000	133.001	365.610	2388.173	25.816	303.557	2342.370	-6.199	70.653	2296.077	-6.199	-148.089	2296.077	-6.199	-237.524	2296.077	0.000	0.000	0.000	214.326	-81.944	2573.646	214.326	-439.999	2573.646	214.326	-776.804	2573.646	0.000	0.000	0.000	32.285	-77.734	2492.171	102.334	-417.034	2401.773	102.334	-753.839	2401.773	0.000	0.000	0.000	
03091	2	0.000	0.000	0.000	162.293	492.759	2274.428	149.587	415.588	2344.906	152.463	191.671	2534.751	150.959	10.924	2554.629	150.294	360.538	2391.579	277.852	412.515	2443.303	334.961	191.023	2527.922	334.961	-27.724	2527.922	334.961	-117.161	2527.922	0.000	0.000	0.000	150.294	360.538	2391.579	33.106	306.241	2369.781	-6.489	65.987	2355.964	-35.638	-150.792	2353.266	-47.556	-239.425	2352.163	0.000	0.000	0.000	247.225	-73.593	2593.305	247.225	-431.657	2593.305	247.225	-768.470	2593.305	0.000	0.000	0.000	55.764	-66.039	2519.177	114.336	-415.378	2571.535	114.336	-752.191	2571.535	0.000	0.000	0.000	
03092	2	0.000	0.000	0.000	172.933	498.646	2271.207	158.238	424.373	2344.383	168.195	208.175	2541.053	165.855	28.651	2559.185	160.696	371.007	2392.928	273.201	376.827	2445.135	360.557	169.694	2537.572	360.557	-49.082	2537.572	360.557	-138.532	2537.572	0.000	0.000	0.000	160.696	371.007	2392.928	38.344	318.989	2356.531	-7.329	80.258	2357.763	-27.071	-137.464	2366.129	-35.142	-226.483	2369.550	0.000	0.000	0.000	256.437	-77.775	2595.944	256.437	-435.886	2595.944	256.437	-772.744	2595.944	0.000	0.000	0.000	73.371	-71.442	2528.188	111.801	-419.010	2450.964	111.801	-755.868	2450.964	0.000	0.000	0.000	
03093	2	0.000	0.000	0.000	189.056	498.070	2268.506	172.969	426.438	2344.281	188.833	211.350	2540.126	187.229	33.583	2558.940	176.908	373.035	2392.906	297.604	379.503	2428.111	384.455	171.358	2512.835	384.455	-48.910	2512.835	384.455	-138.540	2512.835	0.000	0.000	0.000	176.908	373.035	2392.906	59.094	321.194	2317.439	-1.354	91.897	2360.035	-18.469	-127.679	2363.451	-25.434	-217.027	2364.840	0.000	0.000	0.000	279.076	-76.830	2595.532	337.874	-430.704	2586.720	337.874	-768.242	2586.720	0.000	0.000	0.000	94.552	-75.150	2532.404	126.544	-429.408	2579.728	126.544	-766.946	2579.728	0.000	0.000	0.000	
03094	2	0.000	0.000	0.000	199.112	494.673	2265.554	181.125	426.394	2344.359	199.892	210.498	2539.390	197.725	33.000	2558.575	185.794	372.678	2392.884	314.357	411.178	2427.083	396.777	193.499	2497.934	396.777	-27.188	2497.934	396.777	-117.075	2497.934	0.000	0.000	0.000	185.794	372.678	2392.884	66.310	321.353	2319.670	0.656	90.878	2361.712	-11.800	-129.136	2373.624	-14.291	-173.138	2376.006	0.000	0.000	0.000	288.536	-79.279	2593.440	351.106	-432.908	2564.496	351.106	-771.414	2564.496	0.000	0.000	0.000	105.557	-77.290	2533.141	109.247	-435.202	2492.017	109.247	-773.709	2492.017	0.000	0.000	0.000	
03095	2	0.000	0.000	0.000	209.909	491.711	2262.386	192.732	426.377	2344.396	210.747	202.513	2531.428	207.685	25.474	2555.514	197.222	370.585	2391.008	326.275	376.348	2415.133	417.709	168.277	2501.812	417.709	-53.156	2501.812	417.709	-143.417	2501.812	0.000	0.000	0.000	197.222	370.585	2391.008	78.748	316.108	2330.662	3.511	87.949	2368.735	10.036	-133.217	2377.442	11.341	-177.450	2379.183	0.000	0.000	0.000	290.641	-108.379	2590.606	352.326	-462.555	2550.859	352.326	-802.469	2550.859	0.000	0.000	0.000	116.894	-100.006	2536.829	94.755	-448.770	2443.558	94.755	-788.683	2443.558	0.000	0.000	0.000	
03096	2	0.000	0.000	0.000	231.557	482.073	2255.543	217.875	418.435	2341.153	225.737	174.457	2506.996	219.773	-4.523	2543.875	219.839	357.482	2382.585	357.755	342.024	2380.970	440.903	141.596	2482.355	440.903	-82.670	2482.355	440.903	-174.031	2482.355	0.000	0.000	0.000	219.839	357.482	2382.585	91.217	314.319	2351.553	23.050	86.606	2380.948	28.423	-137.381	2390.755	29.497	-182.178	2392.716	0.000	0.000	0.000	306.312	-145.980	2592.384	357.865	-509.380	2534.533	357.865	-853.436	2534.533	0.000	0.000	0.000	116.422	-130.483	2540.019	134.839	-497.753	2593.291	134.839	-841.809	2593.291	0.000	0.000	0.000	
03097	2	0.000	0.000	0.000	241.148	480.811	2251.903	230.287	413.841	2336.475	235.382	165.296	2499.458	228.566	-15.808	2539.919	231.561	351.694	2377.228	372.802	339.746	2380.027	457.983	130.090	2467.328	457.983	-98.392	2467.328	457.983	-190.497	2467.328	0.000	0.000	0.000	231.561	351.694	2377.228	101.175	309.983	2352.008	29.518	81.944	2393.191	31.483	-146.489	2397.514	31.875	-192.175	2398.379	0.000	0.000	0.000	317.345	-160.103	2592.763	362.015	-537.565	2572.761	362.015	-884.426	2572.761	0.000	0.000	0.000	121.365	-145.577	2548.514	144.274	-520.026	2612.825	144.274	-866.887	2612.825	0.000	0.000	0.000	
03098	2	0.000	0.000	0.000	258.025	480.856	2240.343	253.882	401.479	2319.414	259.898	152.305	2491.323	253.103	-31.499	2536.831	255.388	339.097	2362.452	402.713	335.294	2371.262	486.642	114.798	2456.257	486.642	-117.625	2456.257	486.642	-211.557	2456.257	0.000	0.000	0.000	255.388	339.097	2362.452	119.998	299.905	2350.674	51.317	69.705	2422.628	32.989	-161.518	2437.477	29.323	-207.763	2440.446	0.000	0.000	0.000	346.539	-166.279	2592.507	380.858	-544.208	2536.056	380.858	-897.948	2536.056	0.000	0.000	0.000	142.478	-151.783	2567.072	104.797	-528.165	2502.955	104.797	-881.905	2502.955	0.000	0.000	0.000	
03099	2	0.000	0.000	0.000	268.365	484.042	2238.296	265.530	395.828	2309.406	272.735	148.935	2490.087	266.491	-35.649	2537.076	267.335	333.990	2354.660	418.873	329.254	2353.205	506.224	109.904	2445.632	506.224	-128.382	2445.632	506.224	-223.363	2445.632	0.000	0.000	0.000	267.335	333.990	2354.660	129.257	297.653	2350.092	63.245	64.897	2425.956	34.959	-170.211	2452.489	29.302	-217.233	2457.796	0.000	0.000	0.000	363.204	-157.443	2591.869	395.807	-538.951	2540.428	395.807	-896.641	2540.428	0.000	0.000	0.000	157.528	-152.490	2569.786	155.379	-538.800	2565.553	155.379	-896.490	2565.553	0.000	0.000	0.000	
03100	2	0.000	0.000	0.000	294.170	491.051	2231.681	289.802	390.615	2288.917	296.097	136.746	2483.209	291.941	-48.533	2529.832	291.347	328.289	2336.617	444.075	318.065	2331.756	540.754	97.799	2434.779	540.754	-146.791	2434.779	540.754	-244.066	2434.779	0.000	0.000	0.000	291.347	328.289	2336.617	156.379	293.964	2350.202	84.249	60.093	2442.828	40.414	-179.940	2459.762	31.647	-227.946	2463.149	0.000	0.000	0.000	390.719	-145.909	2586.060	397.199	-535.045	2529.118	397.199	-901.373	2529.118	0.000	0.000	0.000	187.531	-153.958	2566.492	195.273	-547.197	2570.278	195.273	-913.526	2570.278	0.000	0.000	0.000	
03101	2	0.000	0.000	0.000	315.549	492.930	2228.937	305.260	389.867	2283.150	317.011	133.614	2481.201	315.400	-51.558	2527.348	308.141	327.046	2331.703	460.366	318.437	2328.826	543.962	81.758	2414.211	543.962	-166.607	2414.211	543.962	-265.058	2414.211	0.000	0.000	0.000	308.141	327.046	2331.703	172.462	293.641	2349.118	111.495	54.033	2444.862	52.464	-185.595	2472.760	40.657	-233.521	2478.339	0.000	0.000	0.000	410.163	-160.376	2579.051	413.821	-554.497	2529.315	413.821	-925.256	2529.315	0.000	0.000	0.000	212.317	-153.427	2566.494	195.665	-549.783	2587.553	195.665	-920.542	2587.553	0.000	0.000	0.000	
03102	2	0.000	0.000	0.000	330.060	494.219	2226.907	321.842	389.494	2280.174	341.180	130.353	2479.637	341.056	-54.717	2526.657	326.578	326.029	2329.024	479.589	318.786	2322.431	564.594	83.041	2422.259	564.594	-168.367	2422.259	564.594	-267.784	2422.259	0.000	0.000	0.000	326.578	326.029	2329.024	185.146	298.260	2348.439	114.137	56.420	2444.554	64.020	-187.140	2481.609	53.997	-235.852	2489.020	0.000	0.000	0.000	429.577	-177.500	2580.444	441.553	-575.397	2536.389	441.553	-949.793	2536.389	0.000	0.000	0.000	236.037	-155.680	2567.476	206.512	-553.265	2605.701	206.512	-927.660	2605.701	0.000	0.000	0.000	
03103	2	0.000	0.000	0.000	360.815	492.087	2211.442	367.205	389.791	2276.502	384.699	118.311	2478.187	382.678	-68.633	2526.024	371.431	324.209	2325.224	527.879	312.031	2311.177	605.587	49.024	2386.710	619.587	-207.323	2428.123	625.044	-307.254	2444.267	0.000	0.000	0.000	371.431	324.209	2325.224	226.760	298.810	2347.657	145.678	48.749	2456.341	109.796	-208.634	2465.893	102.620	-260.110	2467.803	0.000	0.000	0.000	480.031	-180.391	2588.325	453.279	-583.071	2534.610	453.279	-964.835	2534.610	0.000	0.000	0.000	275.861	-172.796	2576.730	219.905	-576.040	2572.895	219.905	-957.804	2572.895	0.000	0.000	0.000	
03104	2	0.000	0.000	0.000	371.788	489.603	2202.813	380.419	390.072	2275.731	390.821	116.863	2480.337	386.971	-71.470	2527.288	382.921	324.344	2324.955	541.802	310.728	2309.533	611.243	34.797	2351.580	627.556	-220.308	2415.521	630.818	-271.329	2428.310	0.000	0.000	0.000	382.921	324.344	2324.955	237.888	300.980	2348.051	157.262	49.461	2461.917	107.389	-208.439	2482.733	97.415	-260.019	2486.896	0.000	0.000	0.000	485.929	-179.360	2587.621	460.073	-583.936	2536.662	460.073	-967.318	2536.662	0.000	0.000	0.000	278.405	-166.944	2582.896	232.770	-572.938	2588.644	232.770	-956.320	2588.644	0.000	0.000	0.000	
03105	2	0.000	0.000	0.000	399.821	479.655	2190.569	408.844	390.745	2274.876	408.056	115.398	2481.542	402.065	-76.927	2529.260	408.655	324.463	2324.625	571.801	306.258	2298.584	614.176	27.734	2322.642	627.886	-225.699	2386.632	630.629	-276.386	2399.429	0.000	0.000	0.000	408.655	324.463	2324.625	259.812	311.821	2351.136	191.228	69.767	2480.195	145.154	-187.232	2498.615	135.940	-238.632	2502.299	0.000	0.000	0.000	509.734	-175.364	2581.746	493.420	-586.099	2544.136	493.420	-972.842	2544.136	0.000	0.000	0.000	305.579	-188.284	2597.598	255.753	-597.961	2589.475	255.753	-984.704	2589.475	0.000	0.000	0.000	
03106	2	0.000	0.000	0.000	405.552	475.656	2186.625	417.042	390.756	2274.472	415.826	114.316	2481.611	411.957	-79.042	2529.511	416.750	324.301	2324.267	577.866	301.290	2293.694	625.122	24.984	2322.398	629.392	-229.994	2373.770	630.245	-280.989	2384.044	0.000	0.000	0.000	416.750	324.301	2324.267	264.326	321.099	2352.340	206.993	75.695	2478.404	150.575	-176.441	2508.656	139.292	-226.869	2514.707	0.000	0.000	0.000	520.576	-178.696	2583.313	491.992	-589.546	2548.946	491.992	-977.067	2548.946	0.000	0.000	0.000	310.398	-176.059	2604.131	259.225	-586.151	2602.623	259.225	-973.672	2602.623	0.000	0.000	0.000	
03107	2	0.000	0.000	0.000	411.086	474.417	2183.069	423.494	390.767	2274.139	422.741	114.127	2484.201	421.802	-80.050	2530.479	423.314	324.519	2324.443	582.184	295.299	2289.758	637.727	21.462	2319.907	631.586	-232.430	2370.071	630.358	-283.209	2380.104	0.000	0.000	0.000	423.314	324.519	2324.443	276.709	313.447	2357.903	203.981	72.671	2483.274	157.137	-179.045	2521.490	147.769	-229.388	2529.133	0.000	0.000	0.000	531.704	-182.167	2584.182	491.215	-593.503	2566.168	491.215	-981.684	2566.168	0.000	0.000	0.000	324.236	-186.119	2605.570	255.489	-593.419	2628.844	255.489	-981.600	2628.844	0.000	0.000	0.000	
03108	2	0.000	0.000	0.000	414.798	472.309	2184.323	428.849	388.253	2274.192	428.523	112.282	2487.925	428.001	-82.524	2532.344	428.772	322.398	2325.195	584.998	285.958	2279.617	634.663	11.958	2312.803	636.357	-241.130	2362.172	636.696	-291.748	2372.045	0.000	0.000	0.000	428.772	322.398	2325.195	281.368	316.809	2363.751	220.339	72.556	2487.283	172.558	-179.294	2515.251	163.001	-229.664	2520.844	0.000	0.000	0.000	538.915	-181.691	2585.097	491.127	-592.993	2584.345	491.127	-981.702	2584.345	0.000	0.000	0.000	321.966	-170.226	2605.803	267.370	-579.356	2638.744	267.370	-968.065	2638.744	0.000	0.000	0.000	
03109	2	0.000	0.000	0.000	415.618	474.184	2189.579	433.178	387.671	2272.961	432.583	117.469	2496.578	432.398	-77.361	2541.055	433.036	323.430	2326.126	588.721	283.831	2279.220	619.055	5.801	2266.809	652.439	-235.474	2348.967	659.116	-283.729	2365.398	0.000	0.000	0.000	433.036	323.430	2326.126	292.365	345.827	2388.876	245.904	90.008	2492.670	195.597	-159.790	2526.547	185.536	-209.750	2533.323	0.000	0.000	0.000	547.174	-178.486	2585.240	494.515	-588.600	2612.086	494.515	-977.732	2612.086	0.000	0.000	0.000	324.813	-171.903	2610.138	289.963	-582.243	2655.894	289.963	-971.375	2655.894	0.000	0.000	0.000	
03110	2	0.000	0.000	0.000	408.753	484.070	2206.925	442.045	386.216	2271.159	445.016	121.194	2500.735	445.903	-73.851	2550.254	442.753	323.093	2325.840	597.049	281.385	2268.180	649.613	9.776	2306.316	649.230	-249.651	2333.743	649.153	-301.536	2339.229	0.000	0.000	0.000	442.753	323.093	2325.840	305.834	334.818	2388.757	246.631	81.901	2491.310	229.512	-175.003	2533.282	226.089	-226.384	2541.677	0.000	0.000	0.000	561.851	-180.306	2587.364	561.851	-595.064	2587.364	561.851	-984.805	2587.364	0.000	0.000	0.000	343.575	-180.899	2621.025	330.421	-595.079	2638.512	330.421	-984.820	2638.512	0.000	0.000	0.000	
03111	2	0.000	0.000	0.000	404.570	483.015	2212.198	445.557	384.330	2270.626	450.452	120.608	2500.348	450.198	-74.418	2553.099	446.726	321.326	2325.508	601.508	280.832	2268.149	633.210	-0.208	2267.494	650.323	-250.130	2325.803	653.746	-300.114	2337.465	0.000	0.000	0.000	446.726	321.326	2325.508	317.389	314.999	2388.120	253.138	62.704	2498.612	227.012	-178.494	2584.020	221.787	-226.734	2601.101	0.000	0.000	0.000	565.633	-181.901	2588.427	565.633	-596.804	2588.427	565.633	-986.760	2588.427	0.000	0.000	0.000	349.097	-178.697	2629.359	318.010	-590.810	2665.972	318.010	-980.767	2665.972	0.000	0.000	0.000	
03112	2	0.000	0.000	0.000	400.653	470.772	2199.364	447.884	380.225	2265.966	452.187	118.871	2491.806	451.750	-76.880	2540.053	448.925	316.952	2320.641	602.969	278.021	2251.590	647.599	-6.743	2264.406	644.596	-250.777	2347.747	643.995	-299.584	2364.415	0.000	0.000	0.000	448.925	316.952	2320.641	322.431	309.914	2384.379	259.016	57.819	2509.571	226.337	-194.345	2552.619	219.801	-244.778	2561.229	0.000	0.000	0.000	569.822	-168.764	2574.353	569.822	-583.875	2574.353	569.822	-974.143	2574.353	0.000	0.000	0.000	351.925	-175.203	2612.687	310.547	-571.426	2729.356	310.547	-961.694	2729.356	0.000	0.000	0.000	
03113	2	0.000	0.000	0.000	396.214	462.326	2194.641	448.432	376.729	2264.091	453.437	120.649	2492.182	455.119	-74.562	2539.538	449.653	314.268	2319.725	602.904	276.992	2239.353	633.937	-8.689	2264.852	649.469	-255.868	2342.203	652.575	-305.303	2357.673	0.000	0.000	0.000	449.653	314.268	2319.725	331.654	310.247	2392.013	264.216	60.617	2519.934	246.087	-198.062	2528.791	242.461	-249.798	2530.563	0.000	0.000	0.000	573.243	-162.504	2580.219	573.243	-577.688	2580.219	573.243	-968.067	2580.219	0.000	0.000	0.000	357.127	-170.444	2615.549	315.093	-561.076	2749.780	315.093	-951.454	2749.780	0.000	0.000	0.000	
03114	2	0.000	0.000	0.000	376.604	447.244	2201.574	448.594	371.510	2262.415	455.985	124.143	2494.553	464.067	-71.524	2541.570	450.417	310.499	2319.669	590.828	268.213	2216.406	610.873	-21.156	2246.718	660.844	-268.369	2317.592	670.838	-317.811	2331.767	0.000	0.000	0.000	450.417	310.499	2319.669	333.680	311.668	2389.818	269.121	85.050	2561.665	241.929	-173.285	2527.633	236.490	-224.952	2520.826	0.000	0.000	0.000	578.718	-182.909	2579.386	578.718	-598.199	2579.386	578.718	-988.737	2579.386	0.000	0.000	0.000	374.875	-180.052	2626.772	308.445	-580.334	2715.243	308.445	-970.872	2715.243	0.000	0.000	0.000	
03115	2	0.000	0.000	0.000	366.356	439.991	2203.003	448.566	370.025	2261.631	457.254	125.902	2496.154	466.946	-69.949	2543.175	450.713	309.685	2319.598	588.323	262.685	2210.739	585.124	-25.345	2233.174	667.214	-270.228	2290.366	683.632	-319.205	2301.804	0.000	0.000	0.000	450.713	309.685	2319.598	340.250	314.290	2398.763	282.872	92.050	2574.241	228.267	-157.737	2506.400	217.346	-207.694	2492.831	0.000	0.000	0.000	589.247	-163.977	2575.074	589.247	-579.304	2575.074	589.247	-969.898	2575.074	0.000	0.000	0.000	375.683	-175.196	2625.510	303.823	-570.098	2732.216	303.823	-960.692	2732.216	0.000	0.000	0.000	
03116	2	0.000	0.000	0.000	359.704	434.678	2203.974	446.574	369.326	2260.896	458.316	125.090	2494.173	468.108	-69.956	2542.998	449.482	308.828	2318.679	591.507	266.133	2210.320	601.988	-20.060	2224.659	650.232	-260.454	2318.102	659.880	-308.533	2336.791	0.000	0.000	0.000	449.482	308.828	2318.679	340.374	313.984	2401.862	286.915	104.613	2590.351	232.000	-138.821	2509.280	221.017	-187.508	2493.065	0.000	0.000	0.000	592.233	-151.884	2564.654	592.233	-567.241	2564.654	592.233	-957.880	2564.654	0.000	0.000	0.000	374.685	-166.379	2623.225	299.706	-555.176	2748.670	299.706	-945.815	2748.670	0.000	0.000	0.000	
03117	2	0.000	0.000	0.000	346.207	430.731	2194.497	432.672	368.882	2255.386	458.354	124.690	2485.136	470.547	-68.450	2537.499	439.066	308.084	2312.589	589.283	276.146	2209.906	565.915	-6.200	2222.830	632.959	-256.858	2271.765	646.368	-306.989	2281.552	0.000	0.000	0.000	439.066	308.084	2312.589	340.735	312.749	2408.983	335.340	103.102	2599.905	262.693	-150.116	2581.955	248.163	-200.759	2578.365	0.000	0.000	0.000	584.064	-113.056	2497.521	584.064	-528.452	2497.521	584.064	-919.152	2497.521	0.000	0.000	0.000	369.781	-124.061	2608.486	311.163	-531.057	2549.557	311.163	-921.756	2549.557	0.000	0.000	0.000	
03118	2	0.000	0.000	0.000	335.029	436.920	2192.069	420.224	368.817	2247.705	456.872	123.982	2471.377	471.982	-69.234	2524.454	429.421	307.376	2303.835	584.259	280.391	2217.845	556.120	-0.570	2226.125	607.106	-253.984	2291.319	617.303	-304.667	2304.358	0.000	0.000	0.000	429.421	307.376	2303.835	339.006	311.594	2408.165	348.121	123.238	2618.495	280.876	-131.211	2660.942	267.427	-182.101	2669.431	0.000	0.000	0.000	579.695	-89.976	2470.548	579.695	-505.382	2470.548	579.695	-896.101	2470.548	0.000	0.000	0.000	378.067	-104.533	2601.269	337.184	-502.259	2713.987	337.184	-892.977	2713.987	0.000	0.000	0.000	
03119	2	0.000	0.000	0.000	313.274	452.903	2204.608	396.795	368.756	2238.114	452.488	127.818	2455.217	471.549	-64.271	2513.352	410.966	307.451	2293.355	564.251	277.795	2232.550	569.241	-2.160	2210.462	576.652	-247.569	2301.849	578.134	-296.651	2320.126	0.000	0.000	0.000	410.966	307.451	2293.355	332.965	310.729	2408.128	305.085	54.716	2520.236	259.087	251.670	2353.728	249.887	291.061	2320.426	0.000	0.000	0.000	571.061	-91.847	2451.885	571.061	-507.255	2451.885	571.061	-897.988	2451.885	0.000	0.000	0.000	398.831	-105.716	2608.814	314.685	-508.751	2664.006	314.685	-899.484	2664.006	0.000	0.000	0.000	
03120	2	0.000	0.000	0.000	303.160	458.230	2220.453	384.847	368.743	2237.090	447.111	127.145	2448.561	466.872	-66.832	2500.668	400.787	306.893	2291.228	553.389	277.909	2236.636	556.658	-1.292	2212.207	578.583	-249.050	2290.531	582.968	-298.602	2306.196	0.000	0.000	0.000	400.787	306.893	2291.228	326.478	310.653	2409.937	301.958	53.671	2519.113	301.958	-207.096	2519.113	301.958	-310.851	2519.113	0.000	0.000	0.000	560.309	-92.298	2431.927	560.309	-507.695	2431.927	560.309	-898.422	2431.927	0.000	0.000	0.000	388.499	-102.429	2589.436	293.322	-494.554	2688.096	293.322	-885.281	2688.096	0.000	0.000	0.000	
03121	2	0.000	0.000	0.000	289.356	458.923	2233.846	370.464	368.738	2236.000	439.827	128.636	2443.394	459.789	-65.121	2496.904	388.346	306.839	2289.466	542.558	283.487	2243.330	543.479	5.273	2213.493	570.934	-243.418	2281.788	576.425	-293.156	2295.447	0.000	0.000	0.000	388.346	306.839	2289.466	317.212	310.813	2411.347	303.658	55.160	2524.271	303.658	-204.195	2524.271	303.658	-307.944	2524.271	0.000	0.000	0.000	564.385	-92.056	2443.750	564.385	-507.431	2443.750	564.385	-898.140	2443.750	0.000	0.000	0.000	403.487	-100.125	2603.854	288.246	-466.771	2761.421	266.117	-744.297	3035.543	0.000	0.000	0.000	
03122	2	0.000	0.000	0.000	256.435	454.678	2245.060	343.915	370.871	2240.289	423.564	134.565	2441.556	446.323	-58.531	2497.146	364.721	309.145	2292.863	516.884	284.659	2248.242	510.014	6.728	2223.804	542.062	-249.556	2243.514	548.472	-300.813	2247.456	0.000	0.000	0.000	364.721	309.145	2292.863	304.712	313.476	2420.796	305.794	76.584	2568.348	305.794	-182.447	2568.348	305.794	-286.176	2568.348	0.000	0.000	0.000	548.205	-92.136	2437.928	548.205	-507.424	2437.928	548.205	-898.055	2437.928	0.000	0.000	0.000	394.541	-109.935	2607.476	255.420	-489.440	2702.792	285.769	-660.503	3052.663	0.000	0.000	0.000	
03123	2	0.000	0.000	0.000	242.043	453.142	2254.120	332.290	371.211	2246.917	411.093	135.568	2446.589	436.352	-58.273	2498.609	352.981	309.340	2299.343	504.361	281.800	2250.267	516.006	3.534	2237.435	507.548	-257.475	2248.686	505.856	-309.677	2250.936	0.000	0.000	0.000	352.981	309.340	2299.343	294.331	314.385	2428.422	305.935	82.357	2582.565	305.935	-179.031	2582.565	305.935	-282.742	2582.565	0.000	0.000	0.000	531.578	-92.069	2428.858	400.858	-443.871	2251.230	400.858	-834.436	2251.230	0.000	0.000	0.000	359.872	-99.328	2593.064	280.251	-479.690	2739.312	285.327	-532.938	3126.197	0.000	0.000	0.000	
03124	2	0.000	0.000	0.000	208.294	451.250	2271.459	303.274	371.799	2266.304	379.469	143.724	2471.142	407.953	-53.443	2506.410	323.451	311.402	2320.547	472.203	275.422	2255.336	492.297	-2.158	2253.115	455.294	-257.555	2238.611	447.894	-308.634	2235.710	0.000	0.000	0.000	323.451	311.402	2320.547	266.570	317.165	2449.645	288.475	72.746	2580.942	288.475	-185.724	2580.942	288.475	-289.380	2580.942	0.000	0.000	0.000	513.850	-94.568	2451.257	384.832	-443.432	2267.229	384.832	-833.790	2267.229	0.000	0.000	0.000	327.962	-96.799	2594.186	443.401	-185.719	2205.617	375.321	-313.851	2568.007	0.000	0.000	0.000	
03125	2	0.000	0.000	0.000	186.322	445.468	2278.915	286.957	372.084	2278.857	365.063	149.960	2487.417	393.875	-46.273	2527.173	307.721	313.035	2334.300	458.646	279.332	2278.342	455.996	1.356	2244.997	451.124	-255.808	2235.564	450.149	-307.241	2233.677	0.000	0.000	0.000	307.721	313.035	2334.300	255.817	317.622	2463.639	66.886	266.202	2263.513	66.886	8.819	2263.513	66.886	-94.797	2263.513	0.000	0.000	0.000	509.523	-98.743	2497.688	366.796	-420.170	2277.692	366.796	-810.378	2277.692	0.000	0.000	0.000	322.002	-106.327	2619.023	302.856	-439.698	2865.158	278.392	-721.507	3133.945	0.000	0.000	0.000	
03126	2	0.000	0.000	0.000	164.853	437.798	2290.493	271.301	372.216	2292.550	357.628	145.426	2498.274	384.155	-51.182	2537.460	293.980	312.636	2346.596	443.644	281.480	2308.661	453.548	6.952	2257.825	446.133	-249.312	2250.732	444.650	-300.565	2249.313	0.000	0.000	0.000	293.980	312.636	2346.596	239.027	314.516	2476.461	255.386	73.484	2616.761	255.386	-182.986	2616.761	255.386	-286.551	2616.761	0.000	0.000	0.000	492.450	-94.764	2487.208	367.283	-423.163	2267.195	367.283	-813.182	2267.195	0.000	0.000	0.000	310.035	-116.821	2622.725	245.178	-415.237	2903.188	466.773	-732.867	2949.256	0.000	0.000	0.000	
03127	2	0.000	0.000	0.000	122.394	428.337	2343.751	233.604	372.279	2334.250	338.378	138.464	2531.090	368.164	-58.485	2564.754	260.671	311.876	2385.101	400.325	269.515	2331.221	425.389	-6.052	2301.243	445.913	-257.518	2338.223	450.018	-307.811	2345.618	0.000	0.000	0.000	260.671	311.876	2385.101	204.880	307.011	2516.680	204.880	28.688	2516.680	204.880	-226.310	2516.680	204.880	-329.740	2516.680	0.000	0.000	0.000	459.895	-94.076	2487.706	175.026	-187.421	2202.042	175.026	-576.931	2202.042	0.000	0.000	0.000	293.460	-87.659	2660.298	293.460	-501.746	2660.298	293.460	-891.255	2660.298	0.000	0.000	0.000	
03128	2	0.000	0.000	0.000	102.028	426.695	2371.460	213.015	372.294	2363.495	327.683	134.198	2552.221	361.856	-63.450	2574.944	242.463	311.148	2411.962	387.457	283.330	2372.394	399.892	20.918	2281.930	432.004	-223.904	2343.087	445.179	-324.350	2368.179	0.000	0.000	0.000	242.463	311.148	2411.962	181.042	306.760	2545.448	181.042	28.914	2545.448	181.042	-225.466	2545.448	181.042	-328.809	2545.448	0.000	0.000	0.000	463.352	-92.451	2508.721	335.701	-377.764	2237.647	335.701	-766.946	2237.647	0.000	0.000	0.000	292.200	-96.985	2672.037	292.200	-510.724	2672.037	292.200	-899.906	2672.037	0.000	0.000	0.000	
03129	2	0.000	0.000	0.000	62.641	419.022	2420.633	177.165	372.317	2420.539	298.702	126.463	2585.516	345.197	-69.105	2598.998	208.769	308.387	2463.438	361.342	305.645	2431.576	381.556	40.556	2354.097	453.580	-193.903	2417.240	483.094	-289.978	2443.114	0.000	0.000	0.000	208.769	308.387	2463.438	135.924	300.394	2598.344	135.924	23.476	2598.344	135.924	-229.793	2598.344	135.924	-332.921	2598.344	0.000	0.000	0.000	456.663	-88.767	2543.186	306.359	-355.112	2265.814	306.359	-743.482	2265.814	0.000	0.000	0.000	276.989	-103.456	2696.888	276.989	-516.331	2696.888	276.989	-904.702	2696.888	0.000	0.000	0.000	
03130	2	0.000	0.000	0.000	44.619	415.313	2438.965	163.004	375.037	2442.810	278.677	123.044	2599.399	322.726	-72.287	2619.352	193.198	309.260	2483.683	339.667	295.227	2412.539	386.947	22.901	2417.647	462.361	-218.845	2462.429	492.719	-316.162	2480.457	0.000	0.000	0.000	193.198	309.260	2483.683	149.946	302.774	2624.753	149.946	26.327	2624.753	149.946	-230.838	2624.753	149.946	-333.837	2624.753	0.000	0.000	0.000	449.490	-99.722	2619.030	449.490	-512.080	2619.030	449.490	-899.964	2619.030	0.000	0.000	0.000	269.612	-99.174	2728.958	269.612	-511.531	2728.958	269.612	-899.415	2728.958	0.000	0.000	0.000	
03131	2	0.000	0.000	0.000	21.056	404.305	2478.982	144.093	377.153	2479.908	262.521	113.150	2609.234	297.789	-83.738	2625.197	175.061	308.117	2513.727	302.057	285.777	2416.653	376.962	24.850	2463.415	437.101	-218.887	2505.449	461.444	-317.549	2522.463	0.000	0.000	0.000	175.061	308.117	2513.727	87.574	290.033	2642.756	87.574	14.569	2642.756	87.574	-239.973	2642.756	87.574	-342.671	2642.756	0.000	0.000	0.000	418.412	-120.582	2597.288	418.412	-531.738	2597.288	418.412	-918.493	2597.288	0.000	0.000	0.000	239.450	-103.879	2732.204	239.450	-515.036	2732.204	239.450	-901.790	2732.204	0.000	0.000	0.000	
03132	2	0.000	0.000	0.000	-4.090	402.063	2494.708	118.579	377.305	2511.588	226.692	116.924	2651.559	265.993	-77.974	2673.076	146.948	308.981	2548.316	296.071	314.354	2467.211	338.157	47.112	2421.257	398.487	-171.289	2532.636	422.995	-260.010	2577.882	0.000	0.000	0.000	146.948	308.981	2548.316	67.526	309.948	2685.635	67.526	35.538	2685.635	67.526	-216.938	2685.635	67.526	-319.286	2685.635	0.000	0.000	0.000	386.315	-132.285	2660.564	386.315	-542.040	2660.564	386.315	-927.475	2660.564	0.000	0.000	0.000	173.451	-98.184	2750.066	173.451	-507.938	2750.066	173.451	-893.374	2750.066	0.000	0.000	0.000	
03133	2	0.000	0.000	0.000	-36.570	391.532	2501.394	86.583	371.783	2522.637	221.264	113.485	2658.507	273.084	-66.919	2724.054	120.988	305.800	2557.345	253.355	306.098	2471.499	348.058	54.321	2516.269	402.934	-172.500	2605.817	425.296	-264.929	2642.308	0.000	0.000	0.000	120.988	305.800	2557.345	115.914	231.121	2641.364	-122.424	243.788	2509.456	77.167	266.832	2360.761	117.086	271.441	2331.022	0.000	0.000	0.000	369.134	-215.131	2792.854	369.134	-622.478	2792.854	369.134	-1005.648	2792.854	0.000	0.000	0.000	233.055	-206.587	2824.368	233.055	-613.934	2824.368	233.055	-997.104	2824.368	0.000	0.000	0.000	
03134	2	0.000	0.000	0.000	-47.223	386.013	2504.805	76.544	369.465	2522.763	221.272	118.558	2663.202	276.975	-61.572	2724.933	113.382	305.602	2558.509	246.701	308.727	2487.767	350.804	67.386	2558.161	399.406	-175.413	2610.767	418.916	-272.880	2631.885	0.000	0.000	0.000	113.382	305.602	2558.509	88.963	264.850	2673.655	-138.533	250.566	2525.062	-49.812	251.067	2762.147	-32.068	251.167	2809.564	0.000	0.000	0.000	375.035	-232.742	2769.514	375.035	-639.223	2769.514	375.035	-1021.580	2769.514	0.000	0.000	0.000	208.355	-188.406	2812.291	208.355	-594.887	2812.291	208.355	-977.243	2812.291	0.000	0.000	0.000	
03135	2	0.000	0.000	0.000	-49.585	389.489	2506.857	71.525	368.351	2522.847	218.235	124.207	2673.303	275.433	-56.215	2731.311	108.760	306.388	2561.032	240.097	309.992	2488.069	351.103	67.016	2536.498	394.919	-170.633	2606.669	412.572	-266.377	2634.940	0.000	0.000	0.000	108.760	306.388	2561.032	87.144	287.163	2684.699	-133.581	271.582	2527.400	-133.581	19.946	2527.400	-133.581	-81.363	2527.400	0.000	0.000	0.000	396.520	-171.733	2813.580	396.520	-577.324	2813.580	396.520	-958.844	2813.580	0.000	0.000	0.000	215.956	-154.300	2839.533	215.956	-559.892	2839.533	215.956	-941.412	2839.533	0.000	0.000	0.000	
03136	4	0.000	0.000	0.000	-48.751	391.167	2511.558	69.626	367.826	2523.060	213.127	130.797	2687.390	269.576	-48.728	2747.373	105.963	307.807	2564.671	236.723	311.271	2489.316	348.077	72.896	2558.861	348.077	-177.414	2558.861	348.077	-278.552	2558.861	0.000	0.000	0.000	105.963	307.807	2564.671	89.784	275.169	2675.595	-135.081	273.589	2522.325	-135.081	23.279	2522.325	-135.081	-77.803	2522.325	0.000	0.000	0.000	377.961	-158.392	2848.206	377.961	-563.074	2848.206	377.961	-943.739	2848.206	0.000	0.000	0.000	209.704	-144.006	2856.687	209.704	-548.689	2856.687	209.704	-929.354	2856.687	0.000	0.000	0.000	
03137	4	0.000	0.000	0.000	-43.507	391.481	2514.287	72.030	367.522	2527.871	208.572	133.606	2702.084	265.604	-41.443	2772.442	106.541	308.400	2571.903	237.566	310.651	2500.959	355.974	74.403	2562.289	355.974	-174.754	2562.289	355.974	-275.661	2562.289	0.000	0.000	0.000	106.541	308.400	2571.903	81.339	263.771	2671.083	-126.557	271.155	2496.957	-126.557	21.999	2496.957	-126.557	-78.863	2496.957	0.000	0.000	0.000	384.791	-138.068	2879.678	384.791	-541.872	2879.678	384.791	-921.711	2879.678	0.000	0.000	0.000	236.275	-154.478	2906.688	236.275	-558.282	2906.688	236.275	-938.121	2906.688	0.000	0.000	0.000	
03138	4	0.000	0.000	0.000	-33.767	396.062	2509.382	77.915	364.864	2533.287	195.343	154.518	2746.817	247.513	-2.676	2846.881	107.516	311.841	2587.113	240.700	300.503	2491.992	351.599	54.822	2554.321	351.599	-192.694	2554.321	351.599	-293.277	2554.321	0.000	0.000	0.000	107.516	311.841	2587.113	89.306	276.572	2689.561	-118.544	255.566	2508.179	-118.544	8.050	2508.179	-118.544	-92.505	2508.179	0.000	0.000	0.000	400.506	-183.390	2961.726	400.506	-585.962	2961.726	400.506	-964.641	2961.726	0.000	0.000	0.000	219.342	-191.625	3012.964	219.342	-594.197	3012.964	219.342	-972.876	3012.964	0.000	0.000	0.000	
03139	4	0.000	0.000	0.000	-29.388	397.844	2502.905	78.606	363.623	2536.926	196.742	153.671	2750.478	248.150	-1.188	2849.981	108.357	310.749	2590.706	242.714	299.700	2494.964	355.425	53.814	2544.397	355.425	-193.166	2544.397	355.425	-293.653	2544.397	0.000	0.000	0.000	108.357	310.749	2590.706	82.856	282.745	2698.849	-111.829	249.228	2507.585	-111.829	2.249	2507.585	-111.829	-98.215	2507.585	0.000	0.000	0.000	408.073	-137.583	2898.833	408.073	-539.793	2898.833	408.073	-918.132	2898.833	0.000	0.000	0.000	176.460	-170.364	2939.013	176.460	-572.574	2939.013	176.460	-950.913	2939.013	0.000	0.000	0.000	
03140	4	0.000	0.000	0.000	-25.295	400.462	2494.909	79.542	363.133	2534.803	202.656	149.657	2742.078	253.920	-7.590	2833.711	110.523	309.413	2586.962	245.750	303.425	2507.509	357.040	57.526	2554.340	357.040	-189.075	2554.340	357.040	-289.507	2554.340	0.000	0.000	0.000	110.523	309.413	2586.962	88.832	289.815	2697.509	-103.421	248.967	2506.682	-103.421	2.366	2506.682	-103.421	-98.047	2506.682	0.000	0.000	0.000	406.103	-151.513	2867.761	406.103	-553.517	2867.761	406.103	-931.663	2867.761	0.000	0.000	0.000	175.091	-154.279	2913.194	175.091	-556.283	2913.194	175.091	-934.429	2913.194	0.000	0.000	0.000	
03141	4	0.000	0.000	0.000	-2.389	415.327	2487.284	92.509	362.193	2533.619	210.297	153.247	2749.024	263.473	-3.474	2836.592	122.117	309.670	2587.765	256.147	296.373	2515.032	365.398	65.260	2608.856	365.398	-180.991	2608.856	365.398	-281.421	2608.856	0.000	0.000	0.000	122.117	309.670	2587.765	100.216	275.714	2688.271	-66.450	248.981	2474.591	-66.450	2.730	2474.591	-66.450	-97.689	2474.591	0.000	0.000	0.000	394.035	-163.097	2973.488	394.035	-565.124	2973.488	394.035	-943.291	2973.488	0.000	0.000	0.000	242.068	-164.561	2998.439	242.068	-566.588	2998.439	242.068	-944.755	2998.439	0.000	0.000	0.000	
03142	4	0.000	0.000	0.000	12.768	417.195	2484.427	102.299	361.888	2538.450	207.492	165.077	2771.571	258.894	13.806	2868.823	128.731	312.435	2597.026	264.300	290.187	2527.959	381.291	95.125	2679.023	381.291	-151.154	2679.023	381.291	-251.646	2679.023	0.000	0.000	0.000	128.731	312.435	2597.026	85.718	264.354	2685.785	-55.364	251.208	2452.377	-55.364	4.929	2452.377	-55.364	-95.553	2452.377	0.000	0.000	0.000	403.241	-182.916	3019.474	403.241	-585.199	3019.474	403.241	-963.608	3019.474	0.000	0.000	0.000	234.630	-187.018	3041.865	234.630	-589.302	3041.865	234.630	-967.710	3041.865	0.000	0.000	0.000	
03143	4	0.000	0.000	0.000	51.410	422.369	2483.743	125.926	350.799	2541.940	224.850	159.450	2783.563	273.115	14.195	2892.458	150.768	302.746	2602.618	280.157	262.276	2530.699	418.951	40.520	2606.375	418.951	-206.183	2606.375	418.951	-306.921	2606.375	0.000	0.000	0.000	150.768	302.746	2602.618	106.765	258.175	2692.949	159.790	116.266	2919.260	159.790	-130.436	2919.260	159.790	-231.168	2919.260	0.000	0.000	0.000	436.139	-157.752	2967.028	436.139	-561.034	2967.028	436.139	-940.382	2967.028	0.000	0.000	0.000	210.803	-163.189	3023.393	210.803	-566.471	3023.393	210.803	-945.819	3023.393	0.000	0.000	0.000	
03144	4	0.000	0.000	0.000	66.927	428.632	2484.091	133.883	346.058	2537.158	230.052	152.471	2779.061	278.699	5.405	2887.330	158.029	297.453	2597.895	292.792	264.901	2542.542	418.823	46.381	2645.286	418.823	-200.746	2645.286	418.823	-301.683	2645.286	0.000	0.000	0.000	158.029	297.453	2597.895	86.219	261.715	2687.099	110.160	92.891	2899.505	110.160	-154.236	2899.505	110.160	-255.168	2899.505	0.000	0.000	0.000	434.873	-182.170	2970.543	434.873	-586.255	2970.543	434.873	-966.359	2970.543	0.000	0.000	0.000	218.186	-160.592	3038.421	218.186	-564.677	3038.421	218.186	-944.781	3038.421	0.000	0.000	0.000	
03145	4	0.000	0.000	0.000	81.085	436.448	2489.539	139.968	343.698	2535.600	228.170	151.805	2783.039	276.825	2.163	2887.126	162.110	295.525	2597.716	300.246	264.858	2561.110	434.142	47.729	2657.496	434.142	-199.993	2657.496	434.142	-301.194	2657.496	0.000	0.000	0.000	162.110	295.525	2597.716	53.174	276.753	2678.919	101.386	104.929	2885.112	101.386	-142.793	2885.112	101.386	-243.990	2885.112	0.000	0.000	0.000	431.739	-132.952	2994.243	431.739	-538.097	2994.243	431.739	-919.197	2994.243	0.000	0.000	0.000	223.075	-126.616	3045.283	223.075	-531.761	3045.283	223.075	-912.862	3045.283	0.000	0.000	0.000	
