03236	2	0.000	0.000	0.000	342.981	642.529	2537.104	351.464	538.185	2567.925	354.379	302.144	2741.813	348.030	123.727	2781.715	352.192	479.212	2611.369	497.209	451.820	2571.662	569.170	218.951	2594.425	615.241	26.481	2705.803	624.455	-12.013	2728.078	0.000	0.000	0.000	352.192	479.212	2611.369	213.017	463.086	2630.428	141.589	253.495	2734.803	104.340	30.228	2753.150	96.890	-14.425	2756.820	0.000	0.000	0.000	429.967	6.048	2825.010	429.967	-357.349	2825.010	429.967	-699.179	2825.010	0.000	0.000	0.000	253.633	23.067	2828.271	253.633	-340.330	2828.271	253.633	-682.160	2828.271	0.000	0.000	0.000	
03237	2	0.000	0.000	0.000	345.298	644.557	2529.480	357.148	542.403	2566.598	359.361	306.195	2740.945	353.258	127.744	2784.341	357.701	483.339	2610.193	502.638	456.624	2572.705	580.613	230.767	2626.906	649.738	34.580	2716.713	663.563	-4.657	2734.674	0.000	0.000	0.000	357.701	483.339	2610.193	219.790	467.995	2631.088	148.388	257.357	2733.865	111.985	35.070	2758.270	104.705	-9.388	2763.151	0.000	0.000	0.000	435.497	9.371	2830.463	435.497	-354.828	2830.463	435.497	-697.412	2830.463	0.000	0.000	0.000	261.061	25.890	2838.504	261.061	-338.309	2838.504	261.061	-680.893	2838.504	0.000	0.000	0.000	
03238	2	0.000	0.000	0.000	362.579	642.782	2522.117	371.684	542.573	2564.441	371.308	299.712	2736.361	359.415	119.159	2781.470	371.590	482.244	2607.148	515.836	456.324	2592.860	624.544	247.312	2679.509	643.547	21.211	2673.749	647.348	-24.009	2672.597	0.000	0.000	0.000	371.590	482.244	2607.148	234.284	462.463	2625.517	178.083	239.335	2725.849	133.030	20.056	2763.308	124.019	-23.799	2770.800	0.000	0.000	0.000	451.411	28.960	2789.604	451.411	-337.735	2789.604	451.411	-682.667	2789.604	0.000	0.000	0.000	263.529	44.373	2832.504	263.529	-322.322	2832.504	263.529	-667.253	2832.504	0.000	0.000	0.000	
03239	2	0.000	0.000	0.000	386.059	639.205	2513.472	387.546	542.152	2564.003	383.882	288.676	2723.824	366.710	105.980	2759.656	386.633	478.996	2603.824	534.091	456.603	2593.424	635.174	225.755	2651.980	685.891	69.855	2810.703	696.035	38.674	2842.447	0.000	0.000	0.000	386.633	478.996	2603.824	251.965	450.007	2616.794	192.789	226.743	2733.365	200.789	-1.271	2737.299	202.389	-46.874	2738.086	0.000	0.000	0.000	448.201	31.046	2806.850	448.201	-339.380	2806.850	448.201	-687.823	2806.850	0.000	0.000	0.000	275.182	45.949	2810.869	275.182	-324.477	2810.869	275.182	-672.920	2810.869	0.000	0.000	0.000	
03240	2	0.000	0.000	0.000	397.124	637.819	2510.187	395.966	541.945	2563.964	398.044	288.192	2725.174	381.411	105.075	2757.554	396.486	478.520	2604.258	546.867	461.645	2593.932	636.749	226.587	2656.767	682.335	68.526	2816.442	691.452	36.914	2848.377	0.000	0.000	0.000	396.486	478.520	2604.258	259.584	447.600	2615.111	204.523	222.088	2730.834	199.636	-5.709	2705.488	198.659	-51.268	2700.419	0.000	0.000	0.000	471.880	41.274	2796.646	471.880	-331.516	2796.646	471.880	-682.181	2796.646	0.000	0.000	0.000	289.752	50.241	2811.673	289.752	-322.549	2811.673	289.752	-673.214	2811.673	0.000	0.000	0.000	
03241	2	0.000	0.000	0.000	405.401	626.130	2506.700	407.835	531.651	2563.929	412.571	276.604	2728.588	404.856	94.996	2754.801	409.025	467.552	2605.312	555.534	441.352	2599.411	657.138	219.178	2700.170	750.890	13.010	2751.530	789.063	-70.933	2772.442	0.000	0.000	0.000	409.025	467.552	2605.312	264.564	441.676	2614.979	202.611	230.127	2760.738	190.270	-1.478	2748.922	185.246	-95.778	2744.111	0.000	0.000	0.000	500.429	38.002	2791.491	500.429	-340.555	2791.491	500.429	-696.646	2791.491	0.000	0.000	0.000	313.237	46.245	2810.273	313.237	-332.312	2810.273	313.237	-688.402	2810.273	0.000	0.000	0.000	
03242	2	0.000	0.000	0.000	407.385	620.204	2505.143	412.837	527.600	2563.996	421.979	275.018	2735.279	424.128	95.060	2762.282	415.142	463.918	2607.180	563.468	442.391	2604.886	658.309	208.442	2694.265	754.990	1.316	2744.688	794.389	-83.090	2765.236	0.000	0.000	0.000	415.142	463.918	2607.180	267.092	441.997	2619.246	212.496	219.708	2758.251	203.204	-13.999	2749.011	199.417	-109.238	2745.245	0.000	0.000	0.000	515.148	43.080	2819.548	515.148	-338.807	2819.548	515.148	-698.029	2819.548	0.000	0.000	0.000	332.115	41.739	2815.898	332.115	-340.148	2815.898	332.115	-699.370	2815.898	0.000	0.000	0.000	
03243	2	0.000	0.000	0.000	411.699	612.846	2501.021	419.573	521.343	2564.054	426.589	267.814	2736.111	432.802	89.512	2765.638	421.351	457.071	2607.672	571.149	431.807	2593.992	661.947	197.919	2692.755	740.976	-20.925	2732.794	773.203	-110.167	2749.122	0.000	0.000	0.000	421.351	457.071	2607.672	270.195	439.506	2617.695	212.779	207.291	2742.121	219.089	-28.662	2747.369	221.662	-124.882	2749.509	0.000	0.000	0.000	534.020	35.510	2802.447	534.020	-349.939	2802.447	534.020	-712.512	2802.447	0.000	0.000	0.000	336.986	40.134	2813.516	336.986	-345.315	2813.516	336.986	-707.888	2813.516	0.000	0.000	0.000	
03244	2	0.000	0.000	0.000	414.852	610.411	2501.408	423.655	516.920	2564.052	428.575	260.731	2734.636	435.024	83.032	2765.564	424.909	451.629	2607.526	577.182	425.853	2582.307	663.653	193.789	2685.321	731.742	-24.019	2753.820	759.524	-112.887	2781.769	0.000	0.000	0.000	424.909	451.629	2607.526	270.782	439.790	2617.696	215.211	200.709	2725.839	184.119	-31.998	2766.452	171.433	-126.945	2783.022	0.000	0.000	0.000	537.056	33.517	2803.822	537.056	-355.680	2803.822	537.056	-721.778	2803.822	0.000	0.000	0.000	338.542	33.503	2811.989	338.542	-355.694	2811.989	338.542	-721.792	2811.989	0.000	0.000	0.000	
03245	2	0.000	0.000	0.000	416.428	606.970	2501.675	425.616	511.397	2563.587	425.753	250.296	2729.391	428.068	72.607	2760.088	425.651	444.562	2606.028	581.072	421.470	2578.495	663.924	179.572	2668.095	716.502	-33.300	2766.526	737.963	-120.192	2806.704	0.000	0.000	0.000	425.651	444.562	2606.028	269.743	439.326	2618.224	218.380	211.721	2755.939	173.503	-21.841	2790.608	155.184	-117.179	2804.760	0.000	0.000	0.000	533.449	26.280	2790.681	533.449	-366.494	2790.681	533.449	-735.957	2790.681	0.000	0.000	0.000	331.821	19.187	2811.603	331.821	-373.587	2811.603	331.821	-743.051	2811.603	0.000	0.000	0.000	
03246	2	0.000	0.000	0.000	418.457	600.114	2495.590	427.410	502.562	2552.159	428.846	237.829	2715.515	429.336	54.924	2733.723	427.781	434.302	2594.279	584.807	412.137	2558.293	656.693	159.141	2625.541	729.501	-65.432	2689.451	759.090	-156.696	2715.423	0.000	0.000	0.000	427.781	434.302	2594.279	272.087	435.456	2618.184	222.074	217.779	2772.496	190.483	-24.476	2760.956	177.644	-122.926	2756.266	0.000	0.000	0.000	535.605	8.075	2763.937	535.605	-389.850	2763.937	535.605	-764.159	2763.937	0.000	0.000	0.000	327.220	0.717	2772.538	327.220	-397.208	2772.538	327.220	-771.517	2772.538	0.000	0.000	0.000	
03247	2	0.000	0.000	0.000	421.610	592.760	2486.640	428.327	496.841	2545.008	433.978	234.353	2710.490	435.941	48.194	2725.667	429.794	428.689	2587.974	584.714	404.398	2557.428	657.443	152.405	2628.207	728.685	-78.341	2640.890	758.101	-173.618	2646.128	0.000	0.000	0.000	429.794	428.689	2587.974	274.485	417.724	2601.839	219.499	200.820	2755.880	214.041	-40.404	2739.712	211.787	-140.006	2733.036	0.000	0.000	0.000	540.324	8.094	2766.330	540.324	-391.663	2766.330	540.324	-767.694	2766.330	0.000	0.000	0.000	329.051	2.695	2753.475	329.051	-397.062	2753.475	329.051	-773.094	2753.475	0.000	0.000	0.000	
03248	2	0.000	0.000	0.000	417.545	586.033	2480.733	428.791	492.027	2538.960	438.695	224.930	2701.705	442.475	34.486	2716.724	431.358	422.795	2581.143	584.518	399.629	2559.377	640.410	129.297	2582.372	699.328	-100.603	2642.982	723.504	-194.938	2667.853	0.000	0.000	0.000	431.358	422.795	2581.143	271.484	417.137	2592.357	199.909	194.148	2740.291	222.606	-44.808	2691.466	231.919	-142.860	2671.431	0.000	0.000	0.000	544.097	10.983	2756.298	544.097	-391.410	2756.298	544.097	-769.922	2756.298	0.000	0.000	0.000	335.809	4.907	2730.573	335.809	-397.487	2730.573	335.809	-775.998	2730.573	0.000	0.000	0.000	
03249	2	0.000	0.000	0.000	413.034	584.671	2476.090	426.720	491.521	2533.893	431.753	220.715	2696.192	433.607	28.654	2710.424	428.016	421.795	2575.681	580.226	398.063	2559.810	614.248	124.082	2560.603	649.719	-102.553	2648.607	664.263	-195.481	2684.692	0.000	0.000	0.000	428.016	421.795	2575.681	264.186	426.049	2581.496	203.501	196.435	2722.275	226.492	-46.855	2696.832	235.919	-146.613	2686.399	0.000	0.000	0.000	536.797	14.489	2739.174	536.797	-388.841	2739.174	536.797	-768.233	2739.174	0.000	0.000	0.000	328.659	7.015	2722.110	328.659	-396.315	2722.110	328.659	-775.707	2722.110	0.000	0.000	0.000	
03250	2	0.000	0.000	0.000	407.766	581.536	2468.638	422.294	491.335	2530.312	425.918	217.199	2691.467	427.346	23.605	2700.609	423.223	421.124	2571.586	577.168	400.151	2554.618	607.467	123.183	2548.597	616.624	-116.237	2605.645	620.376	-214.351	2629.022	0.000	0.000	0.000	423.223	421.124	2571.586	263.390	422.620	2584.339	198.574	183.508	2711.970	215.475	-61.920	2700.149	218.855	-111.005	2697.784	0.000	0.000	0.000	534.361	24.406	2706.871	534.361	-379.670	2706.871	534.361	-759.765	2706.871	0.000	0.000	0.000	324.384	12.544	2718.570	324.384	-391.532	2718.570	324.384	-771.627	2718.570	0.000	0.000	0.000	
03251	2	0.000	0.000	0.000	393.779	580.155	2452.091	411.182	490.963	2514.803	411.696	211.370	2673.031	414.231	15.847	2670.151	411.313	419.891	2555.024	566.173	395.319	2517.884	610.434	117.025	2544.907	594.457	-112.701	2455.180	587.916	-206.764	2418.441	0.000	0.000	0.000	411.313	419.891	2555.024	254.650	421.046	2576.356	185.841	180.401	2708.615	215.630	-64.727	2698.390	221.588	-113.753	2696.345	0.000	0.000	0.000	520.336	27.700	2678.395	520.336	-377.437	2678.395	520.336	-758.530	2678.395	0.000	0.000	0.000	311.448	22.503	2696.710	311.448	-382.634	2696.710	311.448	-763.726	2696.710	0.000	0.000	0.000	
03252	2	0.000	0.000	0.000	387.690	580.016	2444.204	405.453	491.155	2507.132	405.567	210.793	2666.320	403.773	14.869	2656.572	405.482	420.076	2547.490	565.102	403.954	2509.148	600.473	125.589	2522.751	596.165	-101.444	2424.451	594.401	-194.377	2384.212	0.000	0.000	0.000	405.482	420.076	2547.490	252.698	421.045	2576.749	190.936	161.422	2664.526	214.014	-82.921	2695.973	223.460	-182.941	2708.846	0.000	0.000	0.000	510.905	38.713	2665.217	510.905	-366.787	2665.217	510.905	-748.220	2665.217	0.000	0.000	0.000	301.550	37.522	2688.248	301.550	-367.977	2688.248	301.550	-749.411	2688.248	0.000	0.000	0.000	
03253	2	0.000	0.000	0.000	363.381	574.453	2439.423	387.816	485.233	2501.964	377.674	202.470	2650.549	370.533	5.567	2651.200	385.219	412.830	2540.010	532.303	375.185	2497.011	581.646	101.890	2504.001	585.884	-141.143	2464.220	587.629	-241.200	2447.843	0.000	0.000	0.000	385.219	412.830	2540.010	242.488	398.199	2567.666	167.669	150.948	2669.857	154.341	-94.474	2685.848	148.854	-195.514	2692.431	0.000	0.000	0.000	473.311	-0.953	2621.740	487.503	-343.378	2404.126	487.503	-725.254	2404.126	0.000	0.000	0.000	266.494	-9.069	2643.755	266.494	-415.039	2643.755	266.494	-796.915	2643.755	0.000	0.000	0.000	
03254	2	0.000	0.000	0.000	349.839	566.107	2434.808	377.391	477.282	2496.168	361.296	191.861	2640.004	353.847	-5.120	2648.877	373.274	404.274	2532.960	519.826	363.910	2490.059	554.864	89.728	2501.852	540.696	-152.736	2458.450	534.871	-252.420	2440.607	0.000	0.000	0.000	373.274	404.274	2532.960	228.165	392.829	2557.631	170.400	132.800	2632.400	119.472	-102.369	2686.946	98.534	-199.054	2709.372	0.000	0.000	0.000	452.534	-59.062	2666.718	471.815	-380.212	2418.910	471.815	-762.210	2418.910	0.000	0.000	0.000	265.625	-61.952	2694.981	265.625	-468.053	2694.981	265.625	-850.051	2694.981	0.000	0.000	0.000	
03255	2	0.000	0.000	0.000	262.234	539.244	2364.223	285.341	434.809	2428.232	260.246	152.326	2591.733	257.747	-40.572	2613.338	279.088	364.422	2468.972	431.293	335.559	2416.737	449.206	60.932	2426.302	449.206	-186.107	2426.302	449.206	-287.183	2426.302	0.000	0.000	0.000	279.088	364.422	2468.972	143.087	351.598	2492.457	59.343	108.493	2591.042	59.343	-138.546	2591.042	59.343	-239.622	2591.042	0.000	0.000	0.000	361.840	-134.029	2631.878	356.340	-538.650	2632.873	356.340	-919.293	2632.873	0.000	0.000	0.000	171.422	-143.412	2668.256	171.422	-548.071	2668.256	171.422	-928.715	2668.256	0.000	0.000	0.000	
03256	2	0.000	0.000	0.000	231.736	528.053	2341.908	256.729	427.012	2406.881	236.745	146.885	2575.289	225.531	-41.968	2536.574	251.770	357.502	2448.670	410.206	340.650	2409.858	446.493	69.327	2415.370	446.493	-176.869	2415.370	446.493	-277.558	2415.370	0.000	0.000	0.000	251.770	357.502	2448.670	117.220	341.951	2472.642	43.602	89.971	2550.422	43.602	-156.225	2550.422	43.602	-256.915	2550.422	0.000	0.000	0.000	339.786	-22.210	2555.190	339.786	-425.322	2555.190	339.786	-804.509	2555.190	0.000	0.000	0.000	113.664	0.888	2562.246	-0.166	-382.492	2511.630	249.039	-509.649	2767.582	0.000	0.000	0.000	
03257	2	0.000	0.000	0.000	226.400	519.236	2331.584	244.329	420.664	2401.619	238.386	140.745	2561.817	233.873	-51.369	2582.101	242.837	350.386	2441.839	399.076	337.271	2394.323	418.077	62.061	2394.267	418.077	-183.355	2394.267	418.077	-283.711	2394.267	0.000	0.000	0.000	242.837	350.386	2441.839	100.474	340.337	2463.326	28.293	86.943	2545.072	28.293	-158.473	2545.072	28.293	-258.830	2545.072	0.000	0.000	0.000	341.853	-86.184	2542.899	341.853	-487.961	2542.899	341.853	-865.894	2542.899	0.000	0.000	0.000	119.131	-82.099	2607.571	119.131	-483.877	2607.571	119.131	-861.809	2607.571	0.000	0.000	0.000	
03258	2	0.000	0.000	0.000	218.750	518.290	2324.683	237.071	420.007	2393.343	230.790	141.097	2548.870	223.956	-50.704	2565.634	235.481	349.370	2432.732	390.025	335.493	2378.495	405.708	58.081	2378.497	405.708	-187.058	2378.497	405.708	-287.298	2378.497	0.000	0.000	0.000	235.481	349.370	2432.732	92.959	339.001	2451.888	17.442	79.375	2515.879	17.442	-165.764	2515.879	17.442	-266.004	2515.879	0.000	0.000	0.000	332.751	-79.565	2537.958	332.751	-480.877	2537.958	332.751	-858.372	2537.958	0.000	0.000	0.000	111.751	-80.716	2570.974	111.751	-482.028	2570.974	111.751	-859.522	2570.974	0.000	0.000	0.000	
03259	2	0.000	0.000	0.000	199.525	514.807	2302.875	223.130	419.162	2371.079	209.621	148.363	2532.911	200.738	-41.180	2542.014	219.677	349.952	2412.439	371.657	333.568	2340.831	415.395	65.518	2376.065	415.395	-179.050	2376.065	415.395	-279.053	2376.065	0.000	0.000	0.000	219.677	349.952	2412.439	84.891	338.361	2439.365	2.994	89.510	2519.181	2.994	-155.059	2519.181	2.994	-255.061	2519.181	0.000	0.000	0.000	288.514	-104.810	2572.060	288.514	-505.171	2572.060	288.514	-881.770	2572.060	0.000	0.000	0.000	130.720	-117.840	2582.182	130.720	-518.201	2582.182	130.720	-894.801	2582.182	0.000	0.000	0.000	
03260	2	0.000	0.000	0.000	193.533	512.470	2294.801	217.526	416.049	2360.754	207.260	144.187	2526.521	201.442	-44.394	2546.311	214.928	347.265	2402.695	364.983	330.671	2328.193	410.646	58.006	2343.987	410.646	-186.271	2343.987	410.646	-286.152	2343.987	0.000	0.000	0.000	214.928	347.265	2402.695	83.213	338.522	2438.490	3.620	81.042	2502.126	3.620	-163.235	2502.126	3.620	-263.117	2502.126	0.000	0.000	0.000	288.598	-139.073	2588.078	288.598	-538.950	2588.078	288.598	-915.095	2588.078	0.000	0.000	0.000	114.263	-141.431	2588.029	114.263	-541.309	2588.029	114.263	-917.453	2588.029	0.000	0.000	0.000	
03261	2	0.000	0.000	0.000	189.571	509.685	2284.483	211.075	412.480	2349.267	206.491	140.624	2515.584	202.442	-48.550	2545.327	209.917	343.813	2391.276	356.495	323.418	2319.123	399.678	48.213	2325.517	399.678	-195.769	2325.517	399.678	-295.529	2325.517	0.000	0.000	0.000	209.917	343.813	2391.276	79.156	333.595	2429.030	-2.577	75.626	2495.480	-2.577	-168.356	2495.480	-2.577	-268.116	2495.480	0.000	0.000	0.000	304.290	-161.697	2581.442	304.290	-561.087	2581.442	304.290	-936.773	2581.442	0.000	0.000	0.000	106.224	-169.679	2593.527	106.224	-569.069	2593.527	106.224	-944.755	2593.527	0.000	0.000	0.000	
03262	2	0.000	0.000	0.000	186.111	500.214	2261.945	203.753	400.781	2323.050	205.128	128.416	2488.729	203.182	-62.674	2529.872	204.099	332.153	2364.796	352.217	310.711	2301.440	399.376	39.331	2323.898	399.376	-204.116	2323.898	399.376	-303.656	2323.898	0.000	0.000	0.000	204.099	332.153	2364.796	68.853	312.731	2391.391	-11.556	59.709	2468.134	21.361	-179.771	2439.285	34.820	-277.688	2427.489	0.000	0.000	0.000	312.160	-184.491	2573.517	267.630	-572.971	2496.644	267.630	-947.828	2496.644	0.000	0.000	0.000	96.648	-183.890	2588.003	96.648	-582.398	2588.003	96.648	-957.255	2588.003	0.000	0.000	0.000	
03263	2	0.000	0.000	0.000	184.555	494.053	2246.629	200.972	395.028	2308.226	204.444	122.123	2473.030	203.102	-69.739	2515.343	201.846	326.324	2349.715	351.666	306.684	2289.275	387.940	32.164	2304.937	387.940	-211.093	2304.937	387.940	-310.555	2304.937	0.000	0.000	0.000	201.846	326.324	2349.715	67.587	303.607	2376.949	-7.199	49.804	2460.096	19.109	-190.188	2430.330	29.865	-288.314	2418.160	0.000	0.000	0.000	312.012	-189.980	2560.000	269.140	-579.156	2487.455	269.140	-953.718	2487.455	0.000	0.000	0.000	94.732	-185.991	2570.328	94.732	-584.185	2570.328	94.732	-958.747	2570.328	0.000	0.000	0.000	
03264	2	0.000	0.000	0.000	181.882	485.966	2222.802	196.866	382.964	2280.042	199.681	105.651	2446.737	198.655	-87.059	2482.672	197.563	314.252	2321.345	347.739	290.667	2266.822	385.936	16.711	2268.423	434.077	-188.474	2389.348	453.760	-272.367	2438.791	0.000	0.000	0.000	197.563	314.252	2321.345	62.095	293.349	2352.582	-16.723	48.924	2455.333	8.315	-191.606	2431.680	18.552	-289.952	2422.010	0.000	0.000	0.000	300.246	-192.174	2526.221	267.764	-594.249	2484.840	267.764	-968.386	2484.840	0.000	0.000	0.000	92.429	-180.716	2528.465	92.429	-586.218	2528.465	92.429	-960.355	2528.465	0.000	0.000	0.000	
03265	2	0.000	0.000	0.000	181.502	478.982	2206.503	194.626	376.583	2264.747	197.359	98.455	2435.129	195.403	-93.644	2469.901	195.297	308.248	2306.609	344.352	280.762	2254.825	383.866	9.268	2260.579	434.260	-202.631	2370.186	454.784	-288.933	2414.827	0.000	0.000	0.000	195.297	308.248	2306.609	55.396	289.282	2333.242	-11.458	46.937	2443.257	3.546	-196.155	2431.623	9.657	-295.162	2426.885	0.000	0.000	0.000	297.179	-188.096	2513.694	257.351	-588.662	2481.965	235.952	-948.693	2580.888	0.000	0.000	0.000	93.213	-181.143	2522.813	93.213	-584.933	2522.813	93.213	-958.919	2522.813	0.000	0.000	0.000	
03266	2	0.000	0.000	0.000	181.213	470.094	2189.061	193.554	370.365	2251.315	194.342	90.123	2419.795	190.426	-101.323	2458.005	193.747	301.703	2292.594	343.137	272.938	2248.264	379.490	2.716	2249.397	433.114	-211.197	2352.790	454.971	-298.388	2394.932	0.000	0.000	0.000	193.747	301.703	2292.594	52.647	285.445	2320.668	-23.791	42.613	2418.302	3.412	-199.423	2416.470	14.499	-298.075	2415.723	0.000	0.000	0.000	287.855	-194.252	2509.709	243.666	-596.000	2464.597	228.251	-951.318	2579.868	0.000	0.000	0.000	90.556	-186.628	2515.965	90.556	-593.308	2515.965	90.556	-967.174	2515.965	0.000	0.000	0.000	
03267	2	0.000	0.000	0.000	180.656	457.192	2169.504	191.529	356.309	2230.133	191.138	68.823	2390.656	187.348	-124.550	2429.110	191.434	286.391	2269.173	345.927	266.590	2231.518	378.292	-4.140	2231.793	432.818	-228.875	2311.003	454.952	-320.105	2343.158	0.000	0.000	0.000	191.434	286.391	2269.173	48.172	277.459	2301.700	-13.272	19.916	2366.803	4.482	-223.660	2377.224	11.689	-322.538	2381.455	0.000	0.000	0.000	294.355	-211.252	2460.869	232.219	-611.527	2437.398	216.515	-958.019	2576.483	0.000	0.000	0.000	87.414	-211.137	2484.877	87.414	-616.886	2484.877	87.414	-990.580	2484.877	0.000	0.000	0.000	
03268	2	0.000	0.000	0.000	180.261	450.052	2156.614	190.635	351.073	2220.987	190.633	61.304	2380.888	187.361	-134.055	2413.281	190.635	280.972	2259.670	344.409	260.295	2220.207	378.288	-9.265	2220.825	426.305	-237.704	2293.550	445.789	-330.403	2323.061	0.000	0.000	0.000	190.635	280.972	2259.670	47.034	270.555	2290.149	19.474	2.311	2323.260	3.978	-240.746	2344.770	-2.310	-339.376	2353.498	0.000	0.000	0.000	296.701	-218.820	2440.388	242.000	-619.088	2439.368	217.596	-946.454	2617.801	0.000	0.000	0.000	86.755	-227.728	2458.855	86.755	-631.718	2458.855	86.755	-1005.352	2458.855	0.000	0.000	0.000	
03269	2	0.000	0.000	0.000	175.898	429.954	2121.255	188.395	340.623	2198.609	188.291	50.175	2362.573	186.394	-146.664	2384.706	188.370	270.916	2237.960	341.321	248.544	2201.472	378.681	-18.973	2212.987	388.644	-261.985	2246.516	392.669	-360.166	2260.062	0.000	0.000	0.000	188.370	270.916	2237.960	42.945	258.242	2261.302	-27.237	9.142	2339.519	-0.005	-229.411	2288.245	10.997	-325.790	2267.529	0.000	0.000	0.000	295.482	-230.432	2407.367	247.175	-631.327	2426.890	233.309	-974.681	2573.372	0.000	0.000	0.000	87.244	-228.622	2440.540	87.244	-632.889	2440.540	87.244	-1006.441	2440.540	0.000	0.000	0.000	
03270	2	0.000	0.000	0.000	172.544	424.348	2107.969	187.140	337.166	2186.749	186.782	48.036	2353.759	185.552	-148.961	2370.304	187.054	267.856	2226.785	339.724	246.071	2185.608	377.141	-22.684	2191.301	370.811	-269.241	2209.012	368.272	-368.140	2216.116	0.000	0.000	0.000	187.054	267.856	2226.785	42.109	257.810	2251.945	-31.777	10.544	2335.982	-8.816	-233.726	2305.175	0.394	-331.707	2292.817	0.000	0.000	0.000	301.343	-216.003	2379.104	244.032	-620.316	2417.875	233.555	-960.726	2571.277	0.000	0.000	0.000	76.420	-215.101	2413.546	76.420	-625.293	2413.546	76.420	-998.818	2413.546	0.000	0.000	0.000	
03271	2	0.000	0.000	0.000	172.705	421.523	2096.458	186.567	335.423	2176.053	185.644	45.821	2341.251	184.764	-150.912	2353.265	186.345	265.900	2215.711	339.333	246.265	2170.752	378.105	-24.636	2173.233	365.918	-267.035	2225.962	361.051	-363.833	2247.019	0.000	0.000	0.000	186.345	265.900	2215.711	42.994	257.785	2244.421	-33.305	9.333	2330.134	-13.689	-235.060	2290.466	-5.856	-332.654	2274.625	0.000	0.000	0.000	296.177	-225.786	2365.910	241.307	-628.927	2408.244	232.270	-968.176	2564.244	0.000	0.000	0.000	76.490	-221.603	2390.416	76.490	-630.658	2390.416	76.490	-1004.165	2390.416	0.000	0.000	0.000	
03272	2	0.000	0.000	0.000	173.597	417.030	2072.588	185.411	329.171	2149.849	174.252	36.997	2305.775	171.672	-157.334	2317.516	182.715	258.602	2187.510	330.044	227.742	2141.242	341.553	-42.740	2134.958	345.000	-281.829	2193.916	345.690	-329.646	2205.707	0.000	0.000	0.000	182.715	258.602	2187.510	44.675	257.826	2229.748	-32.123	8.247	2301.476	-46.437	-237.601	2303.735	-52.201	-336.607	2304.645	0.000	0.000	0.000	285.545	-222.088	2328.545	243.747	-626.093	2387.994	232.416	-962.393	2550.081	0.000	0.000	0.000	68.531	-220.755	2370.029	68.531	-631.245	2370.029	68.531	-1004.739	2370.029	0.000	0.000	0.000	
03273	2	0.000	0.000	0.000	173.716	414.979	2059.314	184.807	325.905	2135.018	168.612	35.060	2289.220	162.808	-157.827	2302.728	180.874	255.278	2172.464	322.112	214.619	2117.349	330.805	-54.895	2125.710	333.188	-294.528	2179.174	333.664	-342.455	2189.867	0.000	0.000	0.000	180.874	255.278	2172.464	44.563	255.428	2218.169	-33.787	5.732	2283.720	-43.030	-239.046	2266.799	-46.763	-337.918	2259.964	0.000	0.000	0.000	276.071	-218.975	2316.809	240.113	-623.937	2348.741	231.813	-947.474	2535.169	0.000	0.000	0.000	53.529	-212.135	2346.751	53.529	-619.942	2346.751	53.529	-993.439	2346.751	0.000	0.000	0.000	
03274	2	0.000	0.000	0.000	174.110	410.538	2036.111	183.550	316.345	2108.753	160.238	34.311	2271.423	149.298	-155.077	2293.277	177.833	247.186	2148.642	321.213	206.254	2095.041	332.465	-69.275	2076.811	326.315	-293.754	2173.477	325.086	-338.649	2192.811	0.000	0.000	0.000	177.833	247.186	2148.642	43.481	240.803	2185.783	-36.886	-13.719	2257.441	-40.861	-257.394	2237.959	-42.474	-356.250	2230.055	0.000	0.000	0.000	252.586	-236.749	2314.294	239.857	-641.335	2367.881	230.797	-964.032	2561.453	0.000	0.000	0.000	54.260	-235.713	2346.049	54.260	-644.031	2346.049	54.260	-1020.442	2346.049	0.000	0.000	0.000	
03275	2	0.000	0.000	0.000	174.512	409.155	2025.949	182.908	311.734	2096.369	159.631	34.036	2263.833	147.846	-153.860	2287.154	177.177	243.363	2137.600	321.029	204.024	2083.280	332.590	-72.609	2075.076	318.920	-301.250	2159.520	316.186	-346.978	2176.409	0.000	0.000	0.000	177.177	243.363	2137.600	51.076	233.675	2182.261	-37.235	-12.311	2274.015	-40.346	-250.849	2222.207	-41.610	-347.772	2201.156	0.000	0.000	0.000	252.357	-237.043	2301.824	238.121	-643.782	2361.544	230.031	-967.034	2553.139	0.000	0.000	0.000	47.611	-238.395	2326.844	47.611	-649.741	2326.844	47.611	-1025.595	2326.844	0.000	0.000	0.000	
03276	2	0.000	0.000	0.000	174.982	405.922	2013.601	182.155	307.399	2083.591	159.375	32.493	2255.673	147.220	-154.101	2281.719	176.546	239.711	2125.961	319.812	201.745	2068.025	333.190	-72.684	2065.789	304.581	-299.310	2151.092	298.859	-344.635	2168.152	0.000	0.000	0.000	176.546	239.711	2125.961	56.060	225.632	2171.731	-38.105	-18.438	2255.742	-44.053	-262.192	2257.344	-46.472	-361.358	2257.995	0.000	0.000	0.000	252.658	-243.050	2297.535	234.964	-651.359	2339.538	228.608	-963.757	2547.637	0.000	0.000	0.000	47.375	-243.375	2330.528	47.375	-654.220	2330.528	47.375	-1029.637	2330.528	0.000	0.000	0.000	
03277	2	0.000	0.000	0.000	175.226	399.474	1992.323	179.512	298.185	2060.671	158.046	24.191	2240.492	145.034	-162.727	2267.069	174.279	231.391	2104.508	313.694	194.076	2042.724	334.379	-76.682	2018.591	307.973	-292.384	2128.304	302.691	-335.525	2150.247	0.000	0.000	0.000	174.279	231.391	2104.508	55.395	226.640	2153.633	-35.963	-17.049	2234.808	-71.930	-257.320	2250.239	-86.588	-355.244	2256.528	0.000	0.000	0.000	254.770	-254.122	2281.214	225.339	-658.940	2272.535	224.351	-949.682	2509.084	0.000	0.000	0.000	37.011	-256.299	2312.308	37.011	-662.278	2312.308	37.011	-1037.095	2312.308	0.000	0.000	0.000	
03278	2	0.000	0.000	0.000	172.071	396.857	1980.793	175.463	295.767	2050.212	156.454	20.999	2230.919	142.717	-167.167	2256.832	170.842	228.977	2094.138	303.103	185.306	2032.491	338.042	-85.683	2027.452	290.835	-307.478	2115.794	281.394	-351.837	2133.462	0.000	0.000	0.000	170.842	228.977	2094.138	55.172	228.058	2148.970	-36.488	-10.888	2244.804	-76.359	-250.788	2235.652	-92.616	-348.602	2231.921	0.000	0.000	0.000	251.955	-255.208	2269.182	227.603	-657.580	2299.756	222.585	-959.067	2522.062	0.000	0.000	0.000	35.917	-254.823	2306.529	35.917	-659.090	2306.529	35.917	-1033.709	2306.529	0.000	0.000	0.000	
03279	2	0.000	0.000	0.000	156.112	391.607	1963.924	161.935	289.195	2030.649	144.967	14.778	2214.387	133.787	-174.962	2241.625	157.826	222.730	2075.151	291.643	180.811	2021.995	333.740	-89.362	2018.011	298.353	-309.751	2114.507	291.276	-353.829	2133.806	0.000	0.000	0.000	157.826	222.730	2075.151	36.940	219.293	2120.848	-49.370	-27.251	2201.769	-82.607	-267.706	2216.327	-96.171	-365.843	2222.269	0.000	0.000	0.000	237.915	-263.411	2267.626	229.161	-663.263	2306.515	213.333	-963.194	2529.992	0.000	0.000	0.000	32.770	-260.510	2294.528	32.770	-662.345	2294.528	32.770	-1036.712	2294.528	0.000	0.000	0.000	
03280	2	0.000	0.000	0.000	147.123	387.526	1957.837	154.521	283.978	2023.855	134.231	10.487	2211.184	126.548	-179.295	2239.333	149.627	218.015	2069.037	288.523	180.624	2021.106	328.807	-88.114	2009.580	300.714	-308.094	2109.220	295.095	-352.090	2129.148	0.000	0.000	0.000	149.627	218.015	2069.037	28.778	212.194	2111.501	-54.590	-31.442	2199.063	-92.219	-271.210	2213.336	-107.582	-369.103	2219.163	0.000	0.000	0.000	228.724	-269.607	2267.115	228.646	-667.922	2313.345	221.653	-978.429	2522.233	0.000	0.000	0.000	27.123	-264.691	2291.056	27.123	-665.680	2291.056	27.123	-1039.975	2291.056	0.000	0.000	0.000	
03281	2	0.000	0.000	0.000	135.089	381.593	1952.647	145.586	278.907	2017.316	125.000	6.056	2209.059	119.136	-184.106	2237.794	140.650	213.483	2063.292	278.707	175.084	2019.244	327.723	-93.591	2008.125	304.350	-318.015	2098.563	299.675	-362.900	2116.651	0.000	0.000	0.000	140.650	213.483	2063.292	17.516	208.416	2101.774	-62.942	-33.544	2200.232	-72.376	-272.882	2158.759	-76.229	-370.626	2141.821	0.000	0.000	0.000	216.785	-283.128	2266.232	227.415	-679.947	2318.033	209.183	-987.507	2530.492	0.000	0.000	0.000	23.415	-277.328	2288.277	23.415	-677.655	2288.277	23.415	-1051.907	2288.277	0.000	0.000	0.000	
03282	2	0.000	0.000	0.000	106.965	365.820	1939.167	127.145	267.445	2004.973	107.198	-1.852	2192.739	103.016	-193.212	2229.726	122.284	201.828	2050.724	254.955	155.750	2004.741	318.920	-112.434	2025.075	302.065	-345.157	2093.163	298.694	-391.701	2106.781	0.000	0.000	0.000	122.284	201.828	2050.724	1.016	196.072	2093.342	-81.607	-48.616	2191.975	-87.907	-287.882	2149.640	-90.481	-385.637	2132.343	0.000	0.000	0.000	206.565	-301.705	2264.217	211.813	-699.143	2303.585	225.447	-989.106	2539.769	0.000	0.000	0.000	3.594	-302.556	2282.545	3.594	-701.973	2282.545	3.594	-1076.203	2282.545	0.000	0.000	0.000	
03283	2	0.000	0.000	0.000	95.029	357.937	1933.377	118.321	261.648	2000.118	97.618	-8.886	2182.745	94.418	-199.978	2223.565	113.248	195.348	2044.875	247.710	151.901	1994.897	294.135	-119.157	2019.470	301.424	-351.520	2090.445	302.882	-397.993	2104.640	0.000	0.000	0.000	113.248	195.348	2044.875	-11.254	190.837	2083.839	-94.321	-54.643	2179.077	-121.414	-296.154	2174.406	-132.484	-394.841	2172.497	0.000	0.000	0.000	203.213	-309.000	2262.772	190.203	-706.254	2299.033	208.799	-995.455	2535.837	0.000	0.000	0.000	-7.682	-315.079	2281.360	-7.682	-714.197	2281.360	-7.682	-1088.441	2281.360	0.000	0.000	0.000	
03284	2	0.000	0.000	0.000	68.662	346.753	1924.042	98.503	251.610	1988.226	84.125	-18.906	2166.800	79.520	-210.904	2207.028	94.950	184.756	2032.357	229.038	145.624	1976.949	274.901	-127.042	2020.534	281.297	-358.069	2095.963	282.576	-404.274	2111.049	0.000	0.000	0.000	94.950	184.756	2032.357	-30.932	185.002	2073.132	-126.808	-58.859	2171.570	-133.667	-301.852	2168.243	-136.471	-401.165	2166.884	0.000	0.000	0.000	188.046	-314.127	2244.794	165.483	-711.088	2274.914	206.264	-943.151	2572.187	0.000	0.000	0.000	-24.546	-318.407	2262.112	-24.546	-717.147	2262.112	-24.546	-1096.473	2262.112	0.000	0.000	0.000	
03285	2	0.000	0.000	0.000	52.940	345.493	1920.430	85.478	249.172	1980.885	71.939	-21.781	2163.279	62.584	-214.656	2200.319	82.156	182.697	2025.633	211.997	140.256	1975.149	258.612	-134.653	2006.861	246.208	-363.023	2089.403	243.728	-408.697	2105.911	0.000	0.000	0.000	82.156	182.697	2025.633	-43.029	185.264	2066.351	-136.352	-59.924	2165.984	-142.739	-302.701	2154.214	-145.349	-401.933	2149.403	0.000	0.000	0.000	167.777	-313.037	2225.120	153.466	-710.158	2256.752	220.390	-928.132	2558.710	0.000	0.000	0.000	-41.880	-311.863	2248.065	-41.880	-710.499	2248.065	-41.880	-1088.877	2248.065	0.000	0.000	0.000	
03286	2	0.000	0.000	0.000	36.643	344.194	1915.390	71.612	248.028	1974.261	57.677	-22.303	2158.722	46.306	-215.727	2193.507	68.199	181.825	2019.435	197.016	134.445	1965.928	239.684	-142.371	1981.139	261.496	-365.310	2075.807	265.858	-409.898	2094.740	0.000	0.000	0.000	68.199	181.825	2019.435	-57.578	181.134	2061.048	-144.536	-65.387	2162.756	-168.296	-307.404	2161.085	-178.009	-406.332	2160.401	0.000	0.000	0.000	150.678	-308.894	2221.213	141.186	-705.093	2263.621	230.981	-924.588	2557.511	0.000	0.000	0.000	-54.737	-311.026	2244.595	-54.737	-709.602	2244.595	-54.737	-1087.242	2244.595	0.000	0.000	0.000	
03287	2	0.000	0.000	0.000	-5.092	343.385	1906.597	14.911	242.286	1963.527	20.220	-28.512	2149.183	20.047	-221.440	2184.202	16.208	176.098	2008.904	152.727	143.764	1955.047	210.909	-126.521	1989.431	250.676	-352.056	2071.535	258.629	-397.163	2087.956	0.000	0.000	0.000	16.208	176.098	2008.904	-108.917	174.134	2057.302	-191.415	-72.659	2156.844	-204.067	-315.532	2163.246	-209.239	-414.818	2165.864	0.000	0.000	0.000	127.185	-310.797	2209.571	129.571	-712.968	2268.929	178.559	-997.050	2511.330	0.000	0.000	0.000	-79.768	-312.127	2232.795	-118.232	-713.088	2287.759	-135.201	-1054.700	2445.474	0.000	0.000	0.000	
03288	2	0.000	0.000	0.000	-19.158	342.201	1903.562	-6.998	239.904	1960.359	5.797	-31.828	2146.717	10.546	-223.974	2181.730	-3.882	173.746	2005.731	135.593	146.513	1950.247	200.985	-124.089	1982.240	246.364	-347.880	2066.356	255.439	-392.638	2083.179	0.000	0.000	0.000	-3.882	173.746	2005.731	-128.528	170.466	2058.160	-222.549	-73.735	2158.416	-202.735	-315.454	2138.514	-194.635	-414.272	2130.378	0.000	0.000	0.000	118.489	-313.989	2203.888	116.263	-720.258	2252.868	116.263	-1096.583	2252.868	0.000	0.000	0.000	-90.388	-312.483	2226.756	-124.477	-715.859	2286.623	-139.630	-1054.169	2450.750	0.000	0.000	0.000	
03289	2	0.000	0.000	0.000	-47.617	338.795	1895.952	-34.293	237.743	1954.442	-21.374	-36.570	2143.105	-13.883	-228.112	2177.305	-31.178	171.606	1999.929	109.874	145.049	1939.227	173.515	-129.501	1971.086	217.217	-355.346	2050.883	225.958	-400.515	2066.842	0.000	0.000	0.000	-31.178	171.606	1999.929	-155.843	168.759	2054.814	-238.254	-82.310	2157.848	-205.695	-320.683	2120.411	-192.384	-418.138	2105.105	0.000	0.000	0.000	96.248	-314.156	2198.338	98.761	-722.161	2262.309	98.761	-1098.107	2262.309	0.000	0.000	0.000	-110.729	-320.005	2225.957	-130.309	-727.207	2292.066	-137.222	-1061.422	2464.077	0.000	0.000	0.000	
03290	2	0.000	0.000	0.000	-66.660	337.446	1891.213	-46.747	237.567	1949.787	-39.324	-34.242	2143.674	-31.451	-227.507	2173.285	-44.961	172.164	1996.441	92.443	138.974	1936.388	159.904	-130.893	1971.085	189.081	-366.282	2026.421	194.916	-413.360	2037.489	0.000	0.000	0.000	-44.961	172.164	1996.441	-181.828	194.206	2045.426	-249.775	-57.741	2147.843	-211.973	-296.966	2122.081	-196.519	-394.770	2111.549	0.000	0.000	0.000	78.074	-312.238	2190.816	91.858	-724.837	2239.425	91.858	-1100.693	2239.425	0.000	0.000	0.000	-124.704	-318.459	2225.792	-135.086	-727.741	2297.694	-127.509	-1068.102	2456.958	0.000	0.000	0.000	
03291	2	0.000	0.000	0.000	-100.889	334.409	1878.189	-70.686	237.512	1937.346	-71.681	-27.268	2134.528	-64.995	-224.251	2155.294	-70.928	173.014	1985.377	66.073	140.351	1912.221	117.636	-125.864	1961.751	142.775	-366.945	1987.355	147.803	-415.161	1992.476	0.000	0.000	0.000	-70.928	173.014	1985.377	-202.221	179.534	2027.408	-285.684	-57.852	2139.944	-275.881	-301.001	2126.160	-271.873	-400.411	2120.525	0.000	0.000	0.000	40.894	-304.373	2162.017	53.118	-711.419	2208.285	53.118	-1087.245	2208.285	0.000	0.000	0.000	-156.155	-304.897	2208.260	-148.908	-702.646	2306.848	-156.035	-1044.364	2463.128	0.000	0.000	0.000	
03292	2	0.000	0.000	0.000	-128.279	334.498	1864.397	-96.411	237.612	1922.772	-100.896	-22.566	2114.710	-95.428	-219.584	2136.980	-97.527	172.849	1970.549	38.947	140.145	1903.879	89.976	-124.923	1943.024	101.764	-363.331	1993.335	104.121	-411.013	2003.398	0.000	0.000	0.000	-97.527	172.849	1970.549	-228.776	194.728	2016.680	-311.371	-42.608	2122.732	-302.477	-286.384	2124.502	-298.840	-386.052	2125.226	0.000	0.000	0.000	15.697	-283.559	2141.547	16.255	-685.380	2220.323	16.255	-1061.333	2220.323	0.000	0.000	0.000	-182.486	-299.602	2191.634	-163.014	-687.132	2322.429	-175.982	-1034.619	2465.346	0.000	0.000	0.000	
03293	2	0.000	0.000	0.000	-149.098	337.432	1856.124	-122.738	237.634	1912.460	-129.982	-15.201	2107.909	-125.572	-210.707	2131.148	-124.563	173.908	1961.722	13.707	142.340	1898.939	60.132	-121.684	1938.841	67.833	-371.943	1938.546	69.374	-421.995	1938.487	0.000	0.000	0.000	-124.563	173.908	1961.722	-249.622	189.467	2009.728	-334.490	-49.329	2105.802	-341.614	-298.894	2124.653	-344.454	-398.407	2132.169	0.000	0.000	0.000	-10.748	-267.665	2141.476	15.194	-682.970	2168.569	15.194	-1059.171	2168.569	0.000	0.000	0.000	-221.413	-282.078	2184.958	-165.147	-685.086	2276.086	-179.394	-1020.148	2446.549	0.000	0.000	0.000	
03294	2	0.000	0.000	0.000	-160.092	337.560	1852.910	-134.311	237.640	1909.403	-142.740	-14.199	2105.844	-138.365	-207.920	2130.103	-136.438	174.100	1958.965	1.805	142.293	1897.097	41.093	-122.842	1933.301	37.241	-375.063	1935.230	36.470	-425.507	1935.616	0.000	0.000	0.000	-136.438	174.100	1958.965	-255.561	170.566	2001.976	-344.750	-65.734	2098.715	-358.024	-315.457	2131.828	-363.280	-414.344	2144.941	0.000	0.000	0.000	-28.415	-281.106	2140.402	4.477	-694.778	2141.170	4.477	-1071.140	2141.170	0.000	0.000	0.000	-219.113	-297.936	2192.096	-168.192	-696.945	2294.107	-164.954	-1035.727	2458.011	0.000	0.000	0.000	
03295	2	0.000	0.000	0.000	-174.615	336.362	1844.639	-152.869	237.593	1906.390	-159.962	-20.074	2100.963	-156.688	-208.835	2128.131	-154.642	173.201	1955.014	-13.285	147.701	1885.549	51.044	-110.160	1931.816	10.340	-358.803	1889.997	2.199	-408.532	1881.634	0.000	0.000	0.000	-154.642	173.201	1955.014	-266.015	153.750	1996.762	-358.599	-80.097	2094.308	-377.558	-330.978	2138.217	-384.982	-429.220	2155.411	0.000	0.000	0.000	-46.311	-291.083	2139.949	3.005	-693.798	2220.867	3.005	-1070.545	2220.867	0.000	0.000	0.000	-240.480	-304.405	2191.702	-170.334	-698.573	2295.962	-159.641	-1038.482	2458.090	0.000	0.000	0.000	
