01226	2	0.000	0.000	0.000	44.130	373.913	2045.990	32.660	277.585	2076.656	20.231	61.269	2250.726	7.984	-87.518	2179.409	29.541	223.301	2120.338	164.298	210.613	2149.005	247.367	-2.438	2112.151	168.570	159.207	2001.007	136.356	225.292	1955.567	0.000	0.000	0.000	29.541	223.301	2120.338	-90.710	173.519	2108.254	-182.381	-38.658	2123.293	-56.417	88.214	2010.479	-5.209	139.791	1964.618	0.000	0.000	0.000	101.261	-47.914	2174.837	101.261	-393.930	2174.837	101.261	-719.424	2174.837	0.000	0.000	0.000	-78.679	-47.951	2178.895	-78.679	-393.968	2178.895	-78.679	-719.462	2178.895	0.000	0.000	0.000	
01227	2	0.000	0.000	0.000	56.408	376.158	2042.642	39.777	281.278	2075.909	24.869	74.864	2262.150	11.816	-65.041	2172.976	36.036	229.482	2122.643	177.876	209.328	2131.435	253.523	-9.754	2121.303	189.087	160.758	2013.541	162.743	230.470	1969.484	0.000	0.000	0.000	36.036	229.482	2122.643	-78.703	168.410	2099.463	-178.020	-39.014	2130.020	-39.873	72.678	2014.784	16.352	118.136	1967.884	0.000	0.000	0.000	106.073	-39.795	2180.205	106.073	-386.390	2180.205	106.073	-712.425	2180.205	0.000	0.000	0.000	-75.693	-31.428	2181.322	-75.693	-378.023	2181.322	-75.693	-704.058	2181.322	0.000	0.000	0.000	
01228	2	0.000	0.000	0.000	65.669	378.730	2039.046	48.375	284.897	2075.199	32.410	86.554	2270.427	19.761	-50.934	2176.169	44.369	235.128	2124.186	191.311	209.628	2113.970	272.369	-7.574	2128.117	196.973	173.194	2046.969	166.148	247.099	2013.791	0.000	0.000	0.000	44.369	235.128	2124.186	-69.140	169.392	2096.376	-164.889	-37.819	2139.303	-48.157	92.314	2019.363	-0.604	145.326	1970.503	0.000	0.000	0.000	110.464	-38.452	2178.761	110.464	-385.466	2178.761	110.464	-711.893	2178.761	0.000	0.000	0.000	-67.761	-27.826	2184.849	-67.761	-374.841	2184.849	-67.761	-701.268	2184.849	0.000	0.000	0.000	
01229	2	0.000	0.000	0.000	77.174	380.480	2036.379	64.450	286.708	2074.880	68.003	90.945	2273.832	54.481	-47.982	2180.012	65.342	237.590	2124.798	201.134	218.452	2148.088	289.393	4.939	2121.618	191.106	126.778	1978.248	171.448	151.146	1949.573	0.000	0.000	0.000	65.342	237.590	2124.798	-54.164	169.443	2104.553	-139.535	-43.577	2142.129	-99.785	138.472	2040.452	-83.571	212.732	1998.977	0.000	0.000	0.000	146.310	-24.852	2177.182	146.310	-372.310	2177.182	146.310	-699.153	2177.182	0.000	0.000	0.000	-33.188	-17.409	2184.374	-33.188	-364.867	2184.374	-33.188	-691.710	2184.374	0.000	0.000	0.000	
01230	2	0.000	0.000	0.000	82.061	380.070	2035.276	72.520	286.328	2074.801	82.904	96.567	2279.330	65.967	-36.529	2177.402	75.125	238.717	2126.117	215.997	208.323	2116.888	287.256	-12.431	2133.742	168.716	123.044	2021.179	120.251	178.434	1975.157	0.000	0.000	0.000	75.125	238.717	2126.117	-49.932	171.850	2093.300	-136.199	-38.452	2142.544	-100.879	151.508	2054.548	-86.465	229.030	2018.637	0.000	0.000	0.000	159.074	-9.030	2173.142	159.074	-356.549	2173.142	159.074	-683.447	2173.142	0.000	0.000	0.000	-21.796	-13.049	2185.601	-21.796	-360.568	2185.601	-21.796	-687.466	2185.601	0.000	0.000	0.000	
01231	2	0.000	0.000	0.000	82.061	380.070	2035.276	72.520	286.328	2074.801	82.904	96.567	2279.330	65.967	-36.529	2177.402	75.125	238.717	2126.117	215.997	208.323	2116.888	287.256	-12.431	2133.742	168.716	123.044	2021.179	120.251	178.434	1975.157	0.000	0.000	0.000	75.125	238.717	2126.117	-49.932	171.850	2093.300	-136.199	-38.452	2142.544	-100.879	151.508	2054.548	-86.465	229.030	2018.637	0.000	0.000	0.000	159.074	-9.030	2173.142	159.074	-356.549	2173.142	159.074	-683.447	2173.142	0.000	0.000	0.000	-21.796	-13.049	2185.601	-21.796	-360.568	2185.601	-21.796	-687.466	2185.601	0.000	0.000	0.000	
01232	2	0.000	0.000	0.000	114.119	376.190	2035.115	98.074	283.360	2074.476	106.070	90.223	2275.633	101.549	-39.100	2167.074	100.080	234.904	2124.945	248.200	208.477	2110.570	353.689	5.854	2153.203	245.865	177.561	2090.812	201.780	247.764	2065.302	0.000	0.000	0.000	100.080	234.904	2124.945	-21.318	161.005	2089.396	-98.671	-49.237	2151.175	-16.844	65.619	1992.701	16.580	112.535	1927.969	0.000	0.000	0.000	192.963	-20.081	2175.724	192.963	-367.320	2175.724	192.963	-693.952	2175.724	0.000	0.000	0.000	9.905	-5.496	2181.208	9.905	-352.735	2181.208	9.905	-679.368	2181.208	0.000	0.000	0.000	
01233	2	0.000	0.000	0.000	125.626	371.072	2034.351	107.901	278.893	2074.357	104.925	78.000	2267.675	99.305	-58.125	2167.808	107.154	228.491	2122.858	257.780	198.087	2093.563	344.915	-8.364	2154.571	219.023	131.210	2056.498	167.551	188.276	2016.399	0.000	0.000	0.000	107.154	228.491	2122.858	-15.733	161.227	2089.570	-89.158	-50.977	2148.855	5.307	68.859	2001.669	43.900	117.818	1941.536	0.000	0.000	0.000	192.224	-24.214	2172.060	192.224	-371.246	2172.060	192.224	-697.684	2172.060	0.000	0.000	0.000	7.548	-25.125	2182.374	7.548	-372.157	2182.374	7.548	-698.594	2182.374	0.000	0.000	0.000	
01234	2	0.000	0.000	0.000	141.562	366.088	2028.911	124.410	276.387	2074.069	115.722	71.501	2262.348	109.042	-63.731	2161.497	122.230	224.984	2121.305	272.067	200.818	2113.035	347.959	-17.338	2133.485	241.934	2.153	1951.306	198.585	10.121	1876.821	0.000	0.000	0.000	122.230	224.984	2121.305	-3.532	169.567	2109.456	-86.282	-45.862	2132.086	30.890	66.574	1996.296	78.774	112.523	1940.804	0.000	0.000	0.000	203.965	-22.991	2182.500	203.965	-369.492	2182.500	203.965	-695.429	2182.500	0.000	0.000	0.000	20.275	-35.371	2179.362	20.275	-381.872	2179.362	20.275	-707.809	2179.362	0.000	0.000	0.000	
01235	2	0.000	0.000	0.000	149.256	364.466	2021.376	135.896	275.877	2069.694	139.005	70.872	2257.648	139.436	-65.799	2158.690	136.676	224.445	2116.849	283.401	205.705	2113.496	341.083	-18.215	2127.805	284.044	-32.403	1924.644	260.724	-38.204	1841.579	0.000	0.000	0.000	136.676	224.445	2116.849	13.108	171.804	2121.581	-67.351	-45.365	2115.579	45.164	104.401	2017.397	91.149	165.611	1977.271	0.000	0.000	0.000	231.824	-33.974	2180.908	231.824	-380.161	2180.908	231.824	-705.804	2180.908	0.000	0.000	0.000	48.998	-41.216	2176.112	48.998	-387.404	2176.112	48.998	-713.046	2176.112	0.000	0.000	0.000	
01236	2	0.000	0.000	0.000	156.301	362.296	2013.663	146.375	276.273	2066.979	163.107	75.399	2258.245	167.227	-47.435	2142.803	150.573	225.878	2114.964	287.748	212.418	2131.784	347.779	-10.355	2113.467	347.779	-221.641	2113.467	347.779	-308.027	2113.467	0.000	0.000	0.000	150.573	225.878	2114.964	14.426	175.934	2094.994	-67.343	-40.273	2106.626	13.760	134.995	2020.922	46.910	206.633	1985.893	0.000	0.000	0.000	255.154	-29.279	2179.416	255.154	-375.129	2179.416	255.154	-700.453	2179.416	0.000	0.000	0.000	75.227	-22.010	2171.036	75.227	-367.859	2171.036	75.227	-693.184	2171.036	0.000	0.000	0.000	
01237	2	0.000	0.000	0.000	163.716	355.882	2007.998	161.201	272.323	2065.519	181.128	100.275	2282.055	177.839	-7.494	2152.792	166.200	229.160	2119.844	302.948	207.671	2126.464	377.073	-10.929	2118.851	377.073	-221.765	2118.851	377.073	-307.968	2118.851	0.000	0.000	0.000	166.200	229.160	2119.844	26.859	177.096	2095.020	-54.165	-38.585	2111.006	-54.165	-249.421	2111.006	-54.165	-335.607	2111.006	0.000	0.000	0.000	271.964	6.755	2174.071	271.964	-338.359	2174.071	271.964	-662.990	2174.071	0.000	0.000	0.000	85.131	9.919	2173.752	85.131	-335.194	2173.752	85.131	-659.826	2173.752	0.000	0.000	0.000	
01238	2	0.000	0.000	0.000	164.502	360.124	2007.221	162.565	277.631	2066.083	182.388	117.065	2290.888	174.673	15.404	2161.343	167.538	237.348	2122.482	302.438	202.363	2116.688	375.564	-16.393	2120.628	375.564	-226.990	2120.628	375.564	-313.095	2120.628	0.000	0.000	0.000	167.538	237.348	2122.482	33.079	172.871	2073.114	-54.466	-36.909	2112.429	-54.466	-247.506	2112.429	-54.466	-333.597	2112.429	0.000	0.000	0.000	268.983	17.890	2177.001	268.983	-326.833	2177.001	268.983	-651.097	2177.001	0.000	0.000	0.000	86.930	23.183	2156.522	86.930	-321.539	2156.522	86.930	-645.803	2156.522	0.000	0.000	0.000	
01239	2	0.000	0.000	0.000	166.622	346.894	2002.503	166.545	266.524	2063.868	181.339	91.085	2276.829	178.204	-8.951	2144.795	170.257	222.510	2117.296	306.052	186.578	2107.088	382.385	-30.245	2118.327	276.270	120.626	2017.734	232.884	182.311	1976.605	0.000	0.000	0.000	170.257	222.510	2117.296	34.175	165.739	2070.335	-65.906	-40.419	2091.503	-65.906	-250.518	2091.503	-65.906	-336.410	2091.503	0.000	0.000	0.000	271.434	16.543	2161.253	271.434	-327.363	2161.253	271.434	-650.860	2161.253	0.000	0.000	0.000	95.292	16.766	2139.112	95.292	-327.141	2139.112	95.292	-650.637	2139.112	0.000	0.000	0.000	
01240	2	0.000	0.000	0.000	167.477	345.033	1990.476	166.506	268.995	2056.938	183.897	93.150	2268.927	180.114	-6.861	2136.602	170.869	224.879	2110.122	306.590	183.237	2080.430	392.857	-25.811	2121.577	314.517	124.787	1998.222	282.487	186.361	1947.787	0.000	0.000	0.000	170.869	224.879	2110.122	37.482	165.076	2047.790	-54.474	-44.671	2067.436	24.179	122.482	1967.902	39.909	155.913	1947.996	0.000	0.000	0.000	275.602	19.878	2166.354	275.602	-323.609	2166.354	275.602	-646.710	2166.354	0.000	0.000	0.000	94.013	12.101	2139.313	94.013	-331.385	2139.313	94.013	-654.486	2139.313	0.000	0.000	0.000	
01241	2	0.000	0.000	0.000	167.477	345.033	1990.476	166.506	268.995	2056.938	183.897	93.150	2268.927	180.114	-6.861	2136.602	170.869	224.879	2110.122	306.590	183.237	2080.430	392.857	-25.811	2121.577	314.517	124.787	1998.222	282.487	186.361	1947.787	0.000	0.000	0.000	170.869	224.879	2110.122	37.482	165.076	2047.790	-54.474	-44.671	2067.436	24.179	122.482	1967.902	39.909	155.913	1947.996	0.000	0.000	0.000	275.602	19.878	2166.354	275.602	-323.609	2166.354	275.602	-646.710	2166.354	0.000	0.000	0.000	94.013	12.101	2139.313	94.013	-331.385	2139.313	94.013	-654.486	2139.313	0.000	0.000	0.000	
01242	2	0.000	0.000	0.000	177.880	344.771	1951.114	167.689	279.343	2026.866	190.946	97.761	2231.992	182.087	34.469	2078.649	173.524	233.788	2078.328	304.135	186.674	2034.999	382.892	-22.269	2085.772	308.055	118.215	1950.253	277.457	175.653	1894.845	0.000	0.000	0.000	173.524	233.788	2078.328	49.737	164.547	2040.295	-31.487	-48.711	2059.294	7.082	115.187	1935.393	14.796	147.967	1910.613	0.000	0.000	0.000	276.935	36.796	2113.539	357.820	-295.117	2133.165	287.878	-534.087	2337.147	0.000	0.000	0.000	94.143	36.940	2094.607	94.143	-305.250	2094.607	94.143	-627.131	2094.607	0.000	0.000	0.000	
01243	2	0.000	0.000	0.000	178.493	342.713	1943.935	167.749	275.921	2018.234	191.118	86.093	2215.247	181.965	32.477	2058.314	173.612	228.297	2067.661	300.702	178.902	2016.387	386.666	-19.914	2089.771	333.129	111.797	1936.882	311.240	165.648	1874.371	0.000	0.000	0.000	173.612	228.297	2067.661	51.941	160.874	2039.336	-38.444	-48.625	2054.929	14.908	91.984	1910.113	25.578	120.106	1881.150	0.000	0.000	0.000	277.013	36.950	2098.775	347.341	-285.082	2189.006	347.341	-606.548	2189.006	0.000	0.000	0.000	93.981	33.944	2082.509	67.492	-264.254	1917.679	67.492	-585.720	1917.679	0.000	0.000	0.000	
01244	2	0.000	0.000	0.000	176.336	336.698	1929.073	167.775	266.407	1999.998	159.382	52.838	2171.228	166.116	23.349	2008.095	165.669	212.827	2042.956	265.234	175.735	2093.631	386.106	12.923	1989.172	285.823	194.647	2005.941	244.821	268.947	2012.798	0.000	0.000	0.000	165.669	212.827	2042.956	49.423	154.763	1996.080	-33.654	-55.767	2024.447	8.078	123.690	1927.416	16.424	159.582	1908.009	0.000	0.000	0.000	256.778	28.155	2069.539	256.778	-312.701	2069.539	256.778	-633.327	2069.539	0.000	0.000	0.000	70.775	32.100	2058.273	70.775	-308.756	2058.273	70.775	-629.383	2058.273	0.000	0.000	0.000	
01245	2	0.000	0.000	0.000	171.508	332.253	1918.946	164.661	259.061	1986.871	140.495	34.042	2140.449	158.706	17.840	1976.466	158.598	202.608	2025.401	198.640	239.013	2145.017	303.222	97.283	2000.562	256.454	299.796	1993.636	237.332	382.596	1990.804	0.000	0.000	0.000	158.598	202.608	2025.401	41.696	152.076	1986.214	-30.092	-63.668	2000.108	1.571	132.245	1937.959	7.904	171.428	1925.529	0.000	0.000	0.000	244.241	10.971	2038.259	244.241	-329.434	2038.259	244.241	-649.636	2038.259	0.000	0.000	0.000	58.318	11.541	2036.577	58.318	-328.863	2036.577	58.318	-649.066	2036.577	0.000	0.000	0.000	
01246	2	0.000	0.000	0.000	166.065	329.252	1907.600	163.108	252.866	1972.001	114.203	20.070	2106.235	153.188	9.151	1945.623	150.839	194.462	2005.678	152.350	281.408	2133.488	268.969	132.926	2006.575	453.481	39.619	1987.057	528.921	1.470	1979.077	0.000	0.000	0.000	150.839	194.462	2005.678	36.908	147.609	1973.719	-31.983	-68.298	1993.516	-7.925	130.179	1937.302	-3.114	169.874	1926.059	0.000	0.000	0.000	220.537	-8.247	2055.672	220.537	-348.198	2055.672	220.537	-667.974	2055.672	0.000	0.000	0.000	42.897	-10.649	2020.320	42.897	-350.600	2020.320	42.897	-670.376	2020.320	0.000	0.000	0.000	
01247	2	0.000	0.000	0.000	151.027	308.352	1878.135	156.398	231.128	1940.944	117.634	-14.700	2043.269	144.605	-64.048	1887.835	146.552	168.694	1966.932	266.768	293.690	1835.282	266.768	66.807	1835.282	266.768	-140.316	1835.282	266.768	-225.001	1835.282	0.000	0.000	0.000	146.552	168.694	1966.932	27.662	128.466	1928.796	-10.779	-81.078	2006.829	-17.492	108.782	1924.319	-18.835	146.754	1907.816	0.000	0.000	0.000	210.289	-81.123	1988.395	210.289	-420.160	1988.395	210.289	-739.076	1988.395	0.000	0.000	0.000	61.040	-95.754	1997.393	61.040	-434.791	1997.393	61.040	-753.706	1997.393	0.000	0.000	0.000	
01248	2	0.000	0.000	0.000	146.991	292.740	1866.585	154.682	215.164	1928.500	120.611	-23.373	2044.400	134.114	-96.879	1897.176	145.986	154.280	1958.082	280.933	224.670	1823.141	280.933	-1.904	1823.141	280.933	-208.746	1823.141	280.933	-293.316	1823.141	0.000	0.000	0.000	145.986	154.280	1958.082	19.100	122.391	1940.360	19.100	-104.184	1940.360	19.100	-311.025	1940.360	19.100	-395.470	1940.360	0.000	0.000	0.000	197.410	-107.022	2013.372	197.410	-445.598	2013.372	197.410	-764.080	2013.372	0.000	0.000	0.000	59.035	-118.327	1999.201	59.035	-456.903	1999.201	59.035	-775.385	1999.201	0.000	0.000	0.000	
01250	2	0.000	0.000	0.000	121.649	283.391	1831.433	131.470	190.664	1883.410	122.037	-79.247	1993.664	114.770	-249.526	1945.117	129.104	122.949	1911.070	268.971	117.777	1941.257	337.838	-115.225	1940.974	238.515	74.648	1883.692	197.905	152.280	1860.271	0.000	0.000	0.000	129.104	122.949	1911.070	5.251	97.797	1938.267	-21.125	-138.042	1886.139	51.858	68.324	1850.294	66.454	109.597	1843.125	0.000	0.000	0.000	177.823	-316.252	1977.326	177.823	-679.323	1977.326	177.823	-1020.847	1977.326	0.000	0.000	0.000	72.726	-324.839	1985.609	72.726	-687.910	1985.609	72.726	-1029.434	1985.609	0.000	0.000	0.000	
01251	2	0.000	0.000	0.000	106.301	261.433	1735.567	110.186	210.969	1820.788	44.728	-43.535	1886.378	125.125	-165.179	1810.144	93.764	147.120	1837.243	218.148	102.421	1851.344	330.973	-87.792	1804.327	236.483	72.617	1716.280	217.585	104.699	1698.671	0.000	0.000	0.000	93.764	147.120	1837.243	7.216	95.651	1799.084	-105.948	-100.074	1801.698	-105.948	-306.016	1801.698	-105.948	-390.217	1801.698	0.000	0.000	0.000	166.481	-90.909	1872.309	166.481	-428.012	1872.309	166.481	-745.108	1872.309	0.000	0.000	0.000	-14.235	-131.379	1866.941	-14.235	-468.482	1866.941	-14.235	-785.578	1866.941	0.000	0.000	0.000	
01252	2	0.000	0.000	0.000	116.361	242.810	1624.915	109.832	211.106	1710.802	142.404	-27.842	1779.702	169.193	-144.150	1684.159	118.004	151.159	1728.087	210.110	103.911	1709.796	305.051	-81.952	1698.193	380.829	-20.968	1534.162	411.811	3.966	1467.096	0.000	0.000	0.000	118.004	151.159	1728.087	18.594	230.498	1597.457	18.594	21.469	1597.457	18.594	-169.234	1597.457	18.594	-247.205	1597.457	0.000	0.000	0.000	244.010	-75.172	1755.901	244.010	-391.564	1755.901	244.010	-685.196	1755.901	0.000	0.000	0.000	63.683	-95.199	1753.423	344.071	-23.061	1625.822	344.071	-316.693	1625.822	0.000	0.000	0.000	
01253	2	0.000	0.000	0.000	151.883	243.506	1542.068	122.069	207.762	1619.163	137.913	-3.115	1739.541	147.994	-141.858	1685.396	126.089	154.259	1649.704	216.435	97.649	1636.537	216.435	-108.774	1636.537	216.435	-297.634	1636.537	216.435	-374.137	1636.537	0.000	0.000	0.000	126.089	154.259	1649.704	16.418	176.491	1523.288	16.418	-29.931	1523.288	16.418	-218.792	1523.288	16.418	-295.295	1523.288	0.000	0.000	0.000	232.466	-77.887	1689.216	232.466	-385.902	1689.216	232.466	-674.006	1689.216	0.000	0.000	0.000	60.601	-86.122	1672.000	-85.325	-351.238	1729.376	-85.325	-639.342	1729.376	0.000	0.000	0.000	
01254	2	0.000	0.000	0.000	151.883	243.506	1542.068	122.069	207.762	1619.163	137.913	-3.115	1739.541	147.994	-141.858	1685.396	126.089	154.259	1649.704	216.435	97.649	1636.537	216.435	-108.774	1636.537	216.435	-297.634	1636.537	216.435	-374.137	1636.537	0.000	0.000	0.000	126.089	154.259	1649.704	16.418	176.491	1523.288	16.418	-29.931	1523.288	16.418	-218.792	1523.288	16.418	-295.295	1523.288	0.000	0.000	0.000	232.466	-77.887	1689.216	232.466	-385.902	1689.216	232.466	-674.006	1689.216	0.000	0.000	0.000	60.601	-86.122	1672.000	-85.325	-351.238	1729.376	-85.325	-639.342	1729.376	0.000	0.000	0.000	
01255	2	0.000	0.000	0.000	158.670	244.995	1525.389	125.251	212.258	1602.042	150.698	2.127	1721.779	159.520	-128.870	1651.556	131.693	159.063	1632.353	214.430	97.214	1611.987	214.430	-108.335	1611.987	214.430	-296.315	1611.987	214.430	-372.601	1611.987	0.000	0.000	0.000	131.693	159.063	1632.353	24.848	216.355	1496.262	24.848	10.806	1496.262	24.848	-177.174	1496.262	24.848	-253.460	1496.262	0.000	0.000	0.000	243.158	-82.444	1677.399	243.158	-389.243	1677.399	243.158	-676.530	1677.399	0.000	0.000	0.000	67.929	-85.244	1676.359	-167.211	-278.624	1638.417	-167.211	-565.910	1638.417	0.000	0.000	0.000	
01256	2	0.000	0.000	0.000	166.558	247.658	1490.560	133.376	220.862	1569.143	178.872	8.563	1678.075	177.525	-129.599	1629.911	144.857	167.292	1596.630	216.626	104.367	1567.908	216.626	-99.874	1567.908	216.626	-286.541	1567.908	216.626	-362.495	1567.908	0.000	0.000	0.000	144.857	167.292	1596.630	36.629	226.731	1463.745	36.629	22.490	1463.745	36.629	-164.177	1463.745	36.629	-240.132	1463.745	0.000	0.000	0.000	263.899	-99.673	1651.310	263.899	-404.647	1651.310	263.899	-690.687	1651.310	0.000	0.000	0.000	89.397	-87.773	1654.623	-145.238	-281.691	1635.872	-145.238	-567.730	1635.872	0.000	0.000	0.000	
01257	2	0.000	0.000	0.000	166.558	247.658	1490.560	133.376	220.862	1569.143	178.872	8.563	1678.075	177.525	-129.599	1629.911	144.857	167.292	1596.630	216.626	104.367	1567.908	216.626	-99.874	1567.908	216.626	-286.541	1567.908	216.626	-362.495	1567.908	0.000	0.000	0.000	144.857	167.292	1596.630	36.629	226.731	1463.745	36.629	22.490	1463.745	36.629	-164.177	1463.745	36.629	-240.132	1463.745	0.000	0.000	0.000	263.899	-99.673	1651.310	263.899	-404.647	1651.310	263.899	-690.687	1651.310	0.000	0.000	0.000	89.397	-87.773	1654.623	-145.238	-281.691	1635.872	-145.238	-567.730	1635.872	0.000	0.000	0.000	
01258	2	0.000	0.000	0.000	171.873	246.505	1469.791	138.716	227.112	1550.362	184.978	9.968	1648.601	183.355	-133.704	1619.779	150.376	172.383	1575.123	216.461	106.761	1547.808	216.461	-96.986	1547.808	216.461	-283.158	1547.808	216.461	-358.985	1547.808	0.000	0.000	0.000	150.376	172.383	1575.123	44.211	203.435	1445.275	44.211	-0.312	1445.275	44.211	-186.485	1445.275	44.211	-262.311	1445.275	0.000	0.000	0.000	273.606	-89.948	1627.999	273.606	-394.229	1627.999	273.606	-679.783	1627.999	0.000	0.000	0.000	95.668	-89.556	1614.602	-121.223	-301.401	1640.437	-121.223	-586.955	1640.437	0.000	0.000	0.000	
01260	2	0.000	0.000	0.000	151.532	148.196	1459.198	165.105	43.421	1487.822	226.368	-198.770	1652.308	236.521	-370.913	1709.583	180.475	-17.340	1529.088	278.818	-25.621	1540.424	278.818	-274.745	1540.424	278.818	-502.173	1540.424	278.818	-595.160	1540.424	0.000	0.000	0.000	180.475	-17.340	1529.088	69.768	-29.452	1565.697	-9.878	-263.280	1598.008	-9.878	-490.708	1598.008	-9.878	-583.695	1598.008	0.000	0.000	0.000	310.727	-646.335	1811.989	310.727	-1018.609	1811.989	310.727	-1368.788	1811.989	0.000	0.000	0.000	174.081	-636.628	1809.692	174.081	-1008.902	1809.692	174.081	-1359.081	1809.692	0.000	0.000	0.000	
01261	2	0.000	0.000	0.000	158.910	148.603	1442.720	161.533	46.242	1480.802	213.590	-193.796	1650.479	240.291	-364.839	1704.515	174.593	-13.978	1523.370	281.311	-24.507	1535.696	281.311	-273.148	1535.696	281.311	-500.135	1535.696	281.311	-592.941	1535.696	0.000	0.000	0.000	174.593	-13.978	1523.370	63.676	-4.894	1581.672	72.379	-234.297	1486.167	72.379	-461.283	1486.167	72.379	-554.089	1486.167	0.000	0.000	0.000	314.358	-596.543	1765.487	314.358	-968.094	1765.487	314.358	-1317.594	1765.487	0.000	0.000	0.000	206.420	-595.013	1762.568	206.420	-966.565	1762.568	206.420	-1316.064	1762.568	0.000	0.000	0.000	
01262	2	0.000	0.000	0.000	160.293	146.694	1433.552	160.943	46.942	1477.050	205.052	-206.378	1626.438	232.537	-375.171	1684.654	172.009	-16.611	1514.528	288.680	-28.602	1510.090	288.680	-276.285	1510.090	288.680	-502.397	1510.090	288.680	-594.846	1510.090	0.000	0.000	0.000	172.009	-16.611	1514.528	60.569	-9.201	1576.490	132.605	-225.959	1480.712	132.605	-452.071	1480.712	132.605	-544.520	1480.712	0.000	0.000	0.000	326.365	-639.929	1752.744	326.365	-1010.049	1752.744	326.365	-1358.202	1752.744	0.000	0.000	0.000	191.610	-634.048	1764.932	191.610	-1004.168	1764.932	191.610	-1352.322	1764.932	0.000	0.000	0.000	
01263	2	0.000	0.000	0.000	160.989	145.754	1427.907	160.666	47.685	1473.305	203.387	-206.728	1617.021	227.368	-375.717	1672.247	171.384	-16.142	1509.360	290.758	-32.929	1489.808	290.758	-278.886	1489.808	290.758	-503.423	1489.808	290.758	-595.228	1489.808	0.000	0.000	0.000	171.384	-16.142	1509.360	56.168	-12.876	1568.737	158.376	-222.658	1491.021	158.376	-447.194	1491.021	158.376	-538.999	1491.021	0.000	0.000	0.000	344.919	-645.184	1753.135	344.919	-1012.724	1753.135	344.919	-1358.452	1753.135	0.000	0.000	0.000	179.637	-654.440	1766.834	179.637	-1021.981	1766.834	179.637	-1367.708	1766.834	0.000	0.000	0.000	
01264	2	0.000	0.000	0.000	144.965	108.653	1411.099	144.308	19.688	1432.978	183.788	-180.546	1577.977	183.201	-323.265	1630.527	154.212	-30.546	1469.355	243.102	-37.685	1488.093	243.102	-246.203	1488.093	243.102	-436.561	1488.093	243.102	-514.392	1488.093	0.000	0.000	0.000	154.212	-30.546	1469.355	71.379	-47.191	1512.339	-56.674	-211.223	1525.603	-18.843	-395.893	1552.098	-3.376	-471.398	1562.931	0.000	0.000	0.000	270.407	-602.419	1730.193	339.927	-414.334	1491.693	265.054	-665.223	1623.440	0.000	0.000	0.000	109.273	-625.326	1748.535	109.273	-936.920	1748.535	109.273	-1230.022	1748.535	0.000	0.000	0.000	
01265	2	0.000	0.000	0.000	167.491	105.252	1404.582	148.369	22.099	1437.958	143.475	-161.178	1608.439	137.797	-305.894	1654.874	147.141	-23.881	1480.728	264.223	-31.775	1461.019	264.223	-240.295	1461.019	264.223	-430.655	1461.019	264.223	-508.486	1461.019	0.000	0.000	0.000	147.141	-23.881	1480.728	47.565	-49.541	1477.490	-47.369	-228.030	1528.577	-74.853	-410.753	1574.335	-86.091	-485.461	1593.043	0.000	0.000	0.000	200.395	-513.079	1705.079	401.726	-373.650	1512.419	401.726	-666.754	1512.419	0.000	0.000	0.000	58.296	-505.245	1688.786	58.296	-816.842	1688.786	58.296	-1109.946	1688.786	0.000	0.000	0.000	
01268	2	0.000	0.000	0.000	132.679	117.833	1375.278	136.891	-2.599	1435.796	124.595	-301.196	1620.793	113.743	-505.783	1652.563	133.896	-75.338	1480.861	285.859	-96.739	1503.607	350.824	-356.206	1605.387	374.921	-613.956	1573.712	379.741	-665.506	1567.377	0.000	0.000	0.000	133.896	-75.338	1480.861	-16.597	-107.997	1467.174	-90.654	-372.203	1548.500	-110.954	-632.213	1549.780	-115.014	-684.214	1550.036	0.000	0.000	0.000	218.119	-592.089	1694.521	218.119	-1016.850	1694.521	218.119	-1416.401	1694.521	0.000	0.000	0.000	-2.326	-581.670	1681.232	-2.326	-1006.431	1681.232	-2.326	-1405.982	1681.232	0.000	0.000	0.000	
01269	2	0.000	0.000	0.000	122.681	92.984	1369.974	126.966	-18.212	1439.595	116.532	-317.880	1613.479	109.004	-523.487	1639.016	124.389	-92.234	1482.547	279.745	-104.671	1509.138	343.922	-364.192	1627.284	385.946	-620.196	1598.333	394.350	-671.397	1592.543	0.000	0.000	0.000	124.389	-92.234	1482.547	-31.766	-118.449	1459.827	-89.268	-392.533	1543.493	-122.349	-650.516	1521.295	-128.965	-702.112	1516.855	0.000	0.000	0.000	211.705	-594.098	1678.485	211.705	-1018.858	1678.485	211.705	-1418.409	1678.485	0.000	0.000	0.000	-5.100	-582.889	1659.347	-5.100	-1007.649	1659.347	-5.100	-1407.200	1659.347	0.000	0.000	0.000	
01270	2	0.000	0.000	0.000	107.392	82.068	1360.151	117.927	-24.932	1431.377	105.644	-322.695	1601.776	97.619	-528.494	1625.557	114.863	-99.197	1473.876	270.763	-113.262	1498.068	316.183	-376.488	1627.013	384.901	-628.426	1629.260	398.645	-678.814	1629.709	0.000	0.000	0.000	114.863	-99.197	1473.876	-42.663	-123.608	1440.471	-121.027	-408.450	1466.962	-123.184	-668.191	1493.985	-123.616	-720.139	1499.390	0.000	0.000	0.000	203.362	-593.673	1665.455	203.362	-1018.433	1665.455	203.362	-1417.984	1665.455	0.000	0.000	0.000	-18.275	-587.561	1634.059	-18.275	-1012.321	1634.059	-18.275	-1411.872	1634.059	0.000	0.000	0.000	
01271	2	0.000	0.000	0.000	100.042	78.591	1353.219	112.448	-27.263	1424.384	94.398	-325.101	1593.111	81.863	-531.167	1612.145	107.939	-101.656	1466.528	262.030	-116.874	1497.357	310.621	-380.727	1624.975	386.205	-630.251	1632.160	401.322	-680.156	1633.597	0.000	0.000	0.000	107.939	-101.656	1466.528	-50.079	-123.747	1426.882	-141.436	-406.436	1424.325	-122.602	-662.287	1471.356	-118.835	-713.458	1480.763	0.000	0.000	0.000	188.020	-591.928	1650.796	188.020	-1016.689	1650.796	188.020	-1416.240	1650.796	0.000	0.000	0.000	-33.183	-589.363	1616.984	-33.183	-1014.123	1616.984	-33.183	-1413.674	1616.984	0.000	0.000	0.000	
01272	2	0.000	0.000	0.000	94.806	76.269	1344.818	105.684	-29.807	1414.721	85.725	-327.858	1581.660	70.700	-533.983	1598.085	100.690	-104.380	1456.490	253.899	-118.920	1490.581	305.510	-380.453	1623.484	382.647	-632.190	1648.063	398.075	-682.538	1652.979	0.000	0.000	0.000	100.690	-104.380	1456.490	-52.738	-131.416	1399.178	-140.966	-415.384	1416.621	-122.154	-676.856	1451.332	-118.392	-729.150	1458.274	0.000	0.000	0.000	175.463	-593.684	1638.179	175.463	-1018.444	1638.179	175.463	-1417.995	1638.179	0.000	0.000	0.000	-45.378	-586.287	1606.075	-45.378	-1011.047	1606.075	-45.378	-1410.598	1606.075	0.000	0.000	0.000	
01273	2	0.000	0.000	0.000	86.733	80.835	1314.174	87.410	-31.615	1372.248	68.098	-326.401	1543.047	52.244	-531.603	1568.017	82.564	-105.578	1415.103	230.674	-112.519	1464.278	278.313	-369.332	1613.892	350.987	-620.709	1675.464	365.522	-670.984	1687.779	0.000	0.000	0.000	82.564	-105.578	1415.103	-68.846	-137.030	1375.600	-144.252	-428.251	1365.028	-128.197	-686.568	1437.674	-124.986	-738.231	1452.203	0.000	0.000	0.000	153.282	-597.108	1612.343	153.282	-1021.866	1612.343	153.282	-1421.416	1612.343	0.000	0.000	0.000	-63.788	-585.355	1579.779	-63.788	-1010.114	1579.779	-63.788	-1409.663	1579.779	0.000	0.000	0.000	
01274	2	0.000	0.000	0.000	79.626	84.611	1300.893	78.152	-31.855	1354.092	51.542	-323.501	1528.447	34.904	-528.407	1555.263	71.468	-105.119	1397.891	216.916	-120.669	1442.573	253.299	-365.750	1607.530	333.728	-613.624	1680.646	349.814	-663.198	1695.269	0.000	0.000	0.000	71.468	-105.119	1397.891	-72.735	-142.323	1355.572	-145.239	-430.609	1370.862	-133.788	-694.173	1431.350	-131.498	-746.886	1443.448	0.000	0.000	0.000	132.262	-596.130	1605.406	132.262	-1020.886	1605.406	132.262	-1420.434	1605.406	0.000	0.000	0.000	-81.642	-581.897	1563.622	-81.642	-1006.654	1563.622	-81.642	-1406.202	1563.622	0.000	0.000	0.000	
01275	2	0.000	0.000	0.000	68.808	85.155	1288.952	68.518	-32.085	1342.969	35.914	-322.646	1516.164	17.566	-527.613	1541.324	60.303	-105.290	1386.604	200.568	-115.662	1444.993	235.761	-359.540	1607.145	328.778	-606.036	1678.299	347.382	-655.335	1692.529	0.000	0.000	0.000	60.303	-105.290	1386.604	-81.140	-143.059	1353.858	-158.561	-427.386	1366.982	-131.427	-692.922	1423.811	-126.000	-746.030	1435.177	0.000	0.000	0.000	115.900	-587.582	1590.074	115.900	-1012.335	1590.074	115.900	-1411.880	1590.074	0.000	0.000	0.000	-97.847	-575.796	1548.151	-97.847	-1000.549	1548.151	-97.847	-1400.093	1548.151	0.000	0.000	0.000	
01276	2	0.000	0.000	0.000	48.343	83.010	1267.767	53.980	-32.594	1329.476	19.296	-320.877	1499.719	1.570	-521.952	1527.110	45.158	-105.920	1372.778	178.991	-115.402	1439.727	191.237	-347.077	1615.548	310.339	-583.664	1675.622	334.159	-630.982	1687.636	0.000	0.000	0.000	45.158	-105.920	1372.778	-88.003	-151.992	1314.475	-167.877	-431.884	1318.643	-132.920	-690.308	1394.553	-125.929	-741.993	1409.736	0.000	0.000	0.000	91.895	-587.497	1585.121	91.895	-1012.229	1585.121	91.895	-1411.754	1585.121	0.000	0.000	0.000	-104.217	-591.781	1541.909	-104.217	-1016.513	1541.909	-104.217	-1416.038	1541.909	0.000	0.000	0.000	
01277	2	0.000	0.000	0.000	42.864	82.921	1258.596	47.179	-33.050	1321.244	13.716	-318.235	1496.847	-2.375	-516.596	1522.142	38.668	-105.587	1365.909	164.602	-107.190	1443.199	175.657	-342.284	1612.136	283.261	-580.512	1676.306	304.782	-628.158	1689.140	0.000	0.000	0.000	38.668	-105.587	1365.909	-86.514	-158.803	1299.565	-171.681	-433.742	1266.606	-133.805	-679.078	1370.648	-126.230	-728.146	1391.457	0.000	0.000	0.000	89.315	-589.651	1573.515	89.315	-1014.363	1573.515	89.315	-1413.869	1573.515	0.000	0.000	0.000	-110.718	-585.819	1514.066	-110.718	-1010.531	1514.066	-110.718	-1410.037	1514.066	0.000	0.000	0.000	
01278	2	0.000	0.000	0.000	40.197	82.967	1252.283	40.839	-35.016	1311.929	1.862	-323.245	1491.030	-11.047	-523.270	1515.564	31.071	-107.251	1356.815	153.550	-110.746	1440.000	162.525	-340.529	1614.367	256.787	-581.972	1679.320	275.640	-630.261	1692.310	0.000	0.000	0.000	31.071	-107.251	1356.815	-91.533	-159.340	1268.778	-171.068	-435.340	1240.797	-128.262	-683.962	1328.852	-119.701	-733.686	1346.463	0.000	0.000	0.000	75.976	-598.898	1581.646	75.976	-1023.580	1581.646	75.976	-1423.058	1581.646	0.000	0.000	0.000	-111.782	-603.054	1478.663	-111.782	-1027.736	1478.663	-111.782	-1427.214	1478.663	0.000	0.000	0.000	
01279	2	0.000	0.000	0.000	37.482	79.540	1247.218	27.454	-45.803	1286.006	-26.066	-335.788	1455.822	-37.667	-534.998	1438.170	13.993	-118.738	1328.716	130.417	-103.833	1434.501	109.261	-38.848	1149.995	11.584	98.696	1353.526	-7.952	126.205	1394.232	0.000	0.000	0.000	13.993	-118.738	1328.716	-97.534	-160.575	1201.004	-124.323	-435.040	1298.809	-97.197	-697.177	1278.024	-91.771	-749.604	1273.867	0.000	0.000	0.000	15.438	-584.467	1530.846	15.438	-1009.056	1530.846	15.438	-1408.446	1530.846	0.000	0.000	0.000	-122.560	-534.911	1354.789	-122.560	-959.500	1354.789	-122.560	-1358.890	1354.789	0.000	0.000	0.000	
01280	2	0.000	0.000	0.000	37.746	79.295	1246.234	22.717	-47.591	1269.755	-59.252	-347.832	1407.624	-55.348	-534.735	1331.958	2.112	-123.067	1304.413	101.986	-96.380	1436.671	108.781	-15.944	1151.510	147.239	-201.050	1334.797	154.931	-238.071	1371.454	0.000	0.000	0.000	2.112	-123.067	1304.413	-114.413	-177.162	1239.232	-117.720	-445.664	1364.647	-95.030	-684.121	1255.283	-90.492	-731.813	1233.410	0.000	0.000	0.000	-19.040	-541.629	1450.343	-19.040	-966.149	1450.343	-19.040	-1365.474	1450.343	0.000	0.000	0.000	-155.502	-547.558	1357.246	-155.502	-972.078	1357.246	-155.502	-1371.404	1357.246	0.000	0.000	0.000	
01281	2	0.000	0.000	0.000	38.233	72.488	1249.076	19.071	-51.285	1253.659	-77.960	-363.643	1348.277	-32.378	-413.407	1156.216	-5.303	-129.750	1277.427	54.065	-89.934	1436.499	113.679	-11.919	1158.329	-65.125	179.552	1202.109	-100.886	217.846	1210.865	0.000	0.000	0.000	-5.303	-129.750	1277.427	-74.343	-199.988	1180.790	-74.343	-494.977	1180.790	-74.343	-760.587	1180.790	-74.343	-864.370	1180.790	0.000	0.000	0.000	38.387	-462.423	1279.760	38.387	-886.751	1279.760	38.387	-1285.896	1279.760	0.000	0.000	0.000	-62.136	-455.339	1344.423	-62.136	-879.667	1344.423	-62.136	-1278.812	1344.423	0.000	0.000	0.000	
01282	2	0.000	0.000	0.000	37.902	68.811	1254.714	19.368	-53.197	1254.359	-43.931	-370.043	1361.732	-2.345	-376.497	1161.895	3.471	-132.769	1281.325	74.548	-115.850	1422.436	116.119	-3.451	1150.054	-73.231	170.895	1209.902	-111.102	205.765	1221.872	0.000	0.000	0.000	3.471	-132.769	1281.325	-82.194	-202.371	1202.861	-82.194	-499.951	1202.861	-82.194	-764.208	1202.861	-82.194	-868.401	1202.861	0.000	0.000	0.000	100.327	-394.728	1246.215	100.327	-818.931	1246.215	100.327	-1217.959	1246.215	0.000	0.000	0.000	-48.148	-431.255	1350.947	-48.148	-855.459	1350.947	-48.148	-1254.486	1350.947	0.000	0.000	0.000	
01283	2	0.000	0.000	0.000	40.428	66.666	1263.621	22.706	-54.137	1262.139	9.663	-368.581	1391.945	37.050	-390.677	1190.277	19.431	-133.090	1294.731	64.775	-124.516	1430.296	116.475	-7.337	1164.837	116.475	-270.484	1164.837	116.475	-376.711	1164.837	0.000	0.000	0.000	19.431	-133.090	1294.731	-54.912	-222.993	1240.624	-54.912	-517.734	1240.624	-54.912	-780.881	1240.624	-54.912	-885.391	1240.624	0.000	0.000	0.000	92.713	-466.234	1342.008	92.713	-890.292	1342.008	92.713	-1289.182	1342.008	0.000	0.000	0.000	6.054	-486.979	1346.953	6.054	-911.036	1346.953	6.054	-1309.926	1346.953	0.000	0.000	0.000	
01284	2	0.000	0.000	0.000	52.328	69.081	1294.399	34.608	-51.658	1287.004	66.940	-371.332	1398.930	42.377	-499.211	1240.143	42.724	-131.900	1315.099	56.922	-124.447	1461.093	120.489	-10.231	1201.607	120.489	-271.685	1201.607	120.489	-377.711	1201.607	0.000	0.000	0.000	42.724	-131.900	1315.099	-72.342	-195.437	1223.818	-72.342	-485.987	1223.818	-72.342	-747.442	1223.818	-72.342	-852.368	1223.818	0.000	0.000	0.000	10.571	-455.918	1452.771	10.571	-879.611	1452.771	10.571	-1278.158	1452.771	0.000	0.000	0.000	-59.510	-419.084	1378.855	-59.510	-842.777	1378.855	-59.510	-1241.324	1378.855	0.000	0.000	0.000	
01285	2	0.000	0.000	0.000	56.096	73.827	1313.343	39.431	-48.153	1298.862	69.512	-372.249	1397.463	3.628	-520.842	1271.675	46.981	-129.496	1323.610	55.190	-114.406	1477.558	128.815	-7.335	1219.423	128.815	-268.129	1219.423	128.815	-374.059	1219.423	0.000	0.000	0.000	46.981	-129.496	1323.610	-74.629	-183.752	1226.937	91.017	-350.594	1394.997	91.017	-611.388	1394.997	91.017	-716.439	1394.997	0.000	0.000	0.000	111.590	-523.560	1377.866	111.590	-947.027	1377.866	111.590	-1345.361	1377.866	0.000	0.000	0.000	-63.763	-470.100	1366.935	-63.763	-893.567	1366.935	-63.763	-1291.901	1366.935	0.000	0.000	0.000	
